0.18300095200538635 0.17457625269889832 8.424701690673828
0.1787627786397934 0.1721089780330658 6.653797149658203
0.17127549648284912 0.16503125429153442 6.244241714477539
0.16590431332588196 0.1591987907886505 6.705524444580078
0.1565934270620346 0.14937430620193481 7.219117641448975
0.1546245515346527 0.14679595828056335 7.828590393066406
0.1487879604101181 0.14050504565238953 8.28290843963623
0.14690420031547546 0.13833755254745483 8.566646575927734
0.14049212634563446 0.13207882642745972 8.413297653198242
0.1423395276069641 0.13422232866287231 8.11719799041748
0.13854870200157166 0.12994296848773956 8.605729103088379
0.13546191155910492 0.12686777114868164 8.594134330749512
0.12492839992046356 0.11643160879611969 8.496787071228027
0.128138929605484 0.11949104070663452 8.647882461547852
0.12515386939048767 0.11656145751476288 8.592412948608398
0.12534888088703156 0.11681519448757172 8.533687591552734
0.1234007179737091 0.11453162878751755 8.869087219238281
0.12103606760501862 0.11187241971492767 9.163646697998047
0.11992599815130234 0.11054759472608566 9.378402709960938
0.11778657138347626 0.10867741703987122 9.109149932861328
0.11773697286844254 0.1084568202495575 9.280155181884766
0.11188463866710663 0.10208505392074585 9.799581527709961
0.10921095311641693 0.09944351762533188 9.767431259155273
0.1109500303864479 0.10090631246566772 10.04371452331543
0.11227075010538101 0.10222665220499039 10.044097900390625
0.11113881319761276 0.10044882446527481 10.689986228942871
0.10422153770923615 0.09370210766792297 10.519427299499512
0.10339502990245819 0.09273441135883331 10.66061782836914
0.10000170022249222 0.08901552855968475 10.986173629760742
0.0987890437245369 0.08777733147144318 11.011714935302734
0.09586437791585922 0.08480492979288101 11.059444427490234
0.09304821491241455 0.08258741348981857 10.460800170898438
0.09180032461881638 0.08116302639245987 10.637299537658691
0.09471799433231354 0.08435748517513275 10.360505104064941
0.09030401706695557 0.08029475808143616 10.009261131286621
0.09178168326616287 0.08147965371608734 10.302030563354492
0.08629414439201355 0.07641009986400604 9.884047508239746
0.08522378653287888 0.07541367411613464 9.810113906860352
0.08695897459983826 0.0771094560623169 9.84951400756836
0.08273638039827347 0.072996124625206 9.740254402160645
0.08692853897809982 0.07693158090114594 9.996959686279297
0.08273550122976303 0.07295075058937073 9.784748077392578
0.08240209519863129 0.07302585989236832 9.376232147216797
0.08355449140071869 0.07397077232599258 9.583719253540039
0.08389587700366974 0.07450167834758759 9.394194602966309
0.0790124461054802 0.06954428553581238 9.468162536621094
0.07874566316604614 0.06965187191963196 9.093789100646973
0.0828620195388794 0.0739818587899208 8.880163192749023
0.08069726079702377 0.07209126651287079 8.60599136352539
0.08037366718053818 0.07189394533634186 8.479722023010254
0.07621615380048752 0.0678056925535202 8.410463333129883
0.0749199315905571 0.06631030142307281 8.609630584716797
0.07569138705730438 0.06707505881786346 8.616329193115234
0.07673224806785583 0.06823901832103729 8.493232727050781
0.07503052800893784 0.0668344646692276 8.196060180664062
0.07585027813911438 0.06753924489021301 8.311031341552734
0.07207375764846802 0.06332728266716003 8.746475219726562
0.07285802066326141 0.06412915140390396 8.728872299194336
0.07563823461532593 0.06710390746593475 8.53432559967041
0.07173903286457062 0.06307952851057053 8.659507751464844
0.07114560902118683 0.06272783875465393 8.417767524719238
0.07254121452569962 0.06454519927501678 7.996012210845947
0.07126054167747498 0.06344284117221832 7.8177032470703125
0.07454536855220795 0.06682665646076202 7.718710899353027
0.0717945471405983 0.06382331252098083 7.9712347984313965
0.07176034897565842 0.0634859949350357 8.274354934692383
0.06761471182107925 0.059035029262304306 8.579679489135742
0.07058261334896088 0.06205406039953232 8.528552055358887
0.06797578930854797 0.059725310653448105 8.250476837158203
0.0732753723859787 0.06512411683797836 8.151254653930664
0.07057551294565201 0.062172695994377136 8.402814865112305
0.06747344136238098 0.05951801687479019 7.955423355102539
0.06602252274751663 0.057918086647987366 8.104437828063965
0.06640221178531647 0.05828612297773361 8.116087913513184
0.06630295515060425 0.05817181244492531 8.131139755249023
0.06466340273618698 0.05633682757616043 8.32657241821289
0.06555604934692383 0.057121314108371735 8.434738159179688
0.06628948450088501 0.05824684351682663 8.042638778686523
0.06597445905208588 0.05796661227941513 8.007847785949707
0.06749042868614197 0.059930797666311264 7.55963134765625
0.06875403970479965 0.06111444905400276 7.639590263366699
0.06577913463115692 0.058012522757053375 7.766613960266113
0.06573981046676636 0.05788275599479675 7.857056617736816
0.06469651311635971 0.056747790426015854 7.948720455169678
0.06419788300991058 0.055867455899715424 8.330428123474121
0.06503735482692719 0.05657404661178589 8.463308334350586
0.06315407156944275 0.05438896268606186 8.765105247497559
0.06555817276239395 0.05735945701599121 8.19871711730957
0.06849811971187592 0.06032666936516762 8.171451568603516
0.060117751359939575 0.052358388900756836 7.759361267089844
0.06406965106725693 0.05655862018465996 7.51103401184082
0.06518036872148514 0.05766861140727997 7.5117597579956055
0.06352739036083221 0.05631103366613388 7.216360092163086
0.06389161199331284 0.05610537528991699 7.786235809326172
0.0628223866224289 0.05454021692276001 8.282169342041016
0.06351964175701141 0.05496702715754509 8.5526123046875
0.06285743415355682 0.05410660058259964 8.750837326049805
0.061144355684518814 0.052556417882442474 8.587936401367188
0.06000529229640961 0.05178724601864815 8.218046188354492
0.05981310456991196 0.0522577241063118 7.555380821228027
0.061488181352615356 0.0543573722243309 7.130809783935547
0.0626559779047966 0.055116187781095505 7.539793014526367
0.060967814177274704 0.05315212905406952 7.815685272216797
0.06177465617656708 0.053877077996730804 7.897575855255127
0.06362590193748474 0.05509767681360245 8.528221130371094
0.05999875068664551 0.05127360671758652 8.725141525268555
0.06049578636884689 0.05186866223812103 8.62712287902832
0.06028241664171219 0.05210713669657707 8.175281524658203
0.060320302844047546 0.05263138189911842 7.688920974731445
0.06155046075582504 0.054161883890628815 7.388577461242676
0.058916427195072174 0.05194085091352463 6.975574016571045
0.055437587201595306 0.048307955265045166 7.129632949829102
0.0565301738679409 0.04941660165786743 7.11357307434082
0.05825669318437576 0.05110860615968704 7.148085594177246
0.058541540056467056 0.05094803869724274 7.593500137329102
0.05962776765227318 0.05155815929174423 8.069607734680176
0.05691641941666603 0.04887860268354416 8.03781509399414
0.058007512241601944 0.0500456877052784 7.961824893951416
0.057863131165504456 0.049707911908626556 8.155219078063965
0.05990422144532204 0.05173566937446594 8.168550491333008
0.061061881482601166 0.052879177033901215 8.18270492553711
0.05703543871641159 0.04934205859899521 7.693381309509277
0.057260770350694656 0.049670349806547165 7.590421676635742
0.05724700540304184 0.04963172599673271 7.615277290344238
0.057552091777324677 0.05006549507379532 7.486598014831543
0.05518815666437149 0.047295812517404556 7.892341613769531
0.05679955333471298 0.048645880073308945 8.15367317199707
0.0544450506567955 0.04674936830997467 7.695680618286133
0.058184631168842316 0.050158992409706116 8.025638580322266
0.05599066615104675 0.04780152440071106 8.189140319824219
0.05673988163471222 0.04918735474348068 7.552525043487549
0.058431245386600494 0.05088789761066437 7.5433454513549805
0.06017105653882027 0.05246402323246002 7.707034111022949
0.05704981088638306 0.04909391701221466 7.9558916091918945
0.05703022703528404 0.0490126833319664 8.01754379272461
0.05560114607214928 0.047330260276794434 8.270886421203613
0.058873500674963 0.050612226128578186 8.261274337768555
0.056714169681072235 0.04856308549642563 8.151084899902344
0.05839184671640396 0.05045095086097717 7.940897464752197
0.05865057185292244 0.050654519349336624 7.996052265167236
0.05383552238345146 0.045833200216293335 8.00232219696045
0.05709159001708031 0.048960283398628235 8.131305694580078
0.05574258416891098 0.04775289446115494 7.989687919616699
0.05736423283815384 0.04951360821723938 7.850625991821289
0.0603107325732708 0.052364837378263474 7.945894241333008
0.05643723905086517 0.04815065860748291 8.286580085754395
0.05412456765770912 0.045869335532188416 8.255231857299805
0.05731833353638649 0.04872956871986389 8.588763236999512
0.056853875517845154 0.04843175411224365 8.422120094299316
0.05614826828241348 0.04760773852467537 8.54053020477295
0.05569303035736084 0.04747951403260231 8.213518142700195
0.055312540382146835 0.0472969114780426 8.01562786102295
0.05688146874308586 0.04912734031677246 7.754128932952881
0.053015582263469696 0.0455319881439209 7.4835920333862305
0.05420560762286186 0.04659281671047211 7.612792015075684
0.0576852485537529 0.04973447695374489 7.950771808624268
0.054499391466379166 0.0464596189558506 8.039772033691406
0.05414866656064987 0.04579582065343857 8.35284423828125
0.05212293192744255 0.04400808736681938 8.114845275878906
0.05227748677134514 0.04413218051195145 8.145304679870605
0.05376060679554939 0.04604204744100571 7.718558311462402
0.052177794277668 0.04471176862716675 7.466026306152344
0.057011183351278305 0.04950796812772751 7.5032148361206055
0.054283369332551956 0.04651835188269615 7.765018463134766
0.05659400671720505 0.04866586998105049 7.92813777923584
0.05238382890820503 0.04411535710096359 8.268472671508789
0.05491888150572777 0.04713520407676697 7.78367805480957
0.05491925776004791 0.04710293561220169 7.816323280334473
0.05257048085331917 0.0448036789894104 7.766802787780762
0.053407248109579086 0.04585729539394379 7.549952983856201
0.05305973067879677 0.045788899064064026 7.270831108093262
0.05389925092458725 0.046591486781835556 7.307763576507568
0.05391773208975792 0.04621431231498718 7.703418254852295
0.053857285529375076 0.04566323757171631 8.194047927856445
0.05444394052028656 0.0455874502658844 8.856488227844238
0.052546799182891846 0.04377516359090805 8.771636962890625
0.05463029071688652 0.045776236802339554 8.854053497314453
0.05157419294118881 0.04315691441297531 8.417279243469238
0.052692487835884094 0.044586896896362305 8.105588912963867
0.05540291965007782 0.0476432740688324 7.759644508361816
0.05013018101453781 0.04228674992918968 7.843432426452637
0.05560261756181717 0.048092447221279144 7.510168552398682
0.053971048444509506 0.046374592930078506 7.596456527709961
0.05258629098534584 0.045038025826215744 7.548266410827637
0.05288997292518616 0.044705893844366074 8.184080123901367
0.05521436408162117 0.04680752009153366 8.406843185424805
0.052463412284851074 0.04417640343308449 8.287006378173828
0.051397621631622314 0.043243005871772766 8.154614448547363
0.053009580820798874 0.04486941546201706 8.140165328979492
0.056320592761039734 0.048444926738739014 7.875666618347168
0.0526140034198761 0.044408999383449554 8.20500373840332
0.053430020809173584 0.0453261062502861 8.103915214538574
0.05340928956866264 0.04519881308078766 8.21047592163086
0.05235773324966431 0.043839648365974426 8.518083572387695
0.05345946177840233 0.04525633156299591 8.203129768371582
0.0511990487575531 0.04274780675768852 8.451240539550781
0.055073123425245285 0.046934545040130615 8.138577461242676
0.05088918283581734 0.04301847517490387 7.8707075119018555
0.05104641988873482 0.0426931232213974 8.353297233581543
0.05356154963374138 0.044933538883924484 8.628011703491211
0.054701004177331924 0.04599728435277939 8.703720092773438
0.054618120193481445 0.04659784585237503 8.020273208618164
0.051401376724243164 0.0431661456823349 8.235231399536133
0.050343871116638184 0.04224349558353424 8.100377082824707
0.05240313336253166 0.04412423446774483 8.278898239135742
0.05069093406200409 0.042220406234264374 8.470525741577148
0.05192889645695686 0.04346739500761032 8.46150016784668
0.05086541175842285 0.042374782264232635 8.490629196166992
0.054404255002737045 0.04595840349793434 8.44585132598877
0.053138770163059235 0.04518233984708786 7.956429481506348
0.05452561378479004 0.04648929089307785 8.036324501037598
0.05023320019245148 0.042532309889793396 7.700891494750977
0.05089452862739563 0.04306160658597946 7.832921028137207
0.05368676781654358 0.04508596658706665 8.600798606872559
0.051919810473918915 0.04334702715277672 8.57278060913086
0.05111858248710632 0.0423898808658123 8.728702545166016
0.052062638103961945 0.04345973581075668 8.602901458740234
0.05225727707147598 0.044055450707674026 8.201827049255371
0.05169503763318062 0.04413679614663124 7.55824089050293
0.051679812371730804 0.04362908750772476 8.0507230758667
0.052840374410152435 0.0446954183280468 8.1449556350708
0.05229467153549194 0.043957874178886414 8.336796760559082
0.05114683508872986 0.042854055762290955 8.292779922485352
0.04907694458961487 0.040461182594299316 8.615761756896973
0.049906130880117416 0.04128694534301758 8.619185447692871
0.050027526915073395 0.04129652678966522 8.730998992919922
0.05193948373198509 0.04379432648420334 8.145157814025879
0.04841824620962143 0.040563784539699554 7.854462623596191
0.050907425582408905 0.04315920174121857 7.748221397399902
0.04917287454009056 0.04108414798974991 8.088726997375488
0.051315613090991974 0.043167416006326675 8.14819622039795
0.051436930894851685 0.04351778328418732 7.919148921966553
0.05144304782152176 0.04292348399758339 8.519561767578125
0.050846945494413376 0.04231845587491989 8.528488159179688
0.05086914449930191 0.04238007590174675 8.489068984985352
0.05001329630613327 0.04131965711712837 8.693636894226074
0.049290575087070465 0.040993914008140564 8.296661376953125
0.04890815541148186 0.040891095995903015 8.017060279846191
0.048757150769233704 0.04075929895043373 7.997849941253662
0.048850975930690765 0.041066400706768036 7.784575462341309
0.05056758224964142 0.042968206107616425 7.599376201629639
0.052921049296855927 0.04488154128193855 8.039505958557129
0.04857194423675537 0.04036106914281845 8.210874557495117
0.04950661212205887 0.04089713841676712 8.609474182128906
0.04846622794866562 0.04004913568496704 8.417092323303223
0.05332275107502937 0.04499237611889839 8.330374717712402
0.05101937800645828 0.042521294206380844 8.49808120727539
0.04947921261191368 0.04090087115764618 8.578341484069824
0.04845694452524185 0.04046513885259628 7.991806983947754
0.0516810305416584 0.04371900483965874 7.962026596069336
0.05076822638511658 0.04282260686159134 7.945617198944092
0.05026842653751373 0.041937559843063354 8.330865859985352
0.049340661615133286 0.04145697131752968 7.883689880371094
0.04840417206287384 0.040232375264167786 8.171794891357422
0.05089196935296059 0.042539216578006744 8.352753639221191
0.04926079139113426 0.0406794473528862 8.581343650817871
0.0511433370411396 0.042412325739860535 8.731010437011719
0.051360469311475754 0.04266538470983505 8.695085525512695
0.05001714080572128 0.04102823883295059 8.988900184631348
0.04638718068599701 0.037858493626117706 8.528688430786133
0.04755111038684845 0.03920287638902664 8.348234176635742
0.048904113471508026 0.041091546416282654 7.812567234039307
0.04859118163585663 0.04085942357778549 7.731756210327148
0.0490633025765419 0.041259899735450745 7.803400993347168
0.049540434032678604 0.041782885789871216 7.757546901702881
0.04890827834606171 0.04058366268873215 8.324617385864258
0.050496771931648254 0.0421023890376091 8.394384384155273
0.04770388454198837 0.039503976702690125 8.199905395507812
0.04979678615927696 0.041547708213329315 8.249078750610352
0.047178879380226135 0.03855125978589058 8.627620697021484
0.04662031680345535 0.03771314024925232 8.907174110412598
0.04880668967962265 0.03991507366299629 8.891616821289062
0.04732922464609146 0.038853682577610016 8.475542068481445
0.04903348907828331 0.04064495489001274 8.388532638549805
0.04825533181428909 0.040263690054416656 7.991641044616699
0.04981311783194542 0.04174865037202835 8.06446647644043
0.050207167863845825 0.042173031717538834 8.034134864807129
0.049647990614175797 0.04138953983783722 8.25844955444336
0.051283352077007294 0.04269181191921234 8.591541290283203
0.04828284680843353 0.03976105526089668 8.521793365478516
0.04832693561911583 0.03950447216629982 8.822463989257812
0.052085649222135544 0.04318294674158096 8.902702331542969
0.046765875071287155 0.03834226727485657 8.423608779907227
0.04860774427652359 0.04038620740175247 8.221536636352539
0.04807189851999283 0.039687708020210266 8.384188652038574
0.049079231917858124 0.04122696816921234 7.852264404296875
0.05023067072033882 0.042299509048461914 7.931161880493164
0.046633169054985046 0.03809934854507446 8.533818244934082
0.04886948689818382 0.040372416377067566 8.497071266174316
0.05103136599063873 0.04217119514942169 8.860172271728516
0.050144441425800323 0.04142305627465248 8.721384048461914
0.046834446489810944 0.03824060037732124 8.593847274780273
0.05116403475403786 0.04215526580810547 9.008769035339355
0.049818288534879684 0.0409429669380188 8.875320434570312
0.047497279942035675 0.03950611501932144 7.99116325378418
0.04653695970773697 0.03858444094657898 7.952520370483398
0.0496758408844471 0.041589051485061646 8.08678913116455
0.04584082216024399 0.03767884522676468 8.161977767944336
0.04850451648235321 0.04001542553305626 8.489092826843262
0.04735790193080902 0.039039112627506256 8.318787574768066
0.04807936027646065 0.039258621633052826 8.820737838745117
0.0490504689514637 0.04059921205043793 8.451257705688477
0.04868923872709274 0.0401184968650341 8.5707426071167
0.04775313660502434 0.03888745605945587 8.865679740905762
0.05083554610610008 0.04246342182159424 8.372123718261719
0.05102475360035896 0.0425603911280632 8.464363098144531
0.05094273015856743 0.04256525635719299 8.377473831176758
0.04918516054749489 0.04085038602352142 8.334774017333984
0.04637783765792847 0.037662848830223083 8.714990615844727
0.04757615551352501 0.038861386477947235 8.71476936340332
0.04744347557425499 0.038618333637714386 8.825141906738281
0.04721963778138161 0.038520894944667816 8.698741912841797
0.047989264130592346 0.0394648015499115 8.524463653564453
0.04881415516138077 0.040124863386154175 8.689291000366211
0.04694223031401634 0.038261689245700836 8.6805419921875
0.046348296105861664 0.037918705493211746 8.42959213256836
0.04868137836456299 0.03991574048995972 8.765639305114746
0.046113576740026474 0.037250056862831116 8.863519668579102
0.04822302609682083 0.039196357131004333 9.026668548583984
0.04923814907670021 0.040538519620895386 8.699628829956055
0.04392210394144058 0.035216398537158966 8.705702781677246
0.04750163480639458 0.03895947337150574 8.542160034179688
0.0479545034468174 0.039750441908836365 8.204061508178711
0.04663047939538956 0.03840024769306183 8.230229377746582
0.04626692086458206 0.03808017820119858 8.186742782592773
0.04855584353208542 0.04000460356473923 8.551241874694824
0.04685839265584946 0.03796372190117836 8.894669532775879
0.0480443611741066 0.039053596556186676 8.990762710571289
0.04779009521007538 0.03896312415599823 8.826969146728516
0.04828187823295593 0.03915669396519661 9.125182151794434
0.04723508656024933 0.038542456924915314 8.692626953125
0.04575901851058006 0.03720509260892868 8.553924560546875
0.04637271538376808 0.03820931911468506 8.163394927978516
0.046361297369003296 0.03825252130627632 8.108774185180664
0.04723211005330086 0.03892488032579422 8.307229042053223
0.04671631380915642 0.03892763331532478 7.7886786460876465
0.04815925657749176 0.039733320474624634 8.425934791564941
0.047529350966215134 0.03917115181684494 8.358200073242188
0.04860375076532364 0.04028049111366272 8.323260307312012
0.04731246829032898 0.039152033627033234 8.16043472290039
0.0467986986041069 0.03816830366849899 8.63039493560791
0.045558806508779526 0.037275463342666626 8.283343315124512
0.04714841768145561 0.039053775370121 8.094642639160156
0.048442620784044266 0.04037468507885933 8.067934036254883
0.04825631529092789 0.040021538734436035 8.234774589538574
0.0461430624127388 0.037859126925468445 8.283933639526367
0.04549185186624527 0.03690320625901222 8.588644027709961
0.04845292493700981 0.03975272923707962 8.7001953125
0.04608212411403656 0.03713209927082062 8.950026512145996
0.04697746783494949 0.03825286775827408 8.724599838256836
0.04780753701925278 0.039379626512527466 8.427907943725586
0.04799915477633476 0.039567843079566956 8.431312561035156
0.04448886215686798 0.036169350147247314 8.319510459899902
0.046990253031253815 0.038351647555828094 8.638607025146484
0.049568381160497665 0.04078938812017441 8.778992652893066
0.04281729459762573 0.03434799984097481 8.469295501708984
0.04541772976517677 0.03712262213230133 8.295105934143066
0.04742104187607765 0.03852212056517601 8.898920059204102
0.0444355234503746 0.03586975485086441 8.565767288208008
0.048963990062475204 0.039757296442985535 9.206693649291992
0.05050397664308548 0.04118870943784714 9.315264701843262
0.046941664069890976 0.037609439343214035 9.332223892211914
0.04719763249158859 0.03786042332649231 9.33720874786377
0.045524075627326965 0.0362943559885025 9.229719161987305
0.04674716666340828 0.03789731487631798 8.849852561950684
0.042280085384845734 0.03407213091850281 8.207956314086914
0.04525972157716751 0.036563269793987274 8.696453094482422
0.04629473388195038 0.03768578916788101 8.608942031860352
0.04607973247766495 0.03757289797067642 8.506834983825684
0.04662557691335678 0.03780744597315788 8.818132400512695
0.04582424834370613 0.03740769997239113 8.416548728942871
0.046783022582530975 0.03825143352150917 8.531587600708008
0.04480766877532005 0.036778829991817474 8.028838157653809
0.04516281932592392 0.03684689849615097 8.315919876098633
0.04628424346446991 0.03766805678606033 8.61618423461914
0.045698132365942 0.03691406920552254 8.784061431884766
0.046612150967121124 0.03757122531533241 9.040925979614258
0.0466255284845829 0.03777855634689331 8.846970558166504
0.047853484749794006 0.038885585963726044 8.967900276184082
0.04630643129348755 0.0377018079161644 8.60462474822998
0.04614259675145149 0.037398532032966614 8.744064331054688
0.0455179326236248 0.03662913665175438 8.888795852661133
0.045158449560403824 0.03653470426797867 8.62374496459961
0.0468258261680603 0.03781833499670029 9.007493019104004
0.04407206177711487 0.034968048334121704 9.104011535644531
0.046493541449308395 0.03784319758415222 8.650344848632812
0.04552625119686127 0.03679419308900833 8.732056617736816
0.045601122081279755 0.03725450113415718 8.346622467041016
0.043328870087862015 0.03493537753820419 8.393491744995117
0.047669053077697754 0.03911813348531723 8.550920486450195
0.04585565999150276 0.03762039169669151 8.23526668548584
0.046238649636507034 0.03800525516271591 8.233393669128418
0.04623430222272873 0.03811782971024513 8.116470336914062
0.04535307735204697 0.03679854795336723 8.554529190063477
0.046825725585222244 0.03812094032764435 8.704784393310547
0.04316249489784241 0.03480127453804016 8.36121940612793
0.045060981065034866 0.03693113103508949 8.129849433898926
0.04422835260629654 0.03539305180311203 8.835299491882324
0.04733771085739136 0.03890183940529823 8.435869216918945
0.04638765752315521 0.03759288042783737 8.794776916503906
0.046973541378974915 0.03793446347117424 9.03907585144043
0.045695409178733826 0.03646569326519966 9.229715347290039
0.0439627580344677 0.03486628830432892 9.09646987915039
0.04464203119277954 0.03547515720129013 9.166872024536133
0.04392661526799202 0.03538874536752701 8.537870407104492
0.044991739094257355 0.03624440357089043 8.747335433959961
0.045407216995954514 0.03655638545751572 8.850830078125
0.04633405804634094 0.037647828459739685 8.686227798461914
0.04441085085272789 0.03555941581726074 8.851433753967285
0.04641140624880791 0.037330351769924164 9.0810546875
0.0463503822684288 0.037733592092990875 8.616788864135742
0.04507850855588913 0.03618237376213074 8.896132469177246
0.04623204097151756 0.03770184516906738 8.530195236206055
0.04335404559969902 0.03523522615432739 8.118820190429688
0.04549022763967514 0.037360649555921555 8.129579544067383
0.04440542310476303 0.03625565767288208 8.149763107299805
0.04582199826836586 0.03773942217230797 8.082575798034668
0.04543250799179077 0.03708254545927048 8.349964141845703
0.044577665627002716 0.03599211573600769 8.585548400878906
0.047172121703624725 0.038410477340221405 8.761646270751953
0.044272713363170624 0.035512775182724 8.759936332702637
0.04765234515070915 0.03877732902765274 8.875015258789062
0.04556477814912796 0.037086691707372665 8.478087425231934
0.044955212622880936 0.036144889891147614 8.810322761535645
0.04398317262530327 0.035473763942718506 8.509408950805664
0.047426123172044754 0.03865896537899971 8.767156600952148
0.04771871864795685 0.039236098527908325 8.482619285583496
0.04325103014707565 0.03429648280143738 8.954547882080078
0.04467417672276497 0.035633135586977005 9.041041374206543
0.04786224663257599 0.03858534246683121 9.27690601348877
0.04598601162433624 0.037063561379909515 8.92245101928711
0.04514717683196068 0.036313045769929886 8.83413028717041
0.046071313321590424 0.03710084781050682 8.970465660095215
0.04501926153898239 0.03644845634698868 8.570804595947266
0.04462573304772377 0.036025986075401306 8.599746704101562
0.04453856498003006 0.03615276515483856 8.385798454284668
0.046850912272930145 0.03867080807685852 8.180103302001953
0.04533153399825096 0.03698939085006714 8.342144012451172
0.04415178671479225 0.03583821654319763 8.313570022583008
0.04599384963512421 0.03751402348279953 8.479826927185059
0.04595768451690674 0.037445567548274994 8.512114524841309
0.04448990151286125 0.03603222221136093 8.457679748535156
0.04620557278394699 0.03806284815073013 8.142724990844727
0.04328027740120888 0.03509888797998428 8.181387901306152
0.04495320841670036 0.03607707843184471 8.876129150390625
0.0451015941798687 0.03570961952209473 9.391975402832031
0.04478573054075241 0.035479359328746796 9.306368827819824
0.044832102954387665 0.03594627603888512 8.885826110839844
0.0456155464053154 0.037126507610082626 8.489036560058594
0.045661669224500656 0.036886729300022125 8.77493953704834
0.044052854180336 0.03549462556838989 8.558226585388184
0.04537677392363548 0.036460332572460175 8.9164400100708
0.047034844756126404 0.038017939776182175 9.01690673828125
0.04254854843020439 0.03356734663248062 8.981200218200684
0.045804254710674286 0.03719065338373184 8.613601684570312
0.04537402465939522 0.03670131042599678 8.672714233398438
0.04413989931344986 0.03572836518287659 8.411532402038574
0.04490073397755623 0.03634040802717209 8.560325622558594
0.04200899600982666 0.033642493188381195 8.366503715515137
0.04599878191947937 0.03722978010773659 8.769001960754395
0.04624692723155022 0.03733760863542557 8.909317016601562
0.044368594884872437 0.03566303104162216 8.705564498901367
0.04545043036341667 0.036929160356521606 8.521270751953125
0.04398636147379875 0.034947194159030914 9.039167404174805
0.04320725426077843 0.03454051911830902 8.66673469543457
0.043997157365083694 0.03489558771252632 9.101570129394531
0.04734819382429123 0.038423631340265274 8.924564361572266
0.04396500065922737 0.03473661094903946 9.228388786315918
0.04361817240715027 0.03478348255157471 8.83469009399414
0.041040219366550446 0.03245779126882553 8.582429885864258
0.044672463089227676 0.036199457943439484 8.473003387451172
0.043098125606775284 0.034760043025016785 8.338081359863281
0.04549308493733406 0.03662114590406418 8.871938705444336
0.04581175744533539 0.03710561990737915 8.706134796142578
0.04426082223653793 0.03598272427916527 8.278095245361328
0.0443972572684288 0.0361158512532711 8.281404495239258
0.043782684952020645 0.035227399319410324 8.55528450012207
0.04243271052837372 0.03376838564872742 8.664324760437012
0.04663733392953873 0.03805266320705414 8.58466911315918
0.04646317660808563 0.0375777930021286 8.885384559631348
0.04678153991699219 0.037745751440525055 9.035787582397461
0.044478993862867355 0.03537629172205925 9.102703094482422
0.04504083842039108 0.0353052020072937 9.735635757446289
0.044831231236457825 0.03529386222362518 9.53736686706543
0.04676814377307892 0.03760238736867905 9.165754318237305
0.044073961675167084 0.03542803227901459 8.645930290222168
0.042384155094623566 0.033600687980651855 8.783468246459961
0.04634851589798927 0.03690538555383682 9.44312858581543
0.046078551560640335 0.0369366891682148 9.141861915588379
0.04363074153661728 0.03520483896136284 8.425901412963867
0.044769369065761566 0.03555964305996895 9.209725379943848
0.04547761380672455 0.03653793781995773 8.939674377441406
0.04521387070417404 0.0363757386803627 8.838129997253418
0.04720522463321686 0.038140036165714264 9.065186500549316
0.04410483315587044 0.03542424365878105 8.680588722229004
0.043454185128211975 0.03481624275445938 8.637944221496582
0.04495350271463394 0.035584911704063416 9.368589401245117
0.04374685138463974 0.034711506217718124 9.035346984863281
0.044229600578546524 0.03499164432287216 9.237957000732422
0.04373537003993988 0.03423269838094711 9.50267219543457
0.04599960893392563 0.0370132215321064 8.986385345458984
0.04411942511796951 0.035260699689388275 8.858725547790527
0.04282284900546074 0.03367803990840912 9.14480972290039
0.04608607292175293 0.03717280551791191 8.91326904296875
0.04379500821232796 0.03446781262755394 9.32719612121582
0.040781550109386444 0.032273732125759125 8.50781536102295
0.04601524770259857 0.0368967205286026 9.11852741241455
0.04504198953509331 0.036278966814279556 8.763021469116211
0.043186064809560776 0.034624841064214706 8.561223030090332
0.045076362788677216 0.03657689318060875 8.499469757080078
0.04262133315205574 0.033893145620822906 8.728187561035156
0.0450165793299675 0.036052003502845764 8.964573860168457
0.04542997479438782 0.03664018213748932 8.789793014526367
0.04226347804069519 0.03325856477022171 9.004913330078125
0.040648944675922394 0.03192479908466339 8.724145889282227
0.045480504631996155 0.036451682448387146 9.028820037841797
0.0447983592748642 0.03599774092435837 8.800617218017578
0.0446581095457077 0.035902682691812515 8.755428314208984
0.04219001531600952 0.03329531103372574 8.894704818725586
0.042438432574272156 0.03345268964767456 8.985740661621094
0.04670579358935356 0.038015883415937424 8.689908981323242
0.04388134926557541 0.03517787158489227 8.70347785949707
0.045656364411115646 0.03657451272010803 9.081850051879883
0.042884357273578644 0.03404552489519119 8.83883285522461
0.04342036694288254 0.03432324156165123 9.097126007080078
0.04341258853673935 0.03434446454048157 9.068124771118164
0.04291616007685661 0.03389204293489456 9.024117469787598
0.04348862171173096 0.034951671957969666 8.536951065063477
0.0430135652422905 0.03414164483547211 8.87192153930664
0.04557652026414871 0.03704650700092316 8.530014038085938
0.04455497860908508 0.035825442522764206 8.729534149169922
0.045065730810165405 0.03584311902523041 9.222610473632812
0.04533877968788147 0.03618455305695534 9.154226303100586
0.04395490139722824 0.03500992804765701 8.944974899291992
0.04393161088228226 0.03503447771072388 8.897130966186523
0.04393291473388672 0.03474501147866249 9.187901496887207
0.04331794008612633 0.034050364047288895 9.267574310302734
0.0435861237347126 0.03482743352651596 8.758689880371094
0.04407058656215668 0.03481685742735863 9.253728866577148
0.04370913654565811 0.03477419912815094 8.9349365234375
0.04308279603719711 0.0340900793671608 8.992715835571289
0.044628698378801346 0.03576751798391342 8.861180305480957
0.044001661241054535 0.03589402139186859 8.107637405395508
0.044542230665683746 0.03585579991340637 8.686431884765625
0.042936913669109344 0.03456082195043564 8.376091003417969
0.044421106576919556 0.03589162975549698 8.529474258422852
0.04511566087603569 0.03627227246761322 8.843387603759766
0.04286053776741028 0.03402990102767944 8.83063793182373
0.044210728257894516 0.034929729998111725 9.280997276306152
0.04274672642350197 0.033569157123565674 9.177569389343262
0.043415479362010956 0.03424525633454323 9.170223236083984
0.04436657205224037 0.03509807586669922 9.2684965133667
0.04356009513139725 0.03469312936067581 8.866966247558594
0.045278921723365784 0.03601578623056412 9.26313591003418
0.04449654370546341 0.035678938031196594 8.817606925964355
0.04367612674832344 0.034255072474479675 9.421052932739258
0.04066302254796028 0.031797703355550766 8.865318298339844
0.04647552967071533 0.03745124489068985 9.024286270141602
0.04317571222782135 0.034023210406303406 9.15250015258789
0.04325208067893982 0.034017421305179596 9.234659194946289
0.04394746571779251 0.034808266907930374 9.139196395874023
0.043225597590208054 0.03409712016582489 9.128477096557617
0.04231269285082817 0.03342912718653679 8.883563995361328
0.043030302971601486 0.03382693976163864 9.203361511230469
0.0408330000936985 0.031831562519073486 9.00143814086914
0.04284733161330223 0.03418049216270447 8.666837692260742
0.04654870927333832 0.0373007170855999 9.247989654541016
0.03949375078082085 0.030415158718824387 9.078591346740723
0.042251601815223694 0.033060409128665924 9.191190719604492
0.04345633462071419 0.034758493304252625 8.69784164428711
0.04415629804134369 0.03499333932995796 9.162959098815918
0.04253024235367775 0.03377579152584076 8.754450798034668
0.04079592600464821 0.032014358788728714 8.781566619873047
0.043617695569992065 0.034848302602767944 8.769393920898438
0.04376089200377464 0.03538201376795769 8.378878593444824
0.04223834350705147 0.03322850912809372 9.009833335876465
0.04433803632855415 0.035445455461740494 8.89258098602295
0.04498174786567688 0.0362045094370842 8.777238845825195
0.04220462590456009 0.03316297382116318 9.04165267944336
0.04487622529268265 0.035941943526268005 8.934282302856445
0.04346608743071556 0.034976545721292496 8.489541053771973
0.04514423385262489 0.03621852770447731 8.925704956054688
0.045161172747612 0.03600863367319107 9.152538299560547
0.045081976801157 0.0362764336168766 8.8055419921875
0.042035989463329315 0.032681163400411606 9.354827880859375
0.04257829859852791 0.03330681100487709 9.271486282348633
0.04350101202726364 0.03396856039762497 9.532451629638672
0.044032249599695206 0.034754447638988495 9.277801513671875
0.04349691793322563 0.0344330295920372 9.063886642456055
0.04129377380013466 0.03226969391107559 9.024078369140625
0.04433383047580719 0.03563419729471207 8.69963264465332
0.04317483305931091 0.033691488206386566 9.483343124389648
0.0444379523396492 0.03566554933786392 8.772400856018066
0.04360029846429825 0.034790679812431335 8.809619903564453
0.042736299335956573 0.033886611461639404 8.849687576293945
0.04421032965183258 0.03511892259120941 9.091407775878906
0.04228115454316139 0.0331520177423954 9.129135131835938
0.04260639846324921 0.033256106078624725 9.350293159484863
0.043171096593141556 0.033848680555820465 9.32241439819336
0.0429752953350544 0.03351815044879913 9.457144737243652
0.043453916907310486 0.0345129668712616 8.940950393676758
0.04057709872722626 0.03162788972258568 8.949210166931152
0.04295187070965767 0.03405891731381416 8.892952919006348
0.042847227305173874 0.0343458354473114 8.501392364501953
0.04168429970741272 0.03306972235441208 8.614578247070312
0.04329390823841095 0.03430287539958954 8.991033554077148
0.04198719933629036 0.03312937170267105 8.857828140258789
0.0402192659676075 0.03144190460443497 8.777359962463379
0.042868681252002716 0.03323611617088318 9.632566452026367
0.04195288568735123 0.03299259394407272 8.96029281616211
0.04221431165933609 0.032779812812805176 9.434499740600586
0.04005171358585358 0.031059302389621735 8.992408752441406
0.0422079935669899 0.033171962946653366 9.036029815673828
0.04209040850400925 0.03266210854053497 9.428298950195312
0.04291762784123421 0.03387807309627533 9.03955364227295
0.044386524707078934 0.03552550822496414 8.861015319824219
0.04391215741634369 0.03498498350381851 8.927173614501953
0.04418594762682915 0.03507674112915993 9.10920524597168
0.04174494743347168 0.032670386135578156 9.074562072753906
0.04293125122785568 0.03417219966650009 8.759050369262695
0.04269694909453392 0.03337040916085243 9.326539993286133
0.04205583408474922 0.033090732991695404 8.96510124206543
0.04004601389169693 0.03127703070640564 8.768982887268066
0.042856063693761826 0.033805131912231445 9.050931930541992
0.043246299028396606 0.03439097851514816 8.855318069458008
0.046078186482191086 0.03718198835849762 8.896198272705078
0.0432383194565773 0.03411957621574402 9.118743896484375
0.040555328130722046 0.031535327434539795 9.019998550415039
0.0422828271985054 0.03316258639097214 9.120241165161133
0.04107555374503136 0.031880758702754974 9.194793701171875
0.042546000331640244 0.03349433094263077 9.05167007446289
0.04157659038901329 0.03269874304533005 8.877847671508789
0.04345250129699707 0.03466997295618057 8.782529830932617
0.04308148846030235 0.03420557454228401 8.875914573669434
0.04408314451575279 0.03505516052246094 9.027984619140625
0.04121464490890503 0.03245135769248009 8.763284683227539
0.043311990797519684 0.034335363656282425 8.976627349853516
0.04403933137655258 0.03530995547771454 8.729377746582031
0.04150601103901863 0.0324983075261116 9.007702827453613
0.039659932255744934 0.03028576821088791 9.374164581298828
0.04299202561378479 0.03388889878988266 9.103127479553223
0.0416126511991024 0.03203384950757027 9.578802108764648
0.040602944791316986 0.031377725303173065 9.22521686553955
0.041761912405490875 0.03246375173330307 9.298160552978516
0.04132816568017006 0.032044656574726105 9.283509254455566
0.042238179594278336 0.0332459956407547 8.99218463897705
0.04193785786628723 0.03277396410703659 9.16389274597168
0.04214128851890564 0.033340275287628174 8.801013946533203
0.04390767961740494 0.03525789827108383 8.64978313446045
0.04216698184609413 0.03312255069613457 9.044429779052734
0.04218205064535141 0.03336986154317856 8.812189102172852
0.0438201017677784 0.03459477052092552 9.225330352783203
0.04276358336210251 0.033533841371536255 9.229742050170898
0.04150612652301788 0.032441914081573486 9.064213752746582
0.043005965650081635 0.033871784806251526 9.13418197631836
0.039980448782444 0.03083370253443718 9.146743774414062
0.04327477514743805 0.033978335559368134 9.296441078186035
0.04123794287443161 0.0322173647582531 9.020578384399414
0.04425546154379845 0.03501157462596893 9.243886947631836
0.044230323284864426 0.034849390387535095 9.380931854248047
0.04204156622290611 0.03294304758310318 9.098518371582031
0.04341684281826019 0.03396356850862503 9.453272819519043
0.039520494639873505 0.030352599918842316 9.167893409729004
0.043021414428949356 0.03343762457370758 9.583789825439453
0.04093451797962189 0.031112071126699448 9.8224458694458
0.04105208441615105 0.03178274631500244 9.26933765411377
0.04066653177142143 0.03179805725812912 8.868473052978516
0.040060028433799744 0.031072020530700684 8.988006591796875
0.04119033366441727 0.03205452486872673 9.135807037353516
0.044495560228824615 0.03541726619005203 9.078295707702637
0.04171540215611458 0.032665569335222244 9.049833297729492
0.043008506298065186 0.03409333899617195 8.915166854858398
0.042364589869976044 0.03344334289431572 8.921247482299805
0.04290353134274483 0.03379449248313904 9.109037399291992
0.04326987266540527 0.034789882600307465 8.479988098144531
0.042145419865846634 0.03343619033694267 8.709228515625
0.04249363765120506 0.03364831954240799 8.845316886901855
0.04478558897972107 0.03557576611638069 9.209823608398438
0.041479747742414474 0.03231976926326752 9.159977912902832
0.042908575385808945 0.033572617918252945 9.335956573486328
0.04098782688379288 0.03145620971918106 9.5316162109375
0.04121557995676994 0.03207523375749588 9.140345573425293
0.0405597910284996 0.030903780832886696 9.656007766723633
0.04414183273911476 0.034627482295036316 9.514348983764648
0.040941666811704636 0.032124754041433334 8.816912651062012
0.043817561119794846 0.034445248544216156 9.372313499450684
0.043817371129989624 0.034579258412122726 9.238114356994629
0.04084623605012894 0.031111689284443855 9.73454475402832
0.04045392945408821 0.031130613759160042 9.323314666748047
0.042197927832603455 0.032734159380197525 9.463769912719727
0.04131406545639038 0.03203130513429642 9.282760620117188
0.04285624250769615 0.03364995867013931 9.206283569335938
0.04182005301117897 0.03227948769927025 9.540565490722656
0.04187425971031189 0.032813429832458496 9.060831069946289
0.04453818127512932 0.0347936674952507 9.744512557983398
0.04207164794206619 0.03269214183092117 9.379507064819336
0.043351080268621445 0.034110188484191895 9.24089241027832
0.04261452704668045 0.03327012062072754 9.34440803527832
0.04186074435710907 0.0325341671705246 9.326576232910156
0.04206302762031555 0.032753437757492065 9.309587478637695
0.04370569437742233 0.03416430205106735 9.541391372680664
0.041163500398397446 0.032336849719285965 8.826650619506836
0.040720101445913315 0.03141750022768974 9.302600860595703
0.043014876544475555 0.03385667875409126 9.158197402954102
0.0447089858353138 0.035235289484262466 9.473695755004883
0.04446050524711609 0.03483535349369049 9.625152587890625
0.04181473329663277 0.032745130360126495 9.069602966308594
0.04290379583835602 0.03322066366672516 9.683133125305176
0.0435570627450943 0.03431243449449539 9.244626998901367
0.042568743228912354 0.033290036022663116 9.278704643249512
0.041507840156555176 0.03228684887290001 9.220993041992188
0.04072919487953186 0.03137042373418808 9.358771324157715
0.04166007414460182 0.032635219395160675 9.02485466003418
0.04096756875514984 0.031753379851579666 9.214186668395996
0.04413871467113495 0.034976519644260406 9.162193298339844
0.04045680910348892 0.031204722821712494 9.252084732055664
0.03931121900677681 0.030215412378311157 9.095806121826172
0.04092860966920853 0.0314769372344017 9.451671600341797
0.044332124292850494 0.034778960049152374 9.553165435791016
0.03876340389251709 0.029545586556196213 9.217817306518555
0.04089696705341339 0.03153873607516289 9.358232498168945
0.040332693606615067 0.030705539509654045 9.627153396606445
0.041512373834848404 0.032012879848480225 9.499492645263672
0.04193957895040512 0.03217135742306709 9.768220901489258
0.04231126606464386 0.03280770033597946 9.50356388092041
0.04298335686326027 0.03368929401040077 9.294061660766602
0.041843779385089874 0.032858580350875854 8.985198974609375
0.0412474051117897 0.032234519720077515 9.012885093688965
0.040833890438079834 0.031976085156202316 8.857805252075195
0.043274424970149994 0.03412584960460663 9.148576736450195
0.04161689057946205 0.03211047872900963 9.506410598754883
0.04295775666832924 0.0337071567773819 9.250598907470703
0.040034275501966476 0.030307000502943993 9.727275848388672
0.03980842977762222 0.030321989208459854 9.486438751220703
0.03903568163514137 0.029931314289569855 9.10436725616455
0.04414888098835945 0.03451913967728615 9.629741668701172
0.042316146194934845 0.03296927362680435 9.346874237060547
0.042445942759513855 0.032972704619169235 9.47323989868164
0.040614064782857895 0.03135555237531662 9.25851058959961
0.04094910994172096 0.031418997794389725 9.530112266540527
0.0407865084707737 0.03149191290140152 9.294594764709473
0.04159718379378319 0.0322539284825325 9.343255996704102
0.04034791141748428 0.030950015410780907 9.397893905639648
0.045608799904584885 0.03540603071451187 10.20276927947998
0.044094983488321304 0.03446070849895477 9.634273529052734
0.04576287418603897 0.03596802428364754 9.79484748840332
0.04134044796228409 0.031592413783073425 9.748032569885254
0.03986921161413193 0.030310772359371185 9.55843734741211
0.04147512465715408 0.03228272870182991 9.192397117614746
0.04171097278594971 0.03203235939145088 9.678613662719727
0.03945232927799225 0.03013603389263153 9.31629467010498
0.042373936623334885 0.032823238521814346 9.55069637298584
0.040446966886520386 0.031121525913476944 9.325440406799316
0.040897272527217865 0.03140976279973984 9.487507820129395
0.04241320118308067 0.033292822539806366 9.120377540588379
0.04086759686470032 0.03177542984485626 9.092164993286133
0.04137946665287018 0.03224124014377594 9.138224601745605
0.04070502892136574 0.03166743367910385 9.037595748901367
0.039106715470552444 0.030035603791475296 9.071110725402832
0.041796475648880005 0.032823413610458374 8.973060607910156
0.042194731533527374 0.03284800797700882 9.346723556518555
0.04385644942522049 0.03459347039461136 9.262980461120605
0.04215090721845627 0.03263407573103905 9.516830444335938
0.04043586552143097 0.03141164034605026 9.024224281311035
0.03966910392045975 0.030598927289247513 9.070174217224121
0.04170650243759155 0.03228989243507385 9.416610717773438
0.04400443658232689 0.03412561118602753 9.878824234008789
0.042256735265254974 0.032294996082782745 9.961738586425781
0.04169107973575592 0.03251738101243973 9.173698425292969
0.04239647835493088 0.032528381794691086 9.868095397949219
0.04006156325340271 0.03035164251923561 9.709918022155762
0.04006342962384224 0.030489806085824966 9.573623657226562
0.038498710840940475 0.028880463913083076 9.618247032165527
0.0419774055480957 0.032177820801734924 9.799583435058594
0.040873002260923386 0.031697675585746765 9.17532730102539
0.040524981915950775 0.03125177323818207 9.273208618164062
0.042494624853134155 0.03291479870676994 9.579826354980469
0.04232973977923393 0.03276940435171127 9.560336112976074
0.040086742490530014 0.030919473618268967 9.167267799377441
0.04064466804265976 0.030810024589300156 9.834643363952637
0.04063817486166954 0.030663715675473213 9.974458694458008
0.04112350195646286 0.03148481249809265 9.638687133789062
0.04117061570286751 0.03208645060658455 9.084165573120117
0.041736260056495667 0.032266274094581604 9.469985008239746
0.041627563536167145 0.03177395462989807 9.853608131408691
0.041248712688684464 0.032004423439502716 9.244287490844727
0.039664365351200104 0.030369989573955536 9.294376373291016
0.042589347809553146 0.03339000046253204 9.199345588684082
0.04260764643549919 0.032882824540138245 9.724821090698242
0.03992109000682831 0.03092755749821663 8.993532180786133
0.041915953159332275 0.03284044563770294 9.075508117675781
0.04323970898985863 0.033292874693870544 9.946832656860352
0.04116032272577286 0.03125491738319397 9.905403137207031
0.04153721034526825 0.031840331852436066 9.696880340576172
0.03881923109292984 0.029718294739723206 9.100934982299805
0.04125463217496872 0.031288884580135345 9.96574592590332
0.03914056345820427 0.02969055064022541 9.45001220703125
0.04395107924938202 0.03436438366770744 9.58669662475586
0.04243992641568184 0.03263381868600845 9.806108474731445
0.039701513946056366 0.030810261145234108 8.891252517700195
0.0398394949734211 0.030488034710288048 9.351459503173828
0.04217744246125221 0.032509319484233856 9.668121337890625
0.04365574195981026 0.03455337882041931 9.102363586425781
0.04118229076266289 0.03185812383890152 9.324166297912598
0.042727746069431305 0.03354357182979584 9.184173583984375
0.03922441229224205 0.030246460810303688 8.977950096130371
0.041127126663923264 0.03162345290184021 9.50367259979248
0.041880570352077484 0.03247907757759094 9.401491165161133
0.039114102721214294 0.030042707920074463 9.071393966674805
0.04128019139170647 0.03156290203332901 9.71728801727295
0.039548441767692566 0.030153091996908188 9.39534854888916
0.04427746683359146 0.034896329045295715 9.38113784790039
0.04135090857744217 0.03177446126937866 9.576444625854492
0.041468627750873566 0.03183485195040703 9.633773803710938
0.037247370928525925 0.02762938290834427 9.617988586425781
0.041631847620010376 0.03158746659755707 10.044382095336914
0.040502727031707764 0.03084823116660118 9.65449333190918
0.03819013014435768 0.028863009065389633 9.32712173461914
0.04287490248680115 0.0332331582903862 9.641742706298828
0.04205184429883957 0.03264880180358887 9.403043746948242
0.03920425847172737 0.029873160645365715 9.331097602844238
0.040645673871040344 0.031142186373472214 9.503486633300781
0.04074734076857567 0.03133304417133331 9.414295196533203
0.040714554488658905 0.030915403738617897 9.799149513244629
0.04089943692088127 0.031172754243016243 9.726682662963867
0.038456786423921585 0.029089180752635002 9.367605209350586
0.03982767462730408 0.030052538961172104 9.775134086608887
0.03961250185966492 0.030619535595178604 8.992963790893555
0.04149268567562103 0.03231331333518028 9.179370880126953
0.04277746379375458 0.033227551728487015 9.549909591674805
0.04177575558423996 0.032750584185123444 9.025169372558594
0.03940337523818016 0.029712636023759842 9.690739631652832
0.0417945571243763 0.032694585621356964 9.099971771240234
0.041364580392837524 0.03172697126865387 9.637608528137207
0.03999011591076851 0.030643917620182037 9.346197128295898
0.040342655032873154 0.030641749501228333 9.700904846191406
0.039266884326934814 0.029717955738306046 9.54892635345459
0.04205242544412613 0.03267862647771835 9.373797416687012
0.04143080115318298 0.03148443624377251 9.946365356445312
0.03882315009832382 0.029597418382763863 9.225732803344727
0.04217654466629028 0.03241228312253952 9.764261245727539
0.03898024931550026 0.029021142050623894 9.959105491638184
0.039455052465200424 0.029965093359351158 9.489957809448242
0.04175126552581787 0.03209977596998215 9.651491165161133
0.0407918244600296 0.030722446739673615 10.069376945495605
0.03956150636076927 0.030306506901979446 9.254998207092285
0.04046543687582016 0.031177636235952377 9.287799835205078
0.04102715849876404 0.031235968694090843 9.79118824005127
0.04235450178384781 0.03302685171365738 9.32765007019043
0.039428338408470154 0.02969294972717762 9.735389709472656
0.0410601943731308 0.030848391354084015 10.211803436279297
0.04029802232980728 0.0307477917522192 9.550230979919434
0.04250863194465637 0.03261783719062805 9.890793800354004
0.0415634885430336 0.03163205832242966 9.93143081665039
0.04279959946870804 0.032757245004177094 10.042351722717285
0.04044269770383835 0.030773254111409187 9.669441223144531
0.039385925978422165 0.029766596853733063 9.619329452514648
0.0405399464070797 0.031094029545783997 9.445917129516602
0.0426022931933403 0.03255147486925125 10.05081844329834
0.03915063291788101 0.029605496674776077 9.545137405395508
0.04175550490617752 0.03189973160624504 9.85577392578125
0.04013433679938316 0.03040868230164051 9.725652694702148
0.03769558668136597 0.02822193317115307 9.473651885986328
0.04292085021734238 0.033336665481328964 9.584182739257812
0.039226096123456955 0.02980673685669899 9.419358253479004
0.040942154824733734 0.03165426105260849 9.287893295288086
0.04007482901215553 0.03043156862258911 9.643260955810547
0.03883221000432968 0.029299680143594742 9.532529830932617
0.0423252210021019 0.03212979435920715 10.195425033569336
0.040601909160614014 0.030766166746616364 9.83574390411377
0.04216450825333595 0.03242868930101395 9.735817909240723
0.041558872908353806 0.03197164088487625 9.58723258972168
0.04152074456214905 0.03178047388792038 9.74027156829834
0.0399213545024395 0.029910800978541374 10.010553359985352
0.044425126165151596 0.03404413163661957 10.38099479675293
0.043079398572444916 0.03316285461187363 9.916544914245605
0.0404696986079216 0.03044132888317108 10.028369903564453
0.04064420610666275 0.03081686422228813 9.827341079711914
0.04008603096008301 0.030356409028172493 9.729623794555664
0.040833450853824615 0.03158961236476898 9.243839263916016
0.041107673197984695 0.03088609129190445 10.221582412719727
0.03870007395744324 0.029308216646313667 9.391857147216797
0.03990493714809418 0.030473431572318077 9.431507110595703
0.04133167862892151 0.031597159802913666 9.734519004821777
0.03750450909137726 0.027682993561029434 9.821516036987305
0.04082214832305908 0.03098534420132637 9.836801528930664
0.03869276121258736 0.02911897376179695 9.573785781860352
0.04017787426710129 0.030280059203505516 9.89781379699707
0.0411386638879776 0.031228501349687576 9.910161018371582
0.040066882967948914 0.03015895001590252 9.90793228149414
0.04171208292245865 0.03158571571111679 10.126368522644043
0.040710363537073135 0.030891073867678642 9.81928825378418
0.04254554212093353 0.03253892809152603 10.006612777709961
0.04036637395620346 0.03054419532418251 9.822178840637207
0.03995867446064949 0.030638135969638824 9.320537567138672
0.04091682657599449 0.0312897264957428 9.62709903717041
0.04021558538079262 0.030146524310112 10.069060325622559
0.04015512019395828 0.030637789517641068 9.517330169677734
0.04009121656417847 0.030494442209601402 9.596776008605957
0.04091444984078407 0.031401343643665314 9.513105392456055
0.04192773997783661 0.03215517848730087 9.772560119628906
0.03821833059191704 0.028941044583916664 9.2772855758667
0.04029572755098343 0.030481737107038498 9.81398868560791
0.04186747223138809 0.03250601887702942 9.36145305633545
0.03918580710887909 0.029648521915078163 9.537286758422852
0.0401461198925972 0.030538534745573997 9.607586860656738
0.04231569170951843 0.03271513432264328 9.600557327270508
0.041457537561655045 0.031604405492544174 9.853131294250488
0.0402662567794323 0.030760157853364944 9.506099700927734
0.04149096831679344 0.03166372328996658 9.82724380493164
0.04200420901179314 0.0326492041349411 9.355003356933594
0.0405377596616745 0.030330095440149307 10.207662582397461
0.042222216725349426 0.03225613012909889 9.966085433959961
0.03715330362319946 0.027246352285146713 9.906951904296875
0.039483580738306046 0.029511708766222 9.971870422363281
0.0399748757481575 0.03032105043530464 9.653825759887695
0.038881782442331314 0.029277469962835312 9.6043119430542
0.04033145308494568 0.031056076288223267 9.27537727355957
0.037260752171278 0.027692880481481552 9.567872047424316
0.038037896156311035 0.02833038754761219 9.707507133483887
0.041125085204839706 0.031371429562568665 9.753656387329102
0.04167874902486801 0.03204858675599098 9.630162239074707
0.042206451296806335 0.03258137404918671 9.625078201293945
0.04042503237724304 0.03053155541419983 9.893474578857422
0.03961951658129692 0.030141372233629227 9.478143692016602
0.040721502155065536 0.03128066286444664 9.440838813781738
0.04111376032233238 0.03134576231241226 9.767998695373535
0.03912585228681564 0.029542701318860054 9.583150863647461
0.040144503116607666 0.030721371993422508 9.42313003540039
0.039945218712091446 0.030236709862947464 9.70850944519043
0.03856988623738289 0.028772912919521332 9.796972274780273
0.03977406024932861 0.02977675199508667 9.997308731079102
0.03900191932916641 0.029195914044976234 9.806005477905273
0.04044134169816971 0.030093099921941757 10.34824275970459
0.041602324694395065 0.031650036573410034 9.952288627624512
0.038514696061611176 0.02884772978723049 9.666963577270508
0.0365029014647007 0.026683516800403595 9.819385528564453
0.040514327585697174 0.03009088523685932 10.423442840576172
