0.18013052642345428 0.18013052642345428 0.9244105219841003
0.1611420214176178 0.1611420214176178 1.0045143365859985
0.15757563710212708 0.15757563710212708 1.3698704242706299
0.15449848771095276 0.15449848771095276 1.9654446840286255
0.14504994451999664 0.14504994451999664 2.933617115020752
0.129632830619812 0.129632830619812 3.8579251766204834
0.1288633644580841 0.1288633644580841 5.2889251708984375
0.12046516686677933 0.12046516686677933 6.44014835357666
0.12111738324165344 0.12111738324165344 7.767611503601074
0.11258111894130707 0.11258111894130707 9.19288444519043
0.10435890406370163 0.10435890406370163 11.417694091796875
0.09956525266170502 0.09956525266170502 12.933415412902832
0.0984603762626648 0.0984603762626648 15.444198608398438
0.09330634772777557 0.09330634772777557 17.358304977416992
0.09180751442909241 0.09180751442909241 19.399394989013672
0.08363661170005798 0.08363661170005798 22.399526596069336
0.08302172273397446 0.08302172273397446 24.326074600219727
0.0755695104598999 0.0755695104598999 27.22079086303711
0.0757233053445816 0.0757233053445816 30.755592346191406
0.07095284759998322 0.07095284759998322 32.494354248046875
0.06840206682682037 0.06840206682682037 36.07845687866211
0.06778410077095032 0.06778410077095032 38.589752197265625
0.06524381786584854 0.06524381786584854 40.909706115722656
0.06384821236133575 0.06384821236133575 43.39991760253906
0.06130671501159668 0.06130671501159668 45.22821044921875
0.06240527331829071 0.06240527331829071 48.229190826416016
0.05926297977566719 0.05926297977566719 51.387840270996094
0.05604225769639015 0.05604225769639015 53.86471176147461
0.056134916841983795 0.056134916841983795 54.158695220947266
0.05403226241469383 0.05403226241469383 58.86777877807617
0.05464034900069237 0.05464034900069237 61.186912536621094
0.0535171777009964 0.0535171777009964 61.76934814453125
0.05315162241458893 0.05315162241458893 64.44519805908203
0.05533348023891449 0.05533348023891449 65.55868530273438
0.0559631809592247 0.0559631809592247 69.28854370117188
0.05326877906918526 0.05326877906918526 68.31483459472656
0.05211738497018814 0.05211738497018814 71.29647064208984
0.05270973592996597 0.05270973592996597 73.6511001586914
0.055230818688869476 0.055230818688869476 75.04295349121094
0.05184894800186157 0.05184894800186157 76.91047668457031
0.054515376687049866 0.054515376687049866 78.69298553466797
0.04966714233160019 0.04966714233160019 78.729736328125
0.054675325751304626 0.054675325751304626 79.86468505859375
0.053006671369075775 0.053006671369075775 79.63694763183594
0.05034057796001434 0.05034057796001434 82.85130310058594
0.049748312681913376 0.049748312681913376 83.09172058105469
0.05011656880378723 0.05011656880378723 82.40178680419922
0.04931223392486572 0.04931223392486572 83.11642456054688
0.05083251744508743 0.05083251744508743 86.10357666015625
0.0485573410987854 0.0485573410987854 85.92061614990234
0.05176389217376709 0.05176389217376709 87.4110336303711
0.048101216554641724 0.048101216554641724 85.8125991821289
0.05102410912513733 0.05102410912513733 84.76699829101562
0.047854483127593994 0.047854483127593994 88.56863403320312
0.050441183149814606 0.050441183149814606 88.44068908691406
0.046818383038043976 0.046818383038043976 85.3546371459961
0.04970362409949303 0.04970362409949303 88.71795654296875
0.04756742715835571 0.04756742715835571 88.54768371582031
0.05053558945655823 0.05053558945655823 88.36238861083984
0.05024794489145279 0.05024794489145279 89.59208679199219
0.04882640391588211 0.04882640391588211 89.60614776611328
0.05086005479097366 0.05086005479097366 91.73062133789062
0.04913206398487091 0.04913206398487091 90.76756286621094
0.048727285116910934 0.048727285116910934 89.55856323242188
0.04667096585035324 0.04667096585035324 91.02265930175781
0.04913443326950073 0.04913443326950073 90.97776794433594
0.04740394651889801 0.04740394651889801 90.79791259765625
0.04993981868028641 0.04993981868028641 90.89714050292969
0.04926358908414841 0.04926358908414841 91.56609344482422
0.04766938462853432 0.04766938462853432 91.88807678222656
0.048404887318611145 0.048404887318611145 91.15145874023438
0.045477475970983505 0.045477475970983505 90.68423461914062
0.04775814712047577 0.04775814712047577 90.79554748535156
0.04603441804647446 0.04603441804647446 91.52816772460938
0.0508030503988266 0.0508030503988266 92.54078674316406
0.047357309609651566 0.047357309609651566 90.41715240478516
0.05007537826895714 0.05007537826895714 92.27615356445312
0.04947102442383766 0.04947102442383766 89.37554168701172
0.046468913555145264 0.046468913555145264 91.30668640136719
0.04752218723297119 0.04752218723297119 94.25492858886719
0.04844982177019119 0.04844982177019119 91.4241943359375
0.04777541384100914 0.04777541384100914 90.9049072265625
0.050097063183784485 0.050097063183784485 89.70193481445312
0.048653487116098404 0.048653487116098404 91.12811279296875
0.046087801456451416 0.046087801456451416 91.6291275024414
0.04659927636384964 0.04659927636384964 90.14202117919922
0.0456416979432106 0.0456416979432106 88.86436462402344
0.046364814043045044 0.046364814043045044 87.71511840820312
0.04620032384991646 0.04620032384991646 89.06387329101562
0.046461887657642365 0.046461887657642365 91.6495132446289
0.04701356217265129 0.04701356217265129 85.82057189941406
0.0459648072719574 0.0459648072719574 92.0184326171875
0.0495053306221962 0.0495053306221962 87.34605407714844
0.046614713966846466 0.046614713966846466 87.50474548339844
0.04966742545366287 0.04966742545366287 88.36334228515625
0.047397904098033905 0.047397904098033905 90.1266860961914
0.0481548085808754 0.0481548085808754 87.36234283447266
0.04419293999671936 0.04419293999671936 87.25665283203125
0.049123119562864304 0.049123119562864304 87.6197509765625
0.04490883648395538 0.04490883648395538 87.63482666015625
0.0461091548204422 0.0461091548204422 85.82091522216797
0.043715693056583405 0.043715693056583405 85.5283203125
0.04502527415752411 0.04502527415752411 86.49761962890625
0.045489244163036346 0.045489244163036346 84.58207702636719
0.044576358050107956 0.044576358050107956 85.7706298828125
0.044298071414232254 0.044298071414232254 85.11830139160156
0.04421519488096237 0.04421519488096237 84.48651123046875
0.043679967522621155 0.043679967522621155 85.93199157714844
0.043589554727077484 0.043589554727077484 85.7122802734375
0.044611722230911255 0.044611722230911255 84.96685028076172
0.04497462511062622 0.04497462511062622 84.40099334716797
0.04339224100112915 0.04339224100112915 83.64970397949219
0.04761476814746857 0.04761476814746857 83.52445983886719
0.044588424265384674 0.044588424265384674 81.87812805175781
0.04429023712873459 0.04429023712873459 84.7078857421875
0.04334980994462967 0.04334980994462967 83.50308227539062
0.04290369153022766 0.04290369153022766 82.11125183105469
0.04302205890417099 0.04302205890417099 84.33319091796875
0.044803015887737274 0.044803015887737274 84.14486694335938
0.04482591897249222 0.04482591897249222 82.08379364013672
0.04457815736532211 0.04457815736532211 84.04864501953125
0.05035119131207466 0.05035119131207466 85.21119689941406
0.04352244734764099 0.04352244734764099 80.22090148925781
0.044950321316719055 0.044950321316719055 81.21804809570312
0.043984245508909225 0.043984245508909225 80.29081726074219
0.04258791357278824 0.04258791357278824 79.57233428955078
0.04316076636314392 0.04316076636314392 81.93942260742188
0.04397042095661163 0.04397042095661163 81.70882415771484
0.04590644687414169 0.04590644687414169 81.92513275146484
0.042697399854660034 0.042697399854660034 80.56904602050781
0.043602026998996735 0.043602026998996735 79.49032592773438
0.0423273891210556 0.0423273891210556 80.440185546875
0.04217546433210373 0.04217546433210373 79.30892181396484
0.04212050512433052 0.04212050512433052 81.86156463623047
0.04314348101615906 0.04314348101615906 78.87777709960938
0.0393863245844841 0.0393863245844841 80.0269775390625
0.04087361320853233 0.04087361320853233 78.96617126464844
0.045105673372745514 0.045105673372745514 79.15866088867188
0.040928199887275696 0.040928199887275696 79.73829650878906
0.04215254634618759 0.04215254634618759 79.41361236572266
0.04199148342013359 0.04199148342013359 81.24401092529297
0.0420709028840065 0.0420709028840065 78.33331298828125
0.04208233952522278 0.04208233952522278 78.75265502929688
0.04100241884589195 0.04100241884589195 81.1474609375
0.03925889730453491 0.03925889730453491 80.33451843261719
0.03817736357450485 0.03817736357450485 79.94461059570312
0.04074312001466751 0.04074312001466751 79.68258666992188
0.04160477966070175 0.04160477966070175 80.98321533203125
0.04238484054803848 0.04238484054803848 81.1979751586914
0.04128552973270416 0.04128552973270416 80.80514526367188
0.04356435686349869 0.04356435686349869 81.7732162475586
0.04043490067124367 0.04043490067124367 78.18902587890625
0.03866245597600937 0.03866245597600937 80.32951354980469
0.041266053915023804 0.041266053915023804 81.32150268554688
0.04135976731777191 0.04135976731777191 79.53458404541016
0.03985414654016495 0.03985414654016495 79.27137756347656
0.03947272151708603 0.03947272151708603 78.21501159667969
0.039097726345062256 0.039097726345062256 79.96055603027344
0.03767336905002594 0.03767336905002594 80.6073226928711
0.03512663394212723 0.03512663394212723 80.05459594726562
0.038799867033958435 0.038799867033958435 79.48870849609375
0.03912809491157532 0.03912809491157532 78.22781372070312
0.03982194513082504 0.03982194513082504 79.6153564453125
0.0378245934844017 0.0378245934844017 79.96534729003906
0.03971019387245178 0.03971019387245178 80.38656616210938
0.03768368437886238 0.03768368437886238 80.90231323242188
0.03829419985413551 0.03829419985413551 77.91365051269531
0.03807332366704941 0.03807332366704941 78.40701293945312
0.039599377661943436 0.039599377661943436 81.16757202148438
0.03952991962432861 0.03952991962432861 79.44847869873047
0.03997170925140381 0.03997170925140381 81.25127410888672
0.0392729714512825 0.0392729714512825 81.07881164550781
0.039309944957494736 0.039309944957494736 80.2469482421875
0.03820181265473366 0.03820181265473366 80.8233413696289
0.03869312256574631 0.03869312256574631 81.00389099121094
0.03674715757369995 0.03674715757369995 79.46294403076172
0.03965902328491211 0.03965902328491211 78.5025634765625
0.037196092307567596 0.037196092307567596 78.67724609375
0.03636738657951355 0.03636738657951355 80.15171813964844
0.03646821528673172 0.03646821528673172 78.95307159423828
0.03527795150876045 0.03527795150876045 79.33265686035156
0.03689565882086754 0.03689565882086754 78.44322204589844
0.039006344974040985 0.039006344974040985 79.69328308105469
0.03663058206439018 0.03663058206439018 79.60267639160156
0.03717324882745743 0.03717324882745743 80.00971984863281
0.036410294473171234 0.036410294473171234 79.93712615966797
0.037132084369659424 0.037132084369659424 78.53116607666016
0.03601737320423126 0.03601737320423126 79.26937866210938
0.039372459053993225 0.039372459053993225 80.37409973144531
0.035689640790224075 0.035689640790224075 80.42581176757812
0.036140721291303635 0.036140721291303635 81.48344421386719
0.034805264323949814 0.034805264323949814 80.54996490478516
0.037619635462760925 0.037619635462760925 80.29653930664062
0.035315029323101044 0.035315029323101044 79.63485717773438
0.03659036010503769 0.03659036010503769 82.06446838378906
0.03473817557096481 0.03473817557096481 80.42916870117188
0.03685695677995682 0.03685695677995682 80.34590911865234
0.0370103158056736 0.0370103158056736 81.92066955566406
0.035416532307863235 0.035416532307863235 81.32316589355469
0.037706561386585236 0.037706561386585236 80.73085021972656
0.03398869186639786 0.03398869186639786 80.57821655273438
0.03675316274166107 0.03675316274166107 82.48899841308594
0.03559143468737602 0.03559143468737602 79.35004425048828
0.03698517009615898 0.03698517009615898 79.78865051269531
0.03570450469851494 0.03570450469851494 79.72685241699219
0.03537365049123764 0.03537365049123764 80.92975616455078
0.0347662977874279 0.0347662977874279 83.48226928710938
0.035656221210956573 0.035656221210956573 81.38298034667969
0.03427789360284805 0.03427789360284805 82.36292266845703
0.03454107046127319 0.03454107046127319 82.02265930175781
0.035119883716106415 0.035119883716106415 82.27218627929688
0.03266862407326698 0.03266862407326698 82.44761657714844
0.03339729458093643 0.03339729458093643 80.34732055664062
0.033692676573991776 0.033692676573991776 78.66289520263672
0.0333835631608963 0.0333835631608963 82.28490447998047
0.03504133224487305 0.03504133224487305 82.24327087402344
0.03402189165353775 0.03402189165353775 81.34808349609375
0.034253232181072235 0.034253232181072235 82.55967712402344
0.03564034402370453 0.03564034402370453 82.53584289550781
0.033479198813438416 0.033479198813438416 82.96903991699219
0.03217791020870209 0.03217791020870209 83.49463653564453
0.03398361802101135 0.03398361802101135 83.45137023925781
0.034822914749383926 0.034822914749383926 82.84342956542969
0.032831743359565735 0.032831743359565735 86.04772186279297
0.035491906106472015 0.035491906106472015 85.19450378417969
0.034562185406684875 0.034562185406684875 85.70913696289062
0.033484719693660736 0.033484719693660736 83.02662658691406
0.032421745359897614 0.032421745359897614 84.13531494140625
0.0343061201274395 0.0343061201274395 85.57058715820312
0.034149978309869766 0.034149978309869766 86.14804077148438
0.03293910250067711 0.03293910250067711 82.97798156738281
0.03308742865920067 0.03308742865920067 83.16122436523438
0.03210669383406639 0.03210669383406639 84.76110076904297
0.032769255340099335 0.032769255340099335 83.28874206542969
0.032496754080057144 0.032496754080057144 83.75135040283203
0.03281071037054062 0.03281071037054062 83.28314208984375
0.032155901193618774 0.032155901193618774 82.64632415771484
0.033014968037605286 0.033014968037605286 84.90802001953125
0.032429613173007965 0.032429613173007965 83.48661804199219
0.03220929205417633 0.03220929205417633 83.64633178710938
0.03091631457209587 0.03091631457209587 84.05077362060547
0.032215021550655365 0.032215021550655365 83.21171569824219
0.03460745885968208 0.03460745885968208 84.53170013427734
0.03299226611852646 0.03299226611852646 83.33331298828125
0.0331527516245842 0.0331527516245842 84.96054077148438
0.03296830132603645 0.03296830132603645 86.24066925048828
0.03015812486410141 0.03015812486410141 84.97895050048828
0.03062981739640236 0.03062981739640236 83.64431762695312
0.03272734582424164 0.03272734582424164 86.38592529296875
0.030570050701498985 0.030570050701498985 87.71829223632812
0.03147633373737335 0.03147633373737335 90.2583236694336
0.035723619163036346 0.035723619163036346 87.35383605957031
0.03320597484707832 0.03320597484707832 87.0390396118164
0.032737698405981064 0.032737698405981064 86.63529205322266
0.034581124782562256 0.034581124782562256 87.584716796875
0.031572192907333374 0.031572192907333374 88.09172058105469
0.03368555009365082 0.03368555009365082 85.61325073242188
0.032570816576480865 0.032570816576480865 84.94499969482422
0.03297436609864235 0.03297436609864235 87.94108581542969
0.03108731284737587 0.03108731284737587 85.03556060791016
0.03003423660993576 0.03003423660993576 85.57688903808594
0.02854699268937111 0.02854699268937111 87.62977600097656
0.03211542218923569 0.03211542218923569 87.2593002319336
0.031231839209794998 0.031231839209794998 89.61509704589844
0.031367313116788864 0.031367313116788864 83.22347259521484
0.031881868839263916 0.031881868839263916 87.93705749511719
0.033044517040252686 0.033044517040252686 85.51858520507812
0.030800718814134598 0.030800718814134598 87.86800384521484
0.0331321656703949 0.0331321656703949 85.2574691772461
0.031258389353752136 0.031258389353752136 87.32875061035156
0.030540000647306442 0.030540000647306442 87.0064926147461
0.030020534992218018 0.030020534992218018 90.62680053710938
0.03026055172085762 0.03026055172085762 89.31291198730469
0.03058706223964691 0.03058706223964691 93.46571350097656
0.0326426737010479 0.0326426737010479 89.80220031738281
0.030437154695391655 0.030437154695391655 92.76587677001953
0.032391972839832306 0.032391972839832306 89.96134948730469
0.028565779328346252 0.028565779328346252 91.37771606445312
0.030012240633368492 0.030012240633368492 93.35369873046875
0.03118164651095867 0.03118164651095867 90.62831115722656
0.03291647881269455 0.03291647881269455 91.61404418945312
0.03151668235659599 0.03151668235659599 90.05179595947266
0.029435116797685623 0.029435116797685623 91.32884216308594
0.027461770921945572 0.027461770921945572 91.87031555175781
0.02941019833087921 0.02941019833087921 89.71392822265625
0.031247898936271667 0.031247898936271667 88.65846252441406
0.03074333444237709 0.03074333444237709 86.89143371582031
0.029736245051026344 0.029736245051026344 89.04206848144531
0.029774632304906845 0.029774632304906845 91.7392807006836
0.03225034847855568 0.03225034847855568 88.26559448242188
0.029853301122784615 0.029853301122784615 89.6912841796875
0.030003268271684647 0.030003268271684647 92.18526458740234
0.03056526556611061 0.03056526556611061 90.6426010131836
0.03198456019163132 0.03198456019163132 91.91770935058594
0.0287785567343235 0.0287785567343235 91.50254821777344
0.02924462780356407 0.02924462780356407 88.6895523071289
0.029486866667866707 0.029486866667866707 91.3499526977539
0.03123997338116169 0.03123997338116169 90.83356475830078
0.029872963204979897 0.029872963204979897 89.2010498046875
0.030258063226938248 0.030258063226938248 92.89297485351562
0.027754809707403183 0.027754809707403183 93.63478088378906
0.03069816529750824 0.03069816529750824 91.13623809814453
0.028471097350120544 0.028471097350120544 93.07183837890625
0.02962271124124527 0.02962271124124527 91.54273986816406
0.02957446686923504 0.02957446686923504 93.39927673339844
0.026525532826781273 0.026525532826781273 93.9310073852539
0.029134463518857956 0.029134463518857956 91.81436157226562
0.031120769679546356 0.031120769679546356 94.16046142578125
0.028968889266252518 0.028968889266252518 91.32958984375
0.028446845710277557 0.028446845710277557 94.579345703125
0.02969926781952381 0.02969926781952381 96.71432495117188
0.029762674123048782 0.029762674123048782 91.82989501953125
0.03119819238781929 0.03119819238781929 96.22455596923828
0.029189474880695343 0.029189474880695343 96.10154724121094
0.028778264299035072 0.028778264299035072 91.57963562011719
0.02989279478788376 0.02989279478788376 95.35086822509766
0.02936972677707672 0.02936972677707672 93.79312896728516
0.02858150750398636 0.02858150750398636 92.8849868774414
0.030176980420947075 0.030176980420947075 91.96420288085938
0.030355636030435562 0.030355636030435562 96.25287628173828
0.027132418006658554 0.027132418006658554 97.32988739013672
0.029689600691199303 0.029689600691199303 93.23101806640625
0.03153553605079651 0.03153553605079651 90.12762451171875
0.028941215947270393 0.028941215947270393 90.46035766601562
0.02804001048207283 0.02804001048207283 94.12326049804688
0.026373356580734253 0.026373356580734253 94.33279418945312
0.02740802988409996 0.02740802988409996 95.91574096679688
0.029138723388314247 0.029138723388314247 94.35726928710938
0.02836991287767887 0.02836991287767887 93.39440155029297
0.03016253560781479 0.03016253560781479 94.27059173583984
0.0298941470682621 0.0298941470682621 92.60111999511719
0.0296475850045681 0.0296475850045681 94.53532409667969
0.028494469821453094 0.028494469821453094 91.66963195800781
0.027473147958517075 0.027473147958517075 94.65283203125
0.026868097484111786 0.026868097484111786 95.76904296875
0.025662777945399284 0.025662777945399284 96.02531433105469
0.028511453419923782 0.028511453419923782 90.48117065429688
0.028064705431461334 0.028064705431461334 94.51429748535156
0.026759769767522812 0.026759769767522812 94.88587188720703
0.029492130503058434 0.029492130503058434 91.15559387207031
0.028856027871370316 0.028856027871370316 92.46353149414062
0.027856595814228058 0.027856595814228058 91.07232666015625
0.02853028103709221 0.02853028103709221 95.0009994506836
0.029780985787510872 0.029780985787510872 98.64379119873047
0.027322901412844658 0.027322901412844658 98.10929870605469
0.028672846034169197 0.028672846034169197 95.5576171875
0.028102384880185127 0.028102384880185127 97.8236083984375
0.028027532622218132 0.028027532622218132 97.63902282714844
0.028289655223488808 0.028289655223488808 96.9921875
0.02951100654900074 0.02951100654900074 97.2342529296875
0.028466513380408287 0.028466513380408287 95.11386108398438
0.02979189157485962 0.02979189157485962 99.03433227539062
0.02851876989006996 0.02851876989006996 100.25682830810547
0.02949131466448307 0.02949131466448307 97.601318359375
0.026800140738487244 0.026800140738487244 97.83561706542969
0.026960529386997223 0.026960529386997223 95.75189208984375
0.028546305373311043 0.028546305373311043 93.49658203125
0.02739052101969719 0.02739052101969719 96.75901794433594
0.029298484325408936 0.029298484325408936 96.38392639160156
0.02701287344098091 0.02701287344098091 98.13070678710938
0.03090493008494377 0.03090493008494377 97.96961975097656
0.02731119468808174 0.02731119468808174 100.98486328125
0.02734137699007988 0.02734137699007988 97.09814453125
0.02860027737915516 0.02860027737915516 99.5111083984375
0.02819208800792694 0.02819208800792694 92.62274169921875
0.027401473373174667 0.027401473373174667 96.2587890625
0.026720276102423668 0.026720276102423668 98.20037841796875
0.028702862560749054 0.028702862560749054 97.58766174316406
0.02774541638791561 0.02774541638791561 97.64659118652344
0.029437173157930374 0.029437173157930374 95.62583923339844
0.026943389326334 0.026943389326334 99.22909545898438
0.027687259018421173 0.027687259018421173 99.51618194580078
0.027009686455130577 0.027009686455130577 98.55831909179688
0.02846074104309082 0.02846074104309082 96.73670959472656
0.027838263660669327 0.027838263660669327 93.3117904663086
0.02898264303803444 0.02898264303803444 99.07357788085938
0.026548806577920914 0.026548806577920914 97.40493774414062
0.028670139610767365 0.028670139610767365 100.86370849609375
0.026963215321302414 0.026963215321302414 98.74173736572266
0.027689872309565544 0.027689872309565544 99.56829071044922
0.028277045115828514 0.028277045115828514 100.85113525390625
0.026305601000785828 0.026305601000785828 100.92414093017578
0.031034421175718307 0.031034421175718307 98.98249816894531
0.02833382971584797 0.02833382971584797 101.45451354980469
0.027283700183033943 0.027283700183033943 100.39419555664062
0.027668610215187073 0.027668610215187073 100.92638397216797
0.026802711188793182 0.026802711188793182 99.16045379638672
0.026738334447145462 0.026738334447145462 98.18765258789062
0.026961661875247955 0.026961661875247955 100.29792785644531
0.026579197496175766 0.026579197496175766 98.81253051757812
0.026630181819200516 0.026630181819200516 99.28276062011719
0.02791566401720047 0.02791566401720047 97.9826431274414
0.026529395952820778 0.026529395952820778 96.62440490722656
0.026618756353855133 0.026618756353855133 98.0802993774414
0.028980502858757973 0.028980502858757973 97.86827087402344
0.027034660801291466 0.027034660801291466 100.36014556884766
0.027857709676027298 0.027857709676027298 100.20626831054688
0.026825405657291412 0.026825405657291412 101.12081909179688
0.02679641917347908 0.02679641917347908 100.50823974609375
0.02762686088681221 0.02762686088681221 99.28250122070312
0.02822050079703331 0.02822050079703331 100.46328735351562
0.0270271934568882 0.0270271934568882 106.72084045410156
0.026024138554930687 0.026024138554930687 103.6488037109375
0.027278412133455276 0.027278412133455276 104.31018829345703
0.02644944004714489 0.02644944004714489 103.02092742919922
0.02618110552430153 0.02618110552430153 101.68157196044922
0.025348477065563202 0.025348477065563202 101.22120666503906
0.026171695441007614 0.026171695441007614 102.52278137207031
0.028851933777332306 0.028851933777332306 99.50445556640625
0.024661457166075706 0.024661457166075706 100.6468505859375
0.030501237139105797 0.030501237139105797 99.83914184570312
0.026546211913228035 0.026546211913228035 101.22998046875
0.02700650505721569 0.02700650505721569 100.01359558105469
0.027001775801181793 0.027001775801181793 101.68376922607422
0.026273703202605247 0.026273703202605247 99.31251525878906
0.025591682642698288 0.025591682642698288 98.56935119628906
0.027249161154031754 0.027249161154031754 102.18026733398438
0.02643389068543911 0.02643389068543911 98.06153869628906
0.024923913180828094 0.024923913180828094 100.42572784423828
0.024596355855464935 0.024596355855464935 103.0737533569336
0.02652987837791443 0.02652987837791443 104.23304748535156
0.02602056786417961 0.02602056786417961 102.08747863769531
0.029708493500947952 0.029708493500947952 99.25183868408203
0.02665748819708824 0.02665748819708824 103.35956573486328
0.028117500245571136 0.028117500245571136 101.9285888671875
0.02657199278473854 0.02657199278473854 100.25875854492188
0.02740423008799553 0.02740423008799553 103.0593032836914
0.027563640847802162 0.027563640847802162 101.58822631835938
0.0269005186855793 0.0269005186855793 102.14289855957031
0.02483735792338848 0.02483735792338848 100.90943145751953
0.025729302316904068 0.025729302316904068 103.67849731445312
0.02569567784667015 0.02569567784667015 100.13764953613281
0.02416094020009041 0.02416094020009041 103.19471740722656
0.02618684619665146 0.02618684619665146 104.23651123046875
0.026885265484452248 0.026885265484452248 98.56465148925781
0.02630060911178589 0.02630060911178589 99.20206451416016
0.02556365169584751 0.02556365169584751 104.41691589355469
0.02747485414147377 0.02747485414147377 101.1729736328125
0.02794712781906128 0.02794712781906128 99.99382019042969
0.02693982794880867 0.02693982794880867 97.01470947265625
0.025122065097093582 0.025122065097093582 100.53890991210938
0.026726529002189636 0.026726529002189636 104.30046081542969
0.02472171001136303 0.02472171001136303 99.73680114746094
0.027134045958518982 0.027134045958518982 100.57400512695312
0.025613214820623398 0.025613214820623398 99.32415771484375
0.02550654485821724 0.02550654485821724 101.45162200927734
0.024950481951236725 0.024950481951236725 96.67523956298828
0.02546744793653488 0.02546744793653488 104.37429809570312
0.024880575016140938 0.024880575016140938 102.24526977539062
0.024099379777908325 0.024099379777908325 100.93994903564453
0.02825792133808136 0.02825792133808136 104.402099609375
0.026628319174051285 0.026628319174051285 103.0573501586914
0.025701357051730156 0.025701357051730156 103.30497741699219
0.02519657276570797 0.02519657276570797 102.38581848144531
0.02514810487627983 0.02514810487627983 99.01145935058594
0.02726529724895954 0.02726529724895954 101.32333374023438
0.025713637471199036 0.025713637471199036 102.81082153320312
0.024953190237283707 0.024953190237283707 104.96318817138672
0.025684267282485962 0.025684267282485962 102.62590789794922
0.02470662258565426 0.02470662258565426 98.20574951171875
0.026335351169109344 0.026335351169109344 104.92498779296875
0.026807822287082672 0.026807822287082672 102.3905029296875
0.02551969513297081 0.02551969513297081 102.18763732910156
0.027372155338525772 0.027372155338525772 103.845703125
0.02677784487605095 0.02677784487605095 104.19818115234375
0.02740870788693428 0.02740870788693428 102.14543914794922
0.026927074417471886 0.026927074417471886 100.17192840576172
0.02384185791015625 0.02384185791015625 107.61360931396484
0.02722954750061035 0.02722954750061035 103.46295166015625
0.026045676320791245 0.026045676320791245 101.82516479492188
0.026081494987010956 0.026081494987010956 102.04427337646484
0.02510146237909794 0.02510146237909794 106.99398040771484
0.025621823966503143 0.025621823966503143 102.47012329101562
0.025558196008205414 0.025558196008205414 101.86236572265625
0.025269001722335815 0.025269001722335815 106.30792236328125
0.02406149171292782 0.02406149171292782 103.48765563964844
0.02386099472641945 0.02386099472641945 98.8997802734375
0.02585946023464203 0.02585946023464203 107.32154846191406
0.024792971089482307 0.024792971089482307 106.0632095336914
0.025805015116930008 0.025805015116930008 101.03158569335938
0.02544604428112507 0.02544604428112507 105.28547668457031
0.025950316339731216 0.025950316339731216 102.01921081542969
0.02410544827580452 0.02410544827580452 102.32093811035156
0.025189433246850967 0.025189433246850967 105.1100845336914
0.024353519082069397 0.024353519082069397 100.84040832519531
0.02572399005293846 0.02572399005293846 104.18223571777344
0.025271743535995483 0.025271743535995483 102.86542510986328
0.025910381227731705 0.025910381227731705 98.60152435302734
0.025482386350631714 0.025482386350631714 101.76542663574219
0.024983597919344902 0.024983597919344902 102.86308288574219
0.02570892497897148 0.02570892497897148 99.27520751953125
0.024476904422044754 0.024476904422044754 96.52508544921875
0.028039541095495224 0.028039541095495224 101.81964111328125
0.023928046226501465 0.023928046226501465 99.56436920166016
0.0263366736471653 0.0263366736471653 106.72862243652344
0.02588982693850994 0.02588982693850994 102.72128295898438
0.02526288852095604 0.02526288852095604 102.52001953125
0.025557339191436768 0.025557339191436768 105.1664047241211
0.023673072457313538 0.023673072457313538 104.89073944091797
0.02612468972802162 0.02612468972802162 101.25784301757812
0.02668047323822975 0.02668047323822975 108.36450958251953
0.02610214427113533 0.02610214427113533 103.5396728515625
0.025418676435947418 0.025418676435947418 105.54542541503906
0.025421585887670517 0.025421585887670517 100.54966735839844
0.026227695867419243 0.026227695867419243 106.93507385253906
0.02587227150797844 0.02587227150797844 100.60331726074219
0.025965888053178787 0.025965888053178787 100.73966979980469
0.025725308805704117 0.025725308805704117 102.07057189941406
0.025204114615917206 0.025204114615917206 106.15789794921875
0.023703860118985176 0.023703860118985176 105.9094467163086
0.022746074944734573 0.022746074944734573 102.99769592285156
0.024027172476053238 0.024027172476053238 103.25254821777344
0.025166478008031845 0.025166478008031845 105.67024230957031
0.024834975600242615 0.024834975600242615 101.20225524902344
0.026412472128868103 0.026412472128868103 102.66927337646484
0.025906600058078766 0.025906600058078766 101.83026123046875
0.02510066330432892 0.02510066330432892 102.00979614257812
0.025073377415537834 0.025073377415537834 104.47911071777344
0.024724457412958145 0.024724457412958145 100.73539733886719
0.02647881954908371 0.02647881954908371 103.26679992675781
0.022191941738128662 0.022191941738128662 106.1246337890625
0.024988554418087006 0.024988554418087006 101.3525161743164
0.02483561635017395 0.02483561635017395 106.24775695800781
0.025238966569304466 0.025238966569304466 107.0611572265625
0.024103138595819473 0.024103138595819473 104.73257446289062
0.025111032649874687 0.025111032649874687 102.287353515625
0.023731013759970665 0.023731013759970665 103.651611328125
0.02512700855731964 0.02512700855731964 101.53912353515625
0.025554915890097618 0.025554915890097618 106.11371612548828
0.025885172188282013 0.025885172188282013 102.5700912475586
0.02413215860724449 0.02413215860724449 102.52452087402344
0.023219171911478043 0.023219171911478043 106.18080139160156
0.025755317881703377 0.025755317881703377 102.94010162353516
0.02699970453977585 0.02699970453977585 102.35211944580078
0.02579244039952755 0.02579244039952755 104.2374038696289
0.024123013019561768 0.024123013019561768 107.13813781738281
0.024313846603035927 0.024313846603035927 102.80262756347656
0.02384534478187561 0.02384534478187561 100.42054748535156
0.02248314581811428 0.02248314581811428 104.12187957763672
0.02524021826684475 0.02524021826684475 105.51559448242188
0.024647710844874382 0.024647710844874382 106.97502899169922
0.023485079407691956 0.023485079407691956 105.74702453613281
0.023984570056200027 0.023984570056200027 104.24432373046875
0.023932579904794693 0.023932579904794693 105.33976745605469
0.02457255683839321 0.02457255683839321 103.21684265136719
0.02420218288898468 0.02420218288898468 100.80899047851562
0.025743601843714714 0.025743601843714714 104.24896240234375
0.02483881264925003 0.02483881264925003 98.63700103759766
0.025652851909399033 0.025652851909399033 104.50726318359375
0.02431831881403923 0.02431831881403923 99.68419647216797
0.02563745155930519 0.02563745155930519 100.89469909667969
0.026885805651545525 0.026885805651545525 103.24812316894531
0.024917609989643097 0.024917609989643097 104.09498596191406
0.02434082329273224 0.02434082329273224 103.23356628417969
0.02555987983942032 0.02555987983942032 105.7086410522461
0.025214359164237976 0.025214359164237976 103.33281707763672
0.024832166731357574 0.024832166731357574 103.41939544677734
0.024190790951251984 0.024190790951251984 106.54948425292969
0.024565884843468666 0.024565884843468666 107.00553894042969
0.0260612815618515 0.0260612815618515 106.845947265625
0.024773400276899338 0.024773400276899338 99.61247253417969
0.02480250597000122 0.02480250597000122 104.00887298583984
0.024412939324975014 0.024412939324975014 103.07656860351562
0.024760302156209946 0.024760302156209946 105.3062973022461
0.026754971593618393 0.026754971593618393 103.8758544921875
0.024729963392019272 0.024729963392019272 108.56436920166016
0.02343924157321453 0.02343924157321453 102.65406799316406
0.024606946855783463 0.024606946855783463 103.73690032958984
0.026614034548401833 0.026614034548401833 105.89567565917969
0.02319558709859848 0.02319558709859848 104.23237609863281
0.025179581716656685 0.025179581716656685 101.64185333251953
0.023782886564731598 0.023782886564731598 106.78133392333984
0.02456510066986084 0.02456510066986084 104.25950622558594
0.02459813468158245 0.02459813468158245 103.21532440185547
0.02469044364988804 0.02469044364988804 102.8537368774414
0.023359745740890503 0.023359745740890503 103.55057525634766
0.02647329866886139 0.02647329866886139 98.637939453125
0.023507166653871536 0.023507166653871536 100.51475524902344
0.025363314896821976 0.025363314896821976 101.7780990600586
0.024188406765460968 0.024188406765460968 102.94463348388672
0.023211698979139328 0.023211698979139328 103.47210693359375
0.02487691305577755 0.02487691305577755 104.85538482666016
0.024018391966819763 0.024018391966819763 99.76473999023438
0.024014580994844437 0.024014580994844437 102.69252014160156
0.02541801519691944 0.02541801519691944 105.1748046875
0.022914594039320946 0.022914594039320946 106.67669677734375
0.024226941168308258 0.024226941168308258 104.63258361816406
0.023048721253871918 0.023048721253871918 100.96974182128906
0.022878821939229965 0.022878821939229965 102.04342651367188
0.02443006820976734 0.02443006820976734 104.92469787597656
0.02483571507036686 0.02483571507036686 108.67171478271484
0.02428514137864113 0.02428514137864113 103.33978271484375
0.028043659403920174 0.028043659403920174 100.81636047363281
0.022952858358621597 0.022952858358621597 108.17091369628906
0.023277442902326584 0.023277442902326584 105.24679565429688
0.022551551461219788 0.022551551461219788 106.87393951416016
0.024345343932509422 0.024345343932509422 104.26006317138672
0.023602645844221115 0.023602645844221115 101.24555969238281
0.024302363395690918 0.024302363395690918 104.97915649414062
0.022617343813180923 0.022617343813180923 101.70106506347656
0.022919710725545883 0.022919710725545883 105.53548431396484
0.023357653990387917 0.023357653990387917 106.42559051513672
0.02224469557404518 0.02224469557404518 105.29495239257812
0.02483557164669037 0.02483557164669037 103.4291763305664
0.02362944558262825 0.02362944558262825 104.82041931152344
0.023988066241145134 0.023988066241145134 106.23413848876953
0.025772951543331146 0.025772951543331146 105.79835510253906
0.0224466510117054 0.0224466510117054 108.03591918945312
0.024356519803404808 0.024356519803404808 102.8548355102539
0.023768972605466843 0.023768972605466843 99.00546264648438
0.023636765778064728 0.023636765778064728 99.12646484375
0.02573498710989952 0.02573498710989952 102.27275085449219
0.024435237050056458 0.024435237050056458 102.4512939453125
0.023351546376943588 0.023351546376943588 98.36019134521484
0.02395630069077015 0.02395630069077015 103.97515106201172
0.02545040473341942 0.02545040473341942 106.39070129394531
0.021378595381975174 0.021378595381975174 103.15164184570312
0.02426912821829319 0.02426912821829319 104.56942749023438
0.02199910208582878 0.02199910208582878 102.4820556640625
0.022628432139754295 0.022628432139754295 103.16017150878906
0.022207312285900116 0.022207312285900116 101.92581176757812
0.023774197325110435 0.023774197325110435 101.98936462402344
0.025907523930072784 0.025907523930072784 103.12744903564453
0.02394724264740944 0.02394724264740944 98.11161041259766
0.02352237142622471 0.02352237142622471 101.4591064453125
0.024193067103624344 0.024193067103624344 98.56185150146484
0.022898027673363686 0.022898027673363686 100.94132995605469
0.023943424224853516 0.023943424224853516 106.72437286376953
0.022886011749505997 0.022886011749505997 105.43164825439453
0.022856425493955612 0.022856425493955612 106.45997619628906
0.025168294087052345 0.025168294087052345 107.69146728515625
0.02600269764661789 0.02600269764661789 105.04167175292969
0.024075984954833984 0.024075984954833984 108.70570373535156
0.02476513758301735 0.02476513758301735 107.10252380371094
0.024032607674598694 0.024032607674598694 104.70879364013672
0.02385101467370987 0.02385101467370987 104.29522705078125
0.02475832775235176 0.02475832775235176 105.85234069824219
0.025324378162622452 0.025324378162622452 109.8734359741211
0.02470686286687851 0.02470686286687851 100.90621185302734
0.024859581142663956 0.024859581142663956 104.05976867675781
0.02518584206700325 0.02518584206700325 102.03730773925781
0.024497922509908676 0.024497922509908676 99.29951477050781
0.02391369827091694 0.02391369827091694 103.54081726074219
0.02372896671295166 0.02372896671295166 98.45606994628906
0.024313446134328842 0.024313446134328842 103.28238677978516
0.024632010608911514 0.024632010608911514 107.47967529296875
0.022686785086989403 0.022686785086989403 99.90707397460938
0.024037618190050125 0.024037618190050125 103.02452850341797
0.025252435356378555 0.025252435356378555 104.24425506591797
0.02443701960146427 0.02443701960146427 101.19236755371094
0.023654278367757797 0.023654278367757797 105.74392700195312
0.022352909669280052 0.022352909669280052 103.40269470214844
0.025171883404254913 0.025171883404254913 103.968017578125
0.023005694150924683 0.023005694150924683 106.71485900878906
0.024215122684836388 0.024215122684836388 106.26040649414062
0.02228228561580181 0.02228228561580181 101.43169403076172
0.023146428167819977 0.023146428167819977 103.16822814941406
0.02349724993109703 0.02349724993109703 102.47003173828125
0.023799140006303787 0.023799140006303787 101.71742248535156
0.02284732647240162 0.02284732647240162 106.10298156738281
0.023750722408294678 0.023750722408294678 108.70148468017578
0.0235014408826828 0.0235014408826828 102.76480102539062
0.023464221507310867 0.023464221507310867 106.50321197509766
0.023378459736704826 0.023378459736704826 103.449462890625
0.02334623970091343 0.02334623970091343 101.94140625
0.026369601488113403 0.026369601488113403 102.43592834472656
0.02336248755455017 0.02336248755455017 102.64952087402344
0.024365011602640152 0.024365011602640152 106.4142074584961
0.022036511451005936 0.022036511451005936 105.21660614013672
0.024460822343826294 0.024460822343826294 103.0381851196289
0.0243400726467371 0.0243400726467371 106.0667953491211
0.023419659584760666 0.023419659584760666 100.16909790039062
0.025152554735541344 0.025152554735541344 104.599365234375
0.022873951122164726 0.022873951122164726 108.28697204589844
0.02271498180925846 0.02271498180925846 104.59429931640625
0.02298353984951973 0.02298353984951973 106.55526733398438
0.021657215431332588 0.021657215431332588 106.74673461914062
0.024555478245019913 0.024555478245019913 108.27377319335938
0.022175999358296394 0.022175999358296394 101.73831176757812
0.023732483386993408 0.023732483386993408 106.1120834350586
0.022976957261562347 0.022976957261562347 104.69427490234375
0.02337627485394478 0.02337627485394478 102.6626205444336
0.023542102426290512 0.023542102426290512 102.96371459960938
0.024871310219168663 0.024871310219168663 102.54216766357422
0.023928962647914886 0.023928962647914886 104.03873443603516
0.024905718863010406 0.024905718863010406 100.58738708496094
0.024028129875659943 0.024028129875659943 103.98847198486328
0.023123901337385178 0.023123901337385178 105.05039978027344
0.02581760846078396 0.02581760846078396 105.42870330810547
0.023644927889108658 0.023644927889108658 106.20564270019531
0.023582149296998978 0.023582149296998978 101.65376281738281
0.02386641688644886 0.02386641688644886 106.2727279663086
0.022786511108279228 0.022786511108279228 103.20494079589844
0.023207616060972214 0.023207616060972214 103.43225860595703
0.023567764088511467 0.023567764088511467 100.27822875976562
0.022284353151917458 0.022284353151917458 104.76412200927734
0.023593615740537643 0.023593615740537643 103.91252899169922
0.021769501268863678 0.021769501268863678 103.8112564086914
0.023616528138518333 0.023616528138518333 105.24072265625
0.02433110401034355 0.02433110401034355 100.90119171142578
0.023644709959626198 0.023644709959626198 103.80899810791016
0.02418176457285881 0.02418176457285881 107.74836730957031
0.02402278408408165 0.02402278408408165 104.18913269042969
0.02233361080288887 0.02233361080288887 101.66375732421875
0.02280474826693535 0.02280474826693535 102.78904724121094
0.022468924522399902 0.022468924522399902 104.28224182128906
0.022770080715417862 0.022770080715417862 104.07640075683594
0.022008351981639862 0.022008351981639862 105.07106018066406
0.022855620831251144 0.022855620831251144 103.39134216308594
0.022918201982975006 0.022918201982975006 101.90000915527344
0.02217722311615944 0.02217722311615944 103.6910400390625
0.024336231872439384 0.024336231872439384 103.04951477050781
0.023709088563919067 0.023709088563919067 102.12528991699219
0.02430175617337227 0.02430175617337227 100.7458267211914
0.023156438022851944 0.023156438022851944 102.60630798339844
0.023993104696273804 0.023993104696273804 103.06378936767578
0.0227203369140625 0.0227203369140625 103.68767547607422
0.021373815834522247 0.021373815834522247 105.10459899902344
0.022434312850236893 0.022434312850236893 99.72772216796875
0.021932970732450485 0.021932970732450485 108.66283416748047
0.024302717298269272 0.024302717298269272 104.8775634765625
0.022125232964754105 0.022125232964754105 102.05580139160156
0.024141836911439896 0.024141836911439896 108.02565002441406
0.02221480756998062 0.02221480756998062 106.45539855957031
0.023189615458250046 0.023189615458250046 107.62013244628906
0.02353411167860031 0.02353411167860031 103.12388610839844
0.021269820630550385 0.021269820630550385 103.16343688964844
0.022880729287862778 0.022880729287862778 100.55270385742188
0.0219462551176548 0.0219462551176548 103.68939208984375
0.02115672267973423 0.02115672267973423 103.00515747070312
0.02204560860991478 0.02204560860991478 105.78762817382812
0.023768406361341476 0.023768406361341476 102.78492736816406
0.023504700511693954 0.023504700511693954 107.29198455810547
0.022116689011454582 0.022116689011454582 100.42670440673828
0.02289634570479393 0.02289634570479393 102.05732727050781
0.022545363754034042 0.022545363754034042 103.34318542480469
0.02526632323861122 0.02526632323861122 109.2044677734375
0.025414586067199707 0.025414586067199707 101.40982055664062
0.023598400875926018 0.023598400875926018 107.43212127685547
0.023546360433101654 0.023546360433101654 99.71892547607422
0.022358763962984085 0.022358763962984085 102.83331298828125
0.02164013311266899 0.02164013311266899 104.93165588378906
0.023117810487747192 0.023117810487747192 102.99750518798828
0.02384784445166588 0.02384784445166588 104.65101623535156
0.022971535101532936 0.022971535101532936 101.96980285644531
0.02298077568411827 0.02298077568411827 104.65437316894531
0.02391982451081276 0.02391982451081276 104.421630859375
0.021723192185163498 0.021723192185163498 99.89996337890625
0.02250414900481701 0.02250414900481701 102.94996643066406
0.02252088487148285 0.02252088487148285 101.23477172851562
0.022312428802251816 0.022312428802251816 104.29005432128906
0.02158936858177185 0.02158936858177185 101.38565826416016
0.021282058209180832 0.021282058209180832 101.115966796875
0.022940106689929962 0.022940106689929962 105.94821166992188
0.022033436223864555 0.022033436223864555 105.23725891113281
0.021997712552547455 0.021997712552547455 101.82571411132812
0.022863613441586494 0.022863613441586494 105.41228485107422
0.020515576004981995 0.020515576004981995 105.32240295410156
0.02417854592204094 0.02417854592204094 101.11012268066406
0.021570198237895966 0.021570198237895966 103.97146606445312
0.02262430638074875 0.02262430638074875 101.97776794433594
0.023546941578388214 0.023546941578388214 101.80208587646484
0.023329034447669983 0.023329034447669983 105.00578308105469
0.022633761167526245 0.022633761167526245 103.52415466308594
0.024714063853025436 0.024714063853025436 102.02400970458984
0.02200583927333355 0.02200583927333355 105.27413940429688
0.0229740422219038 0.0229740422219038 101.53407287597656
0.02145112305879593 0.02145112305879593 103.08737182617188
0.022615108639001846 0.022615108639001846 104.68498229980469
0.021956052631139755 0.021956052631139755 104.43017578125
0.022016655653715134 0.022016655653715134 104.07670593261719
0.023663463070988655 0.023663463070988655 107.23464965820312
0.02097805216908455 0.02097805216908455 100.92975616455078
0.024490274488925934 0.024490274488925934 106.07209014892578
0.023109205067157745 0.023109205067157745 103.25944519042969
0.02366311475634575 0.02366311475634575 104.72834777832031
0.02234526351094246 0.02234526351094246 99.87969970703125
0.021123196929693222 0.021123196929693222 103.38655090332031
0.02351759560406208 0.02351759560406208 103.03868865966797
0.023192821070551872 0.023192821070551872 101.78738403320312
0.02216203138232231 0.02216203138232231 106.498291015625
0.02049493044614792 0.02049493044614792 105.26937866210938
0.024419590830802917 0.024419590830802917 103.73434448242188
0.022790903225541115 0.022790903225541115 100.45668029785156
0.022475838661193848 0.022475838661193848 100.4488525390625
0.023319490253925323 0.023319490253925323 100.84030151367188
0.02030591294169426 0.02030591294169426 101.96369934082031
0.02215181663632393 0.02215181663632393 101.85062408447266
0.02132590487599373 0.02132590487599373 103.57968139648438
0.0208965465426445 0.0208965465426445 103.54984283447266
0.02140974998474121 0.02140974998474121 102.72979736328125
0.02283811941742897 0.02283811941742897 101.81204223632812
0.0218609981238842 0.0218609981238842 104.23483276367188
0.02294585108757019 0.02294585108757019 105.83030700683594
0.022410128265619278 0.022410128265619278 103.11930847167969
0.022933438420295715 0.022933438420295715 101.3907470703125
0.022538073360919952 0.022538073360919952 101.84889221191406
0.021890006959438324 0.021890006959438324 106.34124755859375
0.021041058003902435 0.021041058003902435 106.83926391601562
0.02201821841299534 0.02201821841299534 106.70254516601562
0.02243306301534176 0.02243306301534176 104.06500244140625
0.021253511309623718 0.021253511309623718 104.82979583740234
0.02350555919110775 0.02350555919110775 104.61532592773438
0.021050328388810158 0.021050328388810158 100.66100311279297
0.02408607304096222 0.02408607304096222 104.25820922851562
0.02292921207845211 0.02292921207845211 104.22399139404297
0.021714337170124054 0.021714337170124054 101.66986083984375
0.02266785502433777 0.02266785502433777 102.59872436523438
0.022633850574493408 0.022633850574493408 101.44862365722656
0.023601725697517395 0.023601725697517395 102.9543685913086
0.023057568818330765 0.023057568818330765 101.97411346435547
0.020755629986524582 0.020755629986524582 100.93769836425781
0.024212585762143135 0.024212585762143135 103.54051208496094
0.0231453999876976 0.0231453999876976 103.96932220458984
0.02127927541732788 0.02127927541732788 101.40892028808594
0.02182994782924652 0.02182994782924652 105.61773681640625
0.021205121651291847 0.021205121651291847 107.28877258300781
0.021902039647102356 0.021902039647102356 99.96089172363281
0.021276582032442093 0.021276582032442093 102.40083312988281
0.0210975743830204 0.0210975743830204 105.19093322753906
0.022683147341012955 0.022683147341012955 101.45237731933594
0.02253926545381546 0.02253926545381546 104.13215637207031
0.024112537503242493 0.024112537503242493 103.13380432128906
0.020401079207658768 0.020401079207658768 105.47796630859375
0.02319270372390747 0.02319270372390747 103.32489776611328
0.021089818328619003 0.021089818328619003 102.47286987304688
0.021311070770025253 0.021311070770025253 102.69959259033203
0.022220689803361893 0.022220689803361893 102.09487915039062
0.02197973057627678 0.02197973057627678 100.43960571289062
0.025307510048151016 0.025307510048151016 97.54814147949219
0.022633956745266914 0.022633956745266914 103.92724609375
0.021161960437893867 0.021161960437893867 104.97103881835938
0.022938042879104614 0.022938042879104614 103.6070556640625
0.022336699068546295 0.022336699068546295 105.91726684570312
0.021808182820677757 0.021808182820677757 105.11468505859375
0.02199876308441162 0.02199876308441162 100.859619140625
0.02203023061156273 0.02203023061156273 104.04434204101562
0.023136291652917862 0.023136291652917862 106.45407104492188
0.021206984296441078 0.021206984296441078 107.08738708496094
0.020858807489275932 0.020858807489275932 103.88886260986328
0.022098004817962646 0.022098004817962646 105.0742416381836
0.022072192281484604 0.022072192281484604 103.02713012695312
0.022372648119926453 0.022372648119926453 102.78921508789062
0.02223804220557213 0.02223804220557213 104.0344009399414
0.021500077098608017 0.021500077098608017 103.2291259765625
0.02280092053115368 0.02280092053115368 104.27172088623047
0.020384404808282852 0.020384404808282852 101.66380310058594
0.021327102556824684 0.021327102556824684 105.48695373535156
0.021906007081270218 0.021906007081270218 108.15122985839844
0.02098206803202629 0.02098206803202629 103.26333618164062
0.022828862071037292 0.022828862071037292 106.14912414550781
0.02294236421585083 0.02294236421585083 97.49537658691406
0.022983286529779434 0.022983286529779434 103.09690856933594
0.019899234175682068 0.019899234175682068 104.02737426757812
0.022005101665854454 0.022005101665854454 100.78340148925781
0.021076273173093796 0.021076273173093796 99.39603424072266
0.02157605066895485 0.02157605066895485 103.68240356445312
0.021561454981565475 0.021561454981565475 102.71987915039062
0.021619779989123344 0.021619779989123344 99.39283752441406
0.02299542725086212 0.02299542725086212 101.637451171875
0.020398996770381927 0.020398996770381927 101.21681213378906
0.02081327885389328 0.02081327885389328 102.50740051269531
0.02082524076104164 0.02082524076104164 105.02971649169922
0.020953916013240814 0.020953916013240814 104.21463012695312
0.023650601506233215 0.023650601506233215 102.43435668945312
0.02028503082692623 0.02028503082692623 104.51866149902344
0.021234840154647827 0.021234840154647827 103.87582397460938
0.021902337670326233 0.021902337670326233 103.03087615966797
0.021177515387535095 0.021177515387535095 99.68476104736328
0.022575920447707176 0.022575920447707176 105.87773132324219
0.022488418966531754 0.022488418966531754 103.18087768554688
0.01983075961470604 0.01983075961470604 101.27906799316406
0.02380136027932167 0.02380136027932167 101.7138671875
0.020523082464933395 0.020523082464933395 101.33944702148438
0.021571259945631027 0.021571259945631027 102.49114990234375
0.021168675273656845 0.021168675273656845 102.62380981445312
0.021366890519857407 0.021366890519857407 106.4072265625
0.020710352808237076 0.020710352808237076 102.2816390991211
0.023233601823449135 0.023233601823449135 102.84537506103516
0.021294184029102325 0.021294184029102325 101.0863037109375
0.02154182270169258 0.02154182270169258 102.57676696777344
0.021255675703287125 0.021255675703287125 100.73464965820312
0.022473543882369995 0.022473543882369995 101.5907211303711
0.02332828938961029 0.02332828938961029 100.60313415527344
0.022213589400053024 0.022213589400053024 102.8472900390625
0.021938921883702278 0.021938921883702278 100.35191345214844
0.020130464807152748 0.020130464807152748 99.62245178222656
0.02102571353316307 0.02102571353316307 102.00099182128906
0.022580046206712723 0.022580046206712723 103.65635681152344
0.022605029866099358 0.022605029866099358 102.50785827636719
0.021010857075452805 0.021010857075452805 103.95378112792969
0.021362125873565674 0.021362125873565674 106.20425415039062
0.020418375730514526 0.020418375730514526 102.83271789550781
0.021769585087895393 0.021769585087895393 101.50135803222656
0.024140842258930206 0.024140842258930206 103.32235717773438
0.02238907665014267 0.02238907665014267 99.84126281738281
0.01988108642399311 0.01988108642399311 101.5123291015625
0.02135160192847252 0.02135160192847252 99.59695434570312
0.02082948014140129 0.02082948014140129 98.56051635742188
0.02262912318110466 0.02262912318110466 100.94569396972656
0.023135153576731682 0.023135153576731682 100.12239074707031
0.019773568958044052 0.019773568958044052 101.61085510253906
0.02103443257510662 0.02103443257510662 103.64832305908203
0.020805642008781433 0.020805642008781433 100.5259780883789
0.02264855057001114 0.02264855057001114 98.95735168457031
0.02303144335746765 0.02303144335746765 102.70167541503906
0.021985681727528572 0.021985681727528572 100.79190826416016
0.020714599639177322 0.020714599639177322 101.42448425292969
0.020881598815321922 0.020881598815321922 104.43515014648438
0.02193671278655529 0.02193671278655529 102.61784362792969
0.02091282606124878 0.02091282606124878 102.4791259765625
0.022924622520804405 0.022924622520804405 102.06259155273438
0.021464264020323753 0.021464264020323753 103.99805450439453
0.02174287661910057 0.02174287661910057 102.48846435546875
0.02099328488111496 0.02099328488111496 101.568115234375
0.022607143968343735 0.022607143968343735 97.52477264404297
0.021887220442295074 0.021887220442295074 102.76774597167969
0.02072291262447834 0.02072291262447834 101.26446533203125
0.0211782306432724 0.0211782306432724 102.17326354980469
0.022467052564024925 0.022467052564024925 102.55705261230469
0.022404033690690994 0.022404033690690994 103.42273712158203
0.020969215780496597 0.020969215780496597 104.56583404541016
0.021043237298727036 0.021043237298727036 102.65676879882812
0.022220492362976074 0.022220492362976074 104.33613586425781
0.020539619028568268 0.020539619028568268 102.37841796875
0.0206744447350502 0.0206744447350502 102.91337585449219
0.021398015320301056 0.021398015320301056 103.70516967773438
0.02116154506802559 0.02116154506802559 97.45787048339844
0.021486278623342514 0.021486278623342514 100.85159301757812
0.020590538159012794 0.020590538159012794 103.5121841430664
0.021861758083105087 0.021861758083105087 99.26651000976562
0.02194567769765854 0.02194567769765854 102.40330505371094
0.023033419623970985 0.023033419623970985 104.75827026367188
0.02077724039554596 0.02077724039554596 100.6585693359375
0.021235786378383636 0.021235786378383636 98.97612762451172
0.021167244762182236 0.021167244762182236 104.60246276855469
0.020263591781258583 0.020263591781258583 99.28591918945312
0.021765079349279404 0.021765079349279404 107.12391662597656
