0.1902408003807068 0.18630079925060272 3.9399940967559814
0.18517635762691498 0.18204742670059204 3.1289291381835938
0.17282351851463318 0.16998213529586792 2.8413782119750977
0.15833666920661926 0.1554834544658661 2.853221893310547
0.16192464530467987 0.15868526697158813 3.239377737045288
0.15270431339740753 0.14933818578720093 3.3661274909973145
0.15366555750370026 0.14987316727638245 3.792390823364258
0.14720486104488373 0.1432105302810669 3.9943363666534424
0.1406157910823822 0.13628439605236053 4.331390380859375
0.1399208903312683 0.13555091619491577 4.369978427886963
0.13367311656475067 0.12889377772808075 4.7793378829956055
0.13193663954734802 0.1267302930355072 5.206346035003662
0.13370400667190552 0.12834858894348145 5.355416774749756
0.12385783344507217 0.11808880418539047 5.769026756286621
0.1301063448190689 0.1239737793803215 6.132562637329102
0.12159810215234756 0.11523638665676117 6.3617119789123535
0.12262171506881714 0.11602655053138733 6.595167636871338
0.11377175152301788 0.10650132596492767 7.270427703857422
0.11697711795568466 0.10927422344684601 7.702894687652588
0.1140182614326477 0.10587875545024872 8.139509201049805
0.11430687457323074 0.10574276000261307 8.56411361694336
0.11027221381664276 0.1010964959859848 9.175715446472168
0.10741852223873138 0.09753834456205368 9.880179405212402
0.10883545130491257 0.09813378751277924 10.701663970947266
0.1022128313779831 0.0909879133105278 11.224915504455566
0.10689333081245422 0.09507592767477036 11.817399978637695
0.10096033662557602 0.08865877985954285 12.301558494567871
0.09450861066579819 0.08194145560264587 12.567155838012695
0.09699290245771408 0.08418506383895874 12.807836532592773
0.09684544801712036 0.08349686861038208 13.348576545715332
0.09597888588905334 0.08269272744655609 13.286157608032227
0.09804514795541763 0.0845257043838501 13.519445419311523
0.08916010707616806 0.07640889286994934 12.751214981079102
0.08527936786413193 0.07301685959100723 12.262510299682617
0.088422030210495 0.07557719945907593 12.844833374023438
0.08538437634706497 0.07277648895978928 12.607889175415039
0.08567073196172714 0.07298892736434937 12.681806564331055
0.08354569226503372 0.07144812494516373 12.097566604614258
0.0846494510769844 0.07225000858306885 12.399444580078125
0.08314267545938492 0.07086360454559326 12.279067993164062
0.07931605726480484 0.06732676178216934 11.989295959472656
0.08194012194871902 0.06972622871398926 12.213894844055176
0.07963664084672928 0.06722258031368256 12.414060592651367
0.07872453331947327 0.0671578198671341 11.566713333129883
0.07712147384881973 0.06504407525062561 12.077396392822266
0.07954537868499756 0.06818635016679764 11.359025001525879
0.07592298835515976 0.06412732601165771 11.795660018920898
0.07319989800453186 0.06260845065116882 10.59144401550293
0.07402031123638153 0.06352144479751587 10.498862266540527
0.07812601327896118 0.06762360781431198 10.502403259277344
0.07323548942804337 0.06297346949577332 10.262020111083984
0.0780687928199768 0.06762361526489258 10.445178031921387
0.07695026695728302 0.06705338507890701 9.896881103515625
0.07475770264863968 0.0649842619895935 9.773443222045898
0.07363401353359222 0.0634145736694336 10.219436645507812
0.07262250036001205 0.06217845156788826 10.444049835205078
0.07643261551856995 0.06623391807079315 10.198694229125977
0.0716475248336792 0.06157795339822769 10.069570541381836
0.06824420392513275 0.05829967185854912 9.944533348083496
0.06979413330554962 0.06026892364025116 9.525205612182617
0.06640716642141342 0.056828491389751434 9.5786771774292
0.06927524507045746 0.06019246578216553 9.082777976989746
0.06891316175460815 0.06013720482587814 8.775952339172363
0.0705433264374733 0.06170780956745148 8.835515975952148
0.06824375689029694 0.05932919681072235 8.914555549621582
0.06578205525875092 0.05683744698762894 8.94460678100586
0.0684594139456749 0.059433020651340485 9.026394844055176
0.06860866397619247 0.05932836979627609 9.280292510986328
0.0696059986948967 0.06022106483578682 9.38493537902832
0.07020588219165802 0.06063877418637276 9.567106246948242
0.06695549935102463 0.05744345858693123 9.512041091918945
0.06564835458993912 0.056377481669187546 9.270872116088867
0.06717394292354584 0.058188632130622864 8.985313415527344
0.06431528925895691 0.05563966557383537 8.675621032714844
0.06709134578704834 0.05856846645474434 8.522876739501953
0.06294920295476913 0.05446343868970871 8.485764503479004
0.06582210958003998 0.05768126994371414 8.140840530395508
0.06859111785888672 0.06033074110746384 8.260379791259766
0.06681013852357864 0.05821249634027481 8.597644805908203
0.06701698154211044 0.05844707787036896 8.569902420043945
0.06997217237949371 0.06090746074914932 9.064713478088379
0.06589210778474808 0.05661237612366676 9.279733657836914
0.06546778976917267 0.05611242353916168 9.355368614196777
0.06357616931200027 0.05469295382499695 8.883214950561523
0.06137339025735855 0.052081190049648285 9.292201042175293
0.06270503997802734 0.05453991889953613 8.165122032165527
0.06179080158472061 0.053585171699523926 8.20562744140625
0.06610968708992004 0.05815133452415466 7.958355903625488
0.0636998862028122 0.05582589656114578 7.873985290527344
0.06231587380170822 0.05444321781396866 7.872657299041748
0.062123335897922516 0.05427318066358566 7.850152969360352
0.06175057217478752 0.05378074198961258 7.969829559326172
0.06016499549150467 0.052280038595199585 7.884955406188965
0.06193213909864426 0.053959306329488754 7.972834587097168
0.06471597403287888 0.05667201429605484 8.043957710266113
0.062452442944049835 0.05409374088048935 8.358699798583984
0.060645125806331635 0.052498310804367065 8.14681625366211
0.06269964575767517 0.0546385794878006 8.06106948852539
0.06036004051566124 0.05253539979457855 7.824639797210693
0.06279770284891129 0.05504775047302246 7.749952793121338
0.059945590794086456 0.05273990333080292 7.2056884765625
0.06213919818401337 0.05504355579614639 7.095640182495117
0.05948302149772644 0.05216813087463379 7.314891815185547
0.06052396446466446 0.053392596542835236 7.1313676834106445
0.06371333450078964 0.05643375962972641 7.279576778411865
0.0612182579934597 0.05373150855302811 7.486748695373535
0.060440823435783386 0.05279400572180748 7.646819114685059
0.05983150750398636 0.05199825391173363 7.833252906799316
0.0604996532201767 0.05237116664648056 8.128484725952148
0.05949866771697998 0.05176208168268204 7.736584186553955
0.06025196611881256 0.05246672034263611 7.785244941711426
0.059969671070575714 0.05258290469646454 7.386764049530029
0.05857878923416138 0.05128227174282074 7.296518325805664
0.06289311498403549 0.05588727816939354 7.005835056304932
0.05825653672218323 0.051269881427288055 6.986655235290527
0.06135595962405205 0.05412814021110535 7.227819442749023
0.06016852334141731 0.05228110030293465 7.887421607971191
0.06095222383737564 0.052993759512901306 7.958463668823242
0.061949312686920166 0.05390779674053192 8.041515350341797
0.061283499002456665 0.05311030149459839 8.173196792602539
0.056581687182188034 0.04840254783630371 8.179140090942383
0.060684844851493835 0.05290498211979866 7.779863357543945
0.0577261745929718 0.04991767555475235 7.808497428894043
0.057572491466999054 0.049787603318691254 7.784886360168457
0.05871523544192314 0.05117209255695343 7.543142795562744
0.056821878999471664 0.04976128041744232 7.060598373413086
0.05795256793498993 0.051064226776361465 6.888340950012207
0.05994907021522522 0.05294191092252731 7.007160186767578
0.056610964238643646 0.049369506537914276 7.241456031799316
0.058693792670965195 0.05149240046739578 7.201390266418457
0.05934988334774971 0.05212923139333725 7.2206501960754395
0.05987022817134857 0.0521521121263504 7.71811580657959
0.057108357548713684 0.04923304542899132 7.875313758850098
0.06016121804714203 0.05228564888238907 7.8755693435668945
0.058640625327825546 0.050886370241642 7.754254341125488
0.05932756885886192 0.0519414022564888 7.386165142059326
0.05806918442249298 0.05084613710641861 7.223045349121094
0.05993029475212097 0.05254364758729935 7.386646270751953
0.05778331309556961 0.05051155015826225 7.271763324737549
0.0541808120906353 0.04674883186817169 7.431980609893799
0.05696478486061096 0.0494193434715271 7.545443058013916
0.055045899003744125 0.0474109947681427 7.634903907775879
0.054968878626823425 0.04712369665503502 7.845183849334717
0.06001034006476402 0.05221644788980484 7.793890476226807
0.05888594686985016 0.050789974629879 8.095972061157227
0.056987639516592026 0.04868745803833008 8.300182342529297
0.05662323907017708 0.048362985253334045 8.26025390625
0.056664321571588516 0.04840649664402008 8.257824897766113
0.05746624618768692 0.04962027817964554 7.845965385437012
0.056850504130125046 0.04925664886832237 7.593856334686279
0.051706112921237946 0.04437629505991936 7.329815864562988
0.05825488641858101 0.05137711390852928 6.877771377563477
0.057770051062107086 0.050669096410274506 7.100952625274658
0.054496824741363525 0.04732934385538101 7.167478561401367
0.05633481591939926 0.04914774000644684 7.187077045440674
0.05714128166437149 0.049775250256061554 7.36603307723999
0.05472678318619728 0.04707564041018486 7.651141166687012
0.05774134770035744 0.050184376537799835 7.556970596313477
0.054602786898612976 0.04699165001511574 7.6111369132995605
0.056153152137994766 0.04854835197329521 7.604800701141357
0.0547136589884758 0.047222621738910675 7.491034984588623
0.05379695072770119 0.04638882726430893 7.40812349319458
0.056614913046360016 0.049138348549604416 7.476564884185791
0.05934705212712288 0.05222174525260925 7.12530517578125
0.05528144910931587 0.048190414905548096 7.091033935546875
0.056599438190460205 0.04940640181303024 7.193037509918213
0.05334926396608353 0.045930296182632446 7.418966293334961
0.0526089146733284 0.04485585540533066 7.753057479858398
0.0550316646695137 0.047241657972335815 7.790006160736084
0.05377254635095596 0.0461542084813118 7.618338584899902
0.05318285524845123 0.04562490060925484 7.557954788208008
0.05344207212328911 0.04581849277019501 7.623579025268555
0.054722122848033905 0.04742899909615517 7.293125152587891
0.055176105350255966 0.04790552705526352 7.2705793380737305
0.05256872624158859 0.04520641267299652 7.362314224243164
0.05650782585144043 0.04872627556324005 7.781548976898193
0.05674602463841438 0.04884439706802368 7.9016265869140625
0.055760063230991364 0.047477543354034424 8.282520294189453
0.056028351187705994 0.047475747764110565 8.552604675292969
0.053559258580207825 0.04534206539392471 8.217192649841309
0.055800821632146835 0.047797802835702896 8.003019332885742
0.05420912802219391 0.046359460800886154 7.849667549133301
0.05424065515398979 0.04684159904718399 7.399056911468506
0.05487546697258949 0.047359906136989594 7.515559196472168
0.05299883335828781 0.045453622937202454 7.545209884643555
0.053997594863176346 0.046442486345767975 7.5551066398620605
0.051383279263973236 0.043637558817863464 7.745719909667969
0.053687188774347305 0.0456978864967823 7.989301681518555
0.05286847800016403 0.04469505697488785 8.173421859741211
0.053212814033031464 0.04516344517469406 8.04936695098877
0.05107846111059189 0.04331300035119057 7.765460968017578
0.052768416702747345 0.044875673949718475 7.8927412033081055
0.050907500088214874 0.043292246758937836 7.61525297164917
0.05188747122883797 0.044421952217817307 7.465517044067383
0.04994611814618111 0.04273843765258789 7.2076802253723145
0.054415490478277206 0.04700368642807007 7.411803245544434
0.053186170756816864 0.04561740159988403 7.568767070770264
0.0518435463309288 0.04427727311849594 7.56627082824707
0.05017166584730148 0.042413897812366486 7.757768630981445
0.05221743509173393 0.044248342514038086 7.969093322753906
0.05175906419754028 0.0436769500374794 8.082115173339844
0.05423984304070473 0.04571562260389328 8.524219512939453
0.05248739942908287 0.04428659379482269 8.2008056640625
0.05464928597211838 0.04698674753308296 7.662537097930908
0.05650113523006439 0.04856530576944351 7.935826778411865
0.049312397837638855 0.041394636034965515 7.917761325836182
0.05077757313847542 0.04281400144100189 7.963570594787598
0.05229504406452179 0.04423326253890991 8.061782836914062
0.05360112339258194 0.04569616913795471 7.904951572418213
0.04976404085755348 0.04183802381157875 7.926015377044678
0.051439959555864334 0.04357916861772537 7.8607916831970215
0.05065075308084488 0.04263242334127426 8.018331527709961
0.050113849341869354 0.04251223802566528 7.601609230041504
0.04870201274752617 0.04098913446068764 7.712878227233887
0.05309942364692688 0.04573404788970947 7.365375518798828
0.052868813276290894 0.04498104751110077 7.8877668380737305
0.050146229565143585 0.041922956705093384 8.223271369934082
0.05133862420916557 0.043398417532444 7.940207481384277
0.05379966273903847 0.045585907995700836 8.213754653930664
0.051731012761592865 0.043229710310697556 8.501300811767578
0.05205262452363968 0.04367047920823097 8.382146835327148
0.051677923649549484 0.0430716872215271 8.606237411499023
0.05206228047609329 0.04380481690168381 8.257461547851562
0.05048951134085655 0.04233546555042267 8.154045104980469
0.05025095120072365 0.04258488118648529 7.666069984436035
0.050711359828710556 0.04299510270357132 7.716256141662598
0.05118139088153839 0.04344605654478073 7.735334396362305
0.052383385598659515 0.04466306045651436 7.720325946807861
0.05171853303909302 0.043549664318561554 8.168868064880371
0.05129271373152733 0.04297275096178055 8.319961547851562
0.04788658767938614 0.0393790528178215 8.507535934448242
0.05155684053897858 0.04299498349428177 8.56185531616211
0.050991542637348175 0.04229993373155594 8.691610336303711
0.05035190284252167 0.04217734560370445 8.174558639526367
0.05060559883713722 0.04261162132024765 7.993978500366211
0.049271732568740845 0.04129807651042938 7.973654747009277
0.05137424170970917 0.0432395339012146 8.134705543518066
0.05133458226919174 0.04342670366168022 7.90787935256958
0.05091966688632965 0.04230702295899391 8.612642288208008
0.04985562711954117 0.041721586138010025 8.134038925170898
0.04792051389813423 0.0393751822412014 8.545331001281738
0.04867817461490631 0.040065109729766846 8.613064765930176
0.04871063679456711 0.040193893015384674 8.516741752624512
0.04973810911178589 0.04112418368458748 8.613924980163574
0.05101104825735092 0.04269982874393463 8.311217308044434
0.04914131388068199 0.040822774171829224 8.318540573120117
0.05006212741136551 0.04198567569255829 8.07645034790039
0.04895961657166481 0.04122106730937958 7.738547325134277
0.048532262444496155 0.04031971096992493 8.212549209594727
0.04900818690657616 0.04067698121070862 8.331204414367676
0.04887961596250534 0.04060205817222595 8.277559280395508
0.04962063208222389 0.04140216112136841 8.218469619750977
0.04880186542868614 0.04036913067102432 8.432733535766602
0.04972723498940468 0.041223447769880295 8.503786087036133
0.049443550407886505 0.04118978977203369 8.253758430480957
0.05125536024570465 0.04332392290234566 7.931436538696289
0.04816501587629318 0.040125224739313126 8.039789199829102
0.048866793513298035 0.04093732312321663 7.929468631744385
0.049952857196331024 0.042143791913986206 7.8090643882751465
0.050667792558670044 0.04287159442901611 7.796195983886719
0.04723963886499405 0.03925773501396179 7.981904983520508
0.04805288463830948 0.04000388830900192 8.048996925354004
0.05011419579386711 0.041888341307640076 8.225854873657227
0.05179627984762192 0.0431717187166214 8.624560356140137
0.04582849517464638 0.03759049251675606 8.238000869750977
0.0481683723628521 0.03983695060014725 8.3314208984375
0.0487309955060482 0.04057198762893677 8.159006118774414
0.046903569251298904 0.03885682299733162 8.046746253967285
0.04668303579092026 0.038231924176216125 8.451112747192383
0.04801243916153908 0.039641208946704865 8.371231079101562
0.0495821088552475 0.04121604934334755 8.366058349609375
0.04921117052435875 0.040760599076747894 8.450570106506348
0.047733455896377563 0.03941034898161888 8.323104858398438
0.05123541131615639 0.04243128374218941 8.804126739501953
0.0477682389318943 0.03926016762852669 8.508070945739746
0.048748038709163666 0.039920445531606674 8.827594757080078
0.04801256209611893 0.039201393723487854 8.81116771697998
0.048645734786987305 0.040268901735544205 8.376832962036133
0.04771680012345314 0.03933625668287277 8.380542755126953
0.046930767595767975 0.03914319723844528 7.787570953369141
0.04921196028590202 0.04114815965294838 8.063798904418945
0.051056209951639175 0.043007951229810715 8.048258781433105
0.04919813573360443 0.04118672013282776 8.011417388916016
0.049242112785577774 0.04121091589331627 8.031197547912598
0.04792669042944908 0.03940324857831001 8.523441314697266
0.04958999156951904 0.04111921042203903 8.470780372619629
0.049953483045101166 0.0416543185710907 8.299163818359375
0.04688173159956932 0.03876950591802597 8.112226486206055
0.04643763601779938 0.038311127573251724 8.126506805419922
0.04977185279130936 0.041490912437438965 8.280939102172852
0.043815869837999344 0.03556305915117264 8.252811431884766
0.04658229276537895 0.038270220160484314 8.31207275390625
0.04855085164308548 0.040098220109939575 8.452629089355469
0.04591703414916992 0.03741846978664398 8.49856185913086
0.04739870876073837 0.03882751241326332 8.571194648742676
0.04547668620944023 0.03690668195486069 8.570003509521484
0.04587224870920181 0.03706436604261398 8.807884216308594
0.0471210777759552 0.03887090086936951 8.250174522399902
0.04524598643183708 0.03678380697965622 8.462178230285645
0.04570049047470093 0.03727230429649353 8.428186416625977
0.04758806899189949 0.039136771112680435 8.451298713684082
0.047083109617233276 0.03863829746842384 8.444811820983887
0.04791157692670822 0.03929606080055237 8.61551570892334
0.04739047959446907 0.03862700238823891 8.763476371765137
0.04789784923195839 0.03911170735955238 8.786142349243164
0.0485469251871109 0.039606451988220215 8.940470695495605
0.04827433452010155 0.039392709732055664 8.881624221801758
0.048436589539051056 0.03903121501207352 9.405372619628906
0.045266322791576385 0.03637212887406349 8.894195556640625
0.047319505363702774 0.038018591701984406 9.300911903381348
0.04696947708725929 0.03787662833929062 9.09284782409668
0.04527443274855614 0.036600206047296524 8.674226760864258
0.047833558171987534 0.03926799073815346 8.565567016601562
0.046487558633089066 0.03795161098241806 8.535947799682617
0.04348607361316681 0.034923773258924484 8.562301635742188
0.04465398192405701 0.036170292645692825 8.48369026184082
0.04758242517709732 0.03917019069194794 8.412233352661133
0.04517709091305733 0.03665803372859955 8.519057273864746
0.04593976214528084 0.03699050471186638 8.94925594329834
0.04647006094455719 0.0379660427570343 8.504016876220703
0.044403254985809326 0.035945143550634384 8.458110809326172
0.04570388048887253 0.0375182069838047 8.185670852661133
0.04730944335460663 0.0389755517244339 8.333891868591309
0.047676730901002884 0.03933914750814438 8.337583541870117
0.0472029410302639 0.03920859098434448 7.994349002838135
0.045832131057977676 0.03788892552256584 7.943203926086426
0.04461278021335602 0.03610260784626007 8.510169982910156
0.04442908242344856 0.03588768094778061 8.541399955749512
0.04625467583537102 0.03750305622816086 8.751620292663574
0.0472027063369751 0.038580767810344696 8.621939659118652
0.04622303321957588 0.03736945614218712 8.85357666015625
0.04473358392715454 0.03612922132015228 8.604362487792969
0.047165967524051666 0.03838389366865158 8.782072067260742
0.04534444957971573 0.036786168813705444 8.558281898498535
0.04675503075122833 0.03804779797792435 8.707231521606445
0.0472906269133091 0.03850086033344269 8.789766311645508
0.046053677797317505 0.037375807762145996 8.67786979675293
0.046650923788547516 0.03748880326747894 9.162121772766113
0.04559654742479324 0.036683034151792526 8.913515090942383
0.04609015956521034 0.0368802435696125 9.209914207458496
0.04713056981563568 0.037872351706027985 9.258216857910156
0.046366602182388306 0.03734571859240532 9.020883560180664
0.04519897699356079 0.03624263405799866 8.956340789794922
0.044610533863306046 0.03582443296909332 8.786099433898926
0.046148449182510376 0.037179287523031235 8.969161987304688
0.04499922692775726 0.03639351576566696 8.605711936950684
0.04832329973578453 0.03975223749876022 8.571062088012695
0.047828540205955505 0.03865210711956024 9.176431655883789
0.04424123466014862 0.03538300096988678 8.858234405517578
0.04602237045764923 0.03680700808763504 9.215362548828125
0.04552534222602844 0.03658818453550339 8.937155723571777
0.045951660722494125 0.03669029474258423 9.261366844177246
0.04508950188755989 0.03567512333393097 9.414379119873047
0.04444276541471481 0.035449158400297165 8.993606567382812
0.04405582696199417 0.03524573892354965 8.810087203979492
0.0464271642267704 0.03785122185945511 8.57594108581543
0.04621172696352005 0.03755813091993332 8.653596878051758
0.04351238161325455 0.03470029681921005 8.812084197998047
0.04424479603767395 0.03554810583591461 8.696687698364258
0.045096661895513535 0.03617177903652191 8.924881935119629
0.04712396860122681 0.038354746997356415 8.769221305847168
0.04476051405072212 0.035750389099121094 9.010124206542969
0.04208963364362717 0.0331185907125473 8.971044540405273
0.04505030810832977 0.03628629073500633 8.764017105102539
0.047123998403549194 0.03830672428011894 8.81727409362793
0.04343746230006218 0.03430420905351639 9.13325309753418
0.04036606848239899 0.031758762896060944 8.607307434082031
0.043422140181064606 0.034576039761304855 8.846099853515625
0.044381000101566315 0.03515627980232239 9.224720001220703
0.04294312372803688 0.034067001193761826 8.876121520996094
0.04631379246711731 0.037635453045368195 8.678337097167969
0.04443661868572235 0.03565218299627304 8.784435272216797
0.044489581137895584 0.03560172766447067 8.88785171508789
0.04535661265254021 0.036193929612636566 9.162681579589844
0.04598842188715935 0.037127137184143066 8.861284255981445
0.04613126441836357 0.03694336861371994 9.187894821166992
0.042583879083395004 0.033131666481494904 9.452213287353516
0.04573141783475876 0.03592948243021965 9.801937103271484
0.0467379093170166 0.03735373914241791 9.384167671203613
0.045493658632040024 0.035823799669742584 9.669858932495117
0.043311573565006256 0.03359907865524292 9.712496757507324
0.043615903705358505 0.034386035054922104 9.22986888885498
0.04770476743578911 0.03838041424751282 9.324352264404297
0.04273943230509758 0.033488884568214417 9.250547409057617
0.04654177650809288 0.037202782928943634 9.33899211883545
0.044258102774620056 0.035199254751205444 9.058845520019531
0.043513230979442596 0.03459573909640312 8.917490005493164
0.04075460135936737 0.032033465802669525 8.721134185791016
0.045100659132003784 0.035947032272815704 9.153624534606934
0.04280199110507965 0.033850885927677155 8.951105117797852
0.04436413198709488 0.0356186144053936 8.745515823364258
0.04549045488238335 0.036793023347854614 8.697431564331055
0.041878942400217056 0.03317888081073761 8.70005989074707
0.04325888305902481 0.034480031579732895 8.778849601745605
0.04515354335308075 0.03651243448257446 8.64111042022705
0.04532735422253609 0.03632686287164688 9.000490188598633
0.04130987450480461 0.032495833933353424 8.814041137695312
0.04538594186306 0.03621693700551987 9.16900634765625
0.04529166221618652 0.03595515340566635 9.336507797241211
0.04585845768451691 0.03648931533098221 9.369139671325684
0.04404895380139351 0.03482192009687424 9.227032661437988
0.043352074921131134 0.03452335298061371 8.828720092773438
0.04344041645526886 0.03409379720687866 9.34661865234375
0.043763067573308945 0.034408219158649445 9.354848861694336
0.04306060075759888 0.03392549976706505 9.135099411010742
0.04408334568142891 0.03483474254608154 9.248601913452148
0.04171908274292946 0.03259348124265671 9.12559986114502
0.04345757141709328 0.03385008126497269 9.607488632202148
0.04149378091096878 0.03274945914745331 8.744322776794434
0.04296445846557617 0.03391292318701744 9.051534652709961
0.04632674157619476 0.037069737911224365 9.257001876831055
0.043339550495147705 0.03413272649049759 9.206822395324707
0.0443836972117424 0.03512199968099594 9.261695861816406
0.04383601248264313 0.03439033031463623 9.445683479309082
0.04264676570892334 0.03339267522096634 9.254088401794434
0.04491065442562103 0.035137295722961426 9.773358345031738
0.04642098769545555 0.036528922617435455 9.892065048217773
0.046320751309394836 0.03641035407781601 9.910396575927734
0.044069353491067886 0.03382807970046997 10.241273880004883
0.04340093582868576 0.03333805501461029 10.062881469726562
0.04490715265274048 0.035189736634492874 9.717416763305664
0.041489362716674805 0.031784944236278534 9.704419136047363
0.041504889726638794 0.032242003828287125 9.262886047363281
0.044269055128097534 0.035052262246608734 9.216792106628418
0.043157488107681274 0.03404276445508003 9.114725112915039
0.044266704469919205 0.03521178662776947 9.05491828918457
0.04505370557308197 0.03575003892183304 9.303668022155762
0.042165450751781464 0.032988399267196655 9.177051544189453
0.04529222100973129 0.03593146800994873 9.360754013061523
0.043606601655483246 0.03432612866163254 9.280471801757812
0.04423411190509796 0.03494294732809067 9.291166305541992
0.04093749821186066 0.03138957545161247 9.54792308807373
0.046639584004879 0.037220969796180725 9.418615341186523
0.04384862259030342 0.034657999873161316 9.190622329711914
0.04339160770177841 0.034411292523145676 8.980315208435059
0.043342676013708115 0.03394472226500511 9.397953033447266
0.044184282422065735 0.03495742753148079 9.22685432434082
0.03972114250063896 0.030359487980604172 9.361655235290527
0.04128778353333473 0.032392531633377075 8.89525032043457
0.042855218052864075 0.034071117639541626 8.784097671508789
0.044020410627126694 0.03518309444189072 8.837315559387207
0.044439174234867096 0.03510371223092079 9.33546257019043
0.0413648746907711 0.032078612595796585 9.286262512207031
0.04437946528196335 0.03491394594311714 9.465518951416016
0.044988617300987244 0.035347044467926025 9.641570091247559
0.04124483838677406 0.03166855126619339 9.576285362243652
0.041440218687057495 0.031704191118478775 9.736028671264648
0.043439529836177826 0.03345169126987457 9.987836837768555
0.04399292171001434 0.03442046791315079 9.572454452514648
0.04233339801430702 0.03278345987200737 9.549936294555664
0.04377863183617592 0.03446543216705322 9.313199996948242
0.043088994920253754 0.033143386244773865 9.94560718536377
0.04253730550408363 0.03326413780450821 9.27316665649414
0.04461583495140076 0.0350993275642395 9.516505241394043
0.04418162629008293 0.03449171409010887 9.689910888671875
0.041220154613256454 0.03179563581943512 9.424518585205078
0.0403023399412632 0.030876755714416504 9.425582885742188
0.04206552729010582 0.03311433643102646 8.951189994812012
0.04209110140800476 0.03282937407493591 9.261727333068848
0.04193999618291855 0.032945096492767334 8.994897842407227
0.04174938052892685 0.03260478004813194 9.144601821899414
0.044683367013931274 0.03548751026391983 9.195857048034668
0.04117337241768837 0.03201395273208618 9.159418106079102
0.04280289262533188 0.03382251039147377 8.98038387298584
0.043110206723213196 0.03357834741473198 9.531856536865234
0.0438837856054306 0.034451812505722046 9.431973457336426
0.04255576431751251 0.03306955099105835 9.486213684082031
0.043689992278814316 0.03413063660264015 9.559354782104492
0.042261574417352676 0.03334546834230423 8.916106224060059
0.042494580149650574 0.03306983783841133 9.42474365234375
0.04207620769739151 0.03232284635305405 9.753362655639648
0.04363492131233215 0.03382829204201698 9.806629180908203
0.044020965695381165 0.034058827906847 9.962139129638672
0.04439555108547211 0.034328386187553406 10.06716251373291
0.04385944828391075 0.03415245562791824 9.706991195678711
0.04163330793380737 0.03208151459693909 9.551794052124023
0.042009416967630386 0.03239454701542854 9.6148681640625
0.04250914603471756 0.032779742032289505 9.72940444946289
0.04351432994008064 0.034097135066986084 9.417194366455078
0.0411716103553772 0.031813669949769974 9.357938766479492
0.03924247622489929 0.03002593293786049 9.21654224395752
0.04394424334168434 0.034300364553928375 9.643877029418945
0.04058266431093216 0.030878163874149323 9.704500198364258
0.043073661625385284 0.03381073474884033 9.262924194335938
0.041239432990550995 0.031956255435943604 9.283178329467773
0.04424720257520676 0.03516675904393196 9.080445289611816
0.04282782971858978 0.03317275643348694 9.655071258544922
0.043971240520477295 0.03421597182750702 9.755270004272461
0.04204423725605011 0.032476119697093964 9.56811809539795
0.0422772653400898 0.03254426270723343 9.733002662658691
0.045202769339084625 0.035133469849824905 10.069300651550293
0.042978037148714066 0.03277101367712021 10.207021713256836
0.04286741092801094 0.03292999416589737 9.937416076660156
0.04289661720395088 0.03320576250553131 9.690855026245117
0.042802970856428146 0.0332365445792675 9.566425323486328
0.04671661928296089 0.036981984972953796 9.73463249206543
0.04314239323139191 0.03369951993227005 9.44287109375
0.04102250933647156 0.031804829835891724 9.217679977416992
0.04200953245162964 0.03242425620555878 9.585273742675781
0.042262304574251175 0.032773055136203766 9.489250183105469
0.042535990476608276 0.03283388540148735 9.702106475830078
0.04235836863517761 0.03286859020590782 9.489776611328125
0.043687839061021805 0.03415526822209358 9.532569885253906
0.042927227914333344 0.03351520374417305 9.412025451660156
0.04211200401186943 0.032353512942790985 9.758489608764648
0.04167564958333969 0.03186541050672531 9.810239791870117
0.04261503741145134 0.033409394323825836 9.205643653869629
0.042504072189331055 0.03304029628634453 9.463777542114258
0.043778616935014725 0.03402816504240036 9.750452041625977
0.04152581840753555 0.031636565923690796 9.889249801635742
0.04462379962205887 0.034263789653778076 10.360010147094727
0.04131166264414787 0.031543832272291183 9.767829895019531
0.0412607379257679 0.031018877401947975 10.241859436035156
0.04024370014667511 0.030283279716968536 9.960419654846191
0.04188469797372818 0.03208477050065994 9.799924850463867
0.0409211665391922 0.03091338835656643 10.007779121398926
0.04397280141711235 0.03441041707992554 9.562384605407715
0.040600135922431946 0.031003475189208984 9.596658706665039
0.04018286615610123 0.030505195260047913 9.677669525146484
0.0418727807700634 0.03231323882937431 9.559541702270508
0.042304158210754395 0.03244991600513458 9.854243278503418
0.039840277284383774 0.030280012637376785 9.560263633728027
0.04345077648758888 0.0334591381251812 9.99163818359375
0.04171740263700485 0.031773313879966736 9.944089889526367
0.04165077209472656 0.03170862793922424 9.942145347595215
0.04195205867290497 0.032333649694919586 9.618410110473633
0.041469499468803406 0.032081238925457 9.38825798034668
0.04121212661266327 0.031632691621780396 9.579436302185059
0.04404442012310028 0.03462652862071991 9.417891502380371
0.04275902360677719 0.0335119292140007 9.247095108032227
0.03959148749709129 0.030046310275793076 9.545177459716797
0.042833663523197174 0.03308293968439102 9.750724792480469
0.04037494212388992 0.030636940151453018 9.73800277709961
0.04109332337975502 0.03153553977608681 9.557783126831055
0.04049147665500641 0.03083624318242073 9.655235290527344
0.04252985119819641 0.03291821479797363 9.611638069152832
0.042090848088264465 0.03230516240000725 9.785686492919922
0.04200732707977295 0.032110270112752914 9.897054672241211
0.04193209111690521 0.032115355134010315 9.816733360290527
0.04197648912668228 0.032031770795583725 9.944719314575195
0.041068289428949356 0.031252533197402954 9.815755844116211
0.04328566789627075 0.03336191549897194 9.923749923706055
0.04038239270448685 0.030458468943834305 9.923921585083008
0.041571907699108124 0.03156796097755432 10.003946304321289
0.04156845435500145 0.032035328447818756 9.533124923706055
0.0405133031308651 0.03063908778131008 9.874214172363281
0.04301418364048004 0.03285735100507736 10.15683364868164
0.0397007092833519 0.030132247135043144 9.568461418151855
0.04011036455631256 0.030494511127471924 9.615852355957031
0.03839205577969551 0.02880888432264328 9.583169937133789
0.04166164994239807 0.03258049860596657 9.08115005493164
0.041621945798397064 0.03227132558822632 9.350621223449707
0.042644254863262177 0.03316514194011688 9.479113578796387
0.042978785932064056 0.03349829837679863 9.480486869812012
0.04023946449160576 0.030821438878774643 9.418025970458984
0.04013022780418396 0.03078320436179638 9.347023010253906
0.04041992500424385 0.030688658356666565 9.731266021728516
0.04087096080183983 0.030917856842279434 9.953104019165039
0.03949317708611488 0.02959756925702095 9.895606994628906
0.03906781226396561 0.029283132404088974 9.784679412841797
0.03848446160554886 0.029351893812417984 9.132568359375
0.040029145777225494 0.030378088355064392 9.651056289672852
0.038554854691028595 0.028880782425403595 9.674072265625
0.04020347446203232 0.03031124547123909 9.892227172851562
0.04130687192082405 0.03157786279916763 9.729008674621582
0.04212907701730728 0.03262154012918472 9.507534980773926
0.041048645973205566 0.03156629204750061 9.482355117797852
0.03914649784564972 0.029222114011645317 9.924381256103516
0.04174371436238289 0.031986817717552185 9.756896018981934
0.03885310888290405 0.02933068946003914 9.522420883178711
0.04222147539258003 0.0321972481906414 10.024226188659668
0.04383973777294159 0.03395264968276024 9.887088775634766
0.04166532680392265 0.03166189044713974 10.003435134887695
0.0417085662484169 0.03179949149489403 9.909074783325195
0.04130731523036957 0.03140770643949509 9.89960765838623
0.03955100104212761 0.029565179720520973 9.985819816589355
0.04186997935175896 0.031747665256261826 10.122312545776367
0.04359857738018036 0.03334927558898926 10.249299049377441
0.03984764218330383 0.029528841376304626 10.318799018859863
0.03937781974673271 0.029479756951332092 9.898062705993652
0.04057365283370018 0.030638324096798897 9.935327529907227
0.04029952734708786 0.03041270561516285 9.886819839477539
0.04106676205992699 0.03139253333210945 9.67422866821289
0.040309298783540726 0.030303077772259712 10.006220817565918
0.0411110520362854 0.03136526793241501 9.745782852172852
0.041154250502586365 0.03160927817225456 9.544973373413086
0.039574652910232544 0.02932974509894848 10.244905471801758
0.04061263054609299 0.030366703867912292 10.245927810668945
0.04293632507324219 0.0327143669128418 10.221956253051758
0.03941849246621132 0.029634971171617508 9.78352165222168
0.04134868457913399 0.031047580763697624 10.301103591918945
0.039682596921920776 0.029885774478316307 9.796823501586914
0.03909777104854584 0.02943895012140274 9.658818244934082
0.040205154567956924 0.030560871586203575 9.644281387329102
0.039650581777095795 0.029963240027427673 9.687339782714844
0.041883036494255066 0.0322452113032341 9.637823104858398
0.04319427162408829 0.03383056819438934 9.363700866699219
0.03847957029938698 0.02898956649005413 9.490002632141113
0.040614910423755646 0.0310117918998003 9.603118896484375
0.04019739106297493 0.030601946637034416 9.595443725585938
0.041971515864133835 0.031749919056892395 10.221597671508789
0.0414402037858963 0.031388070434331894 10.052133560180664
0.039404984563589096 0.029651254415512085 9.753730773925781
0.037281788885593414 0.027175545692443848 10.106245040893555
0.04013646021485329 0.030145565047860146 9.990894317626953
0.04073940962553024 0.030723586678504944 10.01582145690918
0.04290635883808136 0.03257312253117561 10.333234786987305
0.03767326474189758 0.027553211897611618 10.120051383972168
0.040789827704429626 0.030378371477127075 10.411455154418945
0.04090256243944168 0.030547261238098145 10.355300903320312
0.040760621428489685 0.03091583400964737 9.844788551330566
0.04025823622941971 0.030108779668807983 10.149455070495605
0.039399027824401855 0.02936270833015442 10.036317825317383
0.0416703000664711 0.03155152127146721 10.118780136108398
0.038765162229537964 0.028550725430250168 10.214437484741211
0.040580864995718 0.030342992395162582 10.237871170043945
0.04039496183395386 0.030086904764175415 10.308055877685547
0.03839517757296562 0.028515644371509552 9.879533767700195
0.04160820692777634 0.03160775452852249 10.000452995300293
0.04045367240905762 0.030260629951953888 10.193042755126953
0.039057448506355286 0.02912478893995285 9.932659149169922
0.03985253721475601 0.030046671628952026 9.805866241455078
0.0415390208363533 0.03154769912362099 9.99131965637207
0.03788640350103378 0.02820698171854019 9.67941951751709
0.039016902446746826 0.029308296740055084 9.70860481262207
0.038583070039749146 0.02869449369609356 9.88857650756836
0.041345786303281784 0.031483374536037445 9.862410545349121
0.04124068468809128 0.03111182153224945 10.128861427307129
0.04032888263463974 0.03037816472351551 9.95071792602539
0.0380089171230793 0.02826051414012909 9.748403549194336
0.038888804614543915 0.02869328483939171 10.195517539978027
0.041217830032110214 0.03102128952741623 10.196538925170898
0.039024241268634796 0.028819214552640915 10.205028533935547
0.03901435062289238 0.028764840215444565 10.249509811401367
0.03948158770799637 0.029223380610346794 10.258207321166992
0.040560852736234665 0.03037189319729805 10.188959121704102
0.04126822203397751 0.030991222709417343 10.276998519897461
0.04185767471790314 0.031237725168466568 10.61994743347168
0.039862677454948425 0.029196400195360184 10.666275978088379
0.04160703346133232 0.03141181915998459 10.195213317871094
0.039512749761343 0.028909344226121902 10.603404998779297
0.04092048108577728 0.030149726197123528 10.77075481414795
0.04122604429721832 0.03099500760436058 10.231034278869629
0.040119145065546036 0.030017269775271416 10.101875305175781
0.0392254963517189 0.029293926432728767 9.93156909942627
0.03957333415746689 0.028941789641976357 10.631543159484863
0.04031834378838539 0.030389409512281418 9.928934097290039
0.0404561385512352 0.030461590737104416 9.994546890258789
0.041454531252384186 0.031177211552858353 10.27731990814209
0.04064219817519188 0.030307471752166748 10.334726333618164
0.040329460054636 0.03017459437251091 10.154865264892578
0.039413321763277054 0.029153205454349518 10.260114669799805
0.03800570219755173 0.027432672679424286 10.573029518127441
0.04030754417181015 0.030146893113851547 10.160650253295898
0.04049249738454819 0.030384298413991928 10.108198165893555
0.04113049805164337 0.03098367154598236 10.14682388305664
0.039213355630636215 0.02937355637550354 9.839797973632812
0.041215043514966965 0.031351637095212936 9.863405227661133
0.039955057203769684 0.029884980991482735 10.070075988769531
0.03814072534441948 0.02850937470793724 9.631351470947266
0.04018067941069603 0.03061433508992195 9.56634521484375
0.03980235755443573 0.029721617698669434 10.08073902130127
0.03931698948144913 0.029190167784690857 10.126819610595703
0.03858440741896629 0.02838735654950142 10.197049140930176
0.04085075110197067 0.030864164233207703 9.98658561706543
0.03979583457112312 0.029557690024375916 10.238143920898438
0.039109453558921814 0.02937663532793522 9.732818603515625
0.03950302302837372 0.029477056115865707 10.025968551635742
0.03917624056339264 0.029133504256606102 10.042736053466797
0.04013559967279434 0.030118035152554512 10.017562866210938
0.03974146023392677 0.02954597771167755 10.19548225402832
0.04064394161105156 0.030641382560133934 10.002559661865234
0.04137107729911804 0.03089335560798645 10.477721214294434
0.04036109894514084 0.030240021646022797 10.121078491210938
0.04029211401939392 0.029984021559357643 10.308093070983887
0.03910387307405472 0.028994252905249596 10.109621047973633
0.04043281450867653 0.030152171850204468 10.280643463134766
0.04094041883945465 0.030633054673671722 10.307363510131836
0.0397791862487793 0.029209937900304794 10.569249153137207
0.03741433471441269 0.027316173538565636 10.098161697387695
0.03756587207317352 0.027368081733584404 10.197790145874023
0.04067467525601387 0.030356530100107193 10.318145751953125
0.03944161534309387 0.029006075114011765 10.435539245605469
0.04236077517271042 0.031461406499147415 10.899368286132812
0.03880354389548302 0.028902973979711533 9.900569915771484
0.038825809955596924 0.02865985780954361 10.165952682495117
0.039838757365942 0.0295897014439106 10.249055862426758
0.03987007215619087 0.029834117740392685 10.035953521728516
0.03951217606663704 0.029477708041667938 10.034467697143555
0.036686863750219345 0.026809025555849075 9.877839088439941
0.03821537643671036 0.028261728584766388 9.95364761352539
0.03794782608747482 0.028224170207977295 9.723657608032227
0.040508825331926346 0.030471552163362503 10.037273406982422
0.04154139757156372 0.0312091875821352 10.332210540771484
0.036856118589639664 0.02706271782517433 9.793399810791016
0.03987014293670654 0.029787585139274597 10.08255672454834
0.03746805712580681 0.027782585471868515 9.68547248840332
0.03790535032749176 0.027562059462070465 10.343289375305176
0.04166750609874725 0.03085661306977272 10.810894012451172
0.041017964482307434 0.030671123415231705 10.346842765808105
0.03864176571369171 0.02820936031639576 10.432402610778809
0.038965772837400436 0.028948362916707993 10.017410278320312
0.038957469165325165 0.028638947755098343 10.318520545959473
0.03796462342143059 0.027944965288043022 10.019658088684082
0.040551505982875824 0.02996271289885044 10.588794708251953
0.0382399782538414 0.028327681124210358 9.912298202514648
0.03762529790401459 0.027577999979257584 10.047297477722168
0.0400036945939064 0.029830824583768845 10.172869682312012
0.038800690323114395 0.028914475813508034 9.886215209960938
0.041687704622745514 0.03118603304028511 10.501672744750977
0.03970002382993698 0.029646672308444977 10.053352355957031
0.03875257074832916 0.02893025055527687 9.822319984436035
0.04165900871157646 0.03108636848628521 10.572638511657715
0.04024123400449753 0.030219517648220062 10.021717071533203
0.03936564922332764 0.02919977530837059 10.165874481201172
0.03796089440584183 0.027616841718554497 10.344050407409668
0.040377769619226456 0.030507588759064674 9.870180130004883
0.039665788412094116 0.029374651610851288 10.291136741638184
0.039242006838321686 0.029028931632637978 10.213072776794434
0.03950081393122673 0.029431380331516266 10.06943416595459
0.038358885794878006 0.028267299756407738 10.091586112976074
0.03793186694383621 0.02778661996126175 10.145248413085938
0.039699211716651917 0.02964373491704464 10.055474281311035
0.03998175263404846 0.029791485518217087 10.190267562866211
0.040289100259542465 0.030261710286140442 10.027389526367188
0.037859104573726654 0.02776695229113102 10.09215259552002
0.0389707013964653 0.02880900353193283 10.161697387695312
0.03970031067728996 0.029565680772066116 10.134629249572754
0.04027964174747467 0.029875390231609344 10.404253005981445
0.03888178616762161 0.029054615646600723 9.827171325683594
0.03981248289346695 0.029461007565259933 10.35147476196289
0.03927936777472496 0.02923458442091942 10.044781684875488
0.0384427048265934 0.028308290988206863 10.13441276550293
0.04034280776977539 0.030131947249174118 10.210861206054688
0.03822983428835869 0.028217412531375885 10.012420654296875
0.0377667173743248 0.02804737165570259 9.719343185424805
0.038593366742134094 0.028149504214525223 10.443862915039062
0.03866454213857651 0.028451882302761078 10.212657928466797
0.03865980729460716 0.02860279753804207 10.057010650634766
0.03898470103740692 0.028437579050660133 10.547122955322266
0.038244958966970444 0.02800663374364376 10.238324165344238
0.039426662027835846 0.028979655355215073 10.447006225585938
0.03808850795030594 0.028023257851600647 10.065250396728516
0.03826235234737396 0.02812899649143219 10.133354187011719
0.03762083500623703 0.027665693312883377 9.955141067504883
0.0379316620528698 0.027676215395331383 10.25544548034668
0.0385100394487381 0.028348959982395172 10.161077499389648
0.0386778749525547 0.028605680912733078 10.07219409942627
0.03759070485830307 0.027329586446285248 10.261119842529297
0.039503313601017 0.029553435742855072 9.949878692626953
0.03898080438375473 0.02927718497812748 9.703619003295898
0.039089322090148926 0.028980594128370285 10.10872745513916
0.03905010223388672 0.028692033141851425 10.358067512512207
0.0379645973443985 0.027592044323682785 10.372550964355469
0.03929290920495987 0.02899790182709694 10.295007705688477
0.040149543434381485 0.029700834304094315 10.448709487915039
0.03730788081884384 0.027378719300031662 9.92916202545166
0.03990665450692177 0.02944624051451683 10.460412979125977
0.03823491930961609 0.02794235199689865 10.29256534576416
0.03873033821582794 0.028430543839931488 10.29979419708252
0.03823425620794296 0.027979664504528046 10.254590034484863
0.03847358003258705 0.028445923700928688 10.027655601501465
0.03934801369905472 0.028648443520069122 10.699570655822754
0.03932351619005203 0.029058657586574554 10.264857292175293
0.04113257676362991 0.030685782432556152 10.446792602539062
0.03917626664042473 0.02894776314496994 10.22850227355957
0.038453683257102966 0.02803143486380577 10.422245979309082
0.036573491990566254 0.025954175740480423 10.619314193725586
0.03913375362753868 0.02869456447660923 10.439188003540039
0.03838430717587471 0.028204236179590225 10.180070877075195
0.03893309086561203 0.028646066784858704 10.287023544311523
0.039321642369031906 0.029225533828139305 10.096107482910156
0.042217954993247986 0.03195219114422798 10.265764236450195
0.03830098360776901 0.027758924290537834 10.542057037353516
0.037929799407720566 0.027962379157543182 9.96742057800293
0.037852466106414795 0.027720274403691292 10.132192611694336
0.03992380201816559 0.02955656871199608 10.367234230041504
0.03822942450642586 0.028132889419794083 10.096534729003906
0.036802638322114944 0.026808563619852066 9.994072914123535
0.03958354890346527 0.029884278774261475 9.699267387390137
0.037935588508844376 0.02778780087828636 10.147787094116211
0.03953638672828674 0.029365018010139465 10.171369552612305
0.037730082869529724 0.02768949419260025 10.04058837890625
0.03626634553074837 0.026171578094363213 10.094765663146973
0.03787372633814812 0.027629151940345764 10.244572639465332
0.04052193462848663 0.029917191714048386 10.604740142822266
0.037438470870256424 0.027314331382513046 10.124139785766602
0.04242267087101936 0.031741365790367126 10.681304931640625
0.038705479353666306 0.028068581596016884 10.636897087097168
0.03876342624425888 0.02805883251130581 10.704594612121582
0.039680637419223785 0.029556671157479286 10.123966217041016
0.038447704166173935 0.028075046837329865 10.372657775878906
0.03751511871814728 0.027190182358026505 10.324935913085938
0.03738493472337723 0.027008404955267906 10.376531600952148
0.03914906457066536 0.028491215780377388 10.657849311828613
0.04057801514863968 0.030157413333654404 10.420601844787598
0.03669203072786331 0.026558183133602142 10.133846282958984
0.03746267780661583 0.027376264333724976 10.086414337158203
0.03710824251174927 0.027156375348567963 9.951869010925293
0.038317546248435974 0.028164707124233246 10.152839660644531
0.04016366973519325 0.030472174286842346 9.691495895385742
0.038848232477903366 0.02892218716442585 9.926044464111328
0.03913978487253189 0.029200073331594467 9.939712524414062
0.03641254082322121 0.02656211517751217 9.850425720214844
0.04004460573196411 0.02967255562543869 10.372049331665039
0.03806718438863754 0.02795165218412876 10.115533828735352
0.0376422293484211 0.0279170460999012 9.725183486938477
0.04066414386034012 0.030534381046891212 10.12976360321045
0.03787247836589813 0.028332095593214035 9.540383338928223
0.037558749318122864 0.02694234810769558 10.616399765014648
0.0365544855594635 0.026104213669896126 10.450273513793945
0.03854847326874733 0.028108619153499603 10.43985366821289
0.03814062476158142 0.027861736714839935 10.278888702392578
0.03838168829679489 0.027789631858468056 10.592057228088379
0.03864332288503647 0.028182893991470337 10.460430145263672
0.0373094268143177 0.026468364521861076 10.841062545776367
0.03895314410328865 0.02869412489235401 10.259017944335938
0.0348680280148983 0.024659737944602966 10.20828914642334
0.0387030653655529 0.028010059148073196 10.69300651550293
0.03754548355937004 0.027291417121887207 10.254066467285156
0.03817836567759514 0.02748778834939003 10.690576553344727
0.037250008434057236 0.027009766548871994 10.240240097045898
0.04024417698383331 0.03004675731062889 10.197421073913574
0.039698418229818344 0.029557518661022186 10.140897750854492
0.03832126408815384 0.028234608471393585 10.086654663085938
0.03840431198477745 0.028424743562936783 9.979568481445312
0.03806176409125328 0.027821550145745277 10.240213394165039
0.040606096386909485 0.03015746921300888 10.448625564575195
0.03876413404941559 0.028300058096647263 10.46407699584961
0.03997516259551048 0.029259588569402695 10.715574264526367
0.03935227915644646 0.028825923800468445 10.52635383605957
0.036993011832237244 0.026205018162727356 10.787991523742676
0.03879734128713608 0.027790766209363937 11.006576538085938
0.03887750953435898 0.028161583468317986 10.715923309326172
0.0373988077044487 0.027044113725423813 10.354693412780762
0.036766909062862396 0.02598470449447632 10.782201766967773
0.03957033529877663 0.028814446181058884 10.755889892578125
0.036852363497018814 0.026351068168878555 10.50129508972168
0.03849848359823227 0.02773716300725937 10.761322021484375
0.03717641159892082 0.02673211880028248 10.444292068481445
0.04128999263048172 0.03081262856721878 10.477361679077148
0.039017558097839355 0.028221167623996735 10.796388626098633
0.03978615999221802 0.029020223766565323 10.765933990478516
0.03800366446375847 0.027340220287442207 10.663444519042969
0.03762693330645561 0.027416042983531952 10.210890769958496
0.03580743074417114 0.025524333119392395 10.283097267150879
0.03986622393131256 0.02943667769432068 10.429543495178223
0.0395667627453804 0.02885271981358528 10.714042663574219
0.038206376135349274 0.028201885521411896 10.004488945007324
0.03780405968427658 0.02746005356311798 10.344003677368164
0.037570782005786896 0.026929333806037903 10.641449928283691
0.03856898099184036 0.028059670701622963 10.509308815002441
0.036550045013427734 0.026220623403787613 10.32942008972168
0.03741121292114258 0.026868609711527824 10.5426025390625
0.03808845579624176 0.02752886712551117 10.559589385986328
0.039249781519174576 0.02894396148622036 10.305818557739258
0.03656687214970589 0.02635992504656315 10.206945419311523
0.0366961844265461 0.026082493364810944 10.613690376281738
0.03803545981645584 0.027548614889383316 10.486842155456543
0.03555537760257721 0.02458956651389599 10.965811729431152
0.037050727754831314 0.026575978845357895 10.474748611450195
0.038435179740190506 0.027518879622220993 10.916299819946289
0.03972917050123215 0.02906540036201477 10.663768768310547
0.03699005767703056 0.026576340198516846 10.413718223571777
0.03573696315288544 0.02540597878396511 10.330984115600586
0.03778763860464096 0.02754329890012741 10.244338035583496
0.03812404349446297 0.027611203491687775 10.512838363647461
0.03539721295237541 0.024887993931770325 10.5092191696167
0.03881644457578659 0.028287727385759354 10.528715133666992
0.03746722638607025 0.02727355994284153 10.19366455078125
0.037376128137111664 0.026985546573996544 10.390582084655762
0.038695257157087326 0.028238339349627495 10.456916809082031
0.03723837435245514 0.026819340884685516 10.419031143188477
0.038273345679044724 0.02770572155714035 10.56762409210205
0.039564672857522964 0.02860235422849655 10.962318420410156
0.03790351003408432 0.026972182095050812 10.931328773498535
0.03692125529050827 0.026394851505756378 10.526405334472656
0.03950861841440201 0.029031425714492798 10.477193832397461
0.039773888885974884 0.028648879379034042 11.125007629394531
0.0392061211168766 0.028235945850610733 10.970173835754395
0.039398808032274246 0.02842651680111885 10.972290992736816
0.0385979488492012 0.027603279799222946 10.994669914245605
0.03718143701553345 0.02659928984940052 10.582148551940918
0.037860020995140076 0.02722252532839775 10.637494087219238
0.03758156672120094 0.02692928910255432 10.652276992797852
0.03829255327582359 0.02758275717496872 10.709796905517578
0.03983664512634277 0.029510226100683212 10.326417922973633
0.03688419237732887 0.026261894032359123 10.622298240661621
0.03912399709224701 0.028466636314988136 10.657360076904297
0.03804584965109825 0.027469998225569725 10.575851440429688
0.040435824543237686 0.02975250408053398 10.683319091796875
0.03848220780491829 0.027451105415821075 11.031103134155273
0.037018775939941406 0.026455197483301163 10.563579559326172
0.0377185083925724 0.027013707906007767 10.704800605773926
0.03926458582282066 0.028603745624423027 10.660839080810547
0.03689676523208618 0.02609999291598797 10.796773910522461
0.03710748627781868 0.02628004550933838 10.82744026184082
0.03646697849035263 0.025698889046907425 10.768089294433594
0.039500005543231964 0.028826359659433365 10.673643112182617
0.03795337304472923 0.027690939605236053 10.262434005737305
0.0373610258102417 0.026928270235657692 10.432756423950195
0.036362919956445694 0.02557753399014473 10.785385131835938
0.03635241836309433 0.02627292275428772 10.079497337341309
0.03728532791137695 0.02681787684559822 10.467449188232422
0.03646838665008545 0.026129838079214096 10.338546752929688
0.03737517073750496 0.0266711562871933 10.70401382446289
0.0373377725481987 0.026546724140644073 10.791047096252441
0.03771330416202545 0.027017835527658463 10.695469856262207
0.03862801939249039 0.02793963998556137 10.68838119506836
0.0372961200773716 0.026830408722162247 10.46571159362793
0.038266170769929886 0.027355095371603966 10.911073684692383
0.03822677955031395 0.027587220072746277 10.639558792114258
0.03812992200255394 0.027215134352445602 10.914788246154785
0.038114190101623535 0.027119610458612442 10.99457836151123
0.03873924911022186 0.027355682104825974 11.38356876373291
0.03763546049594879 0.026852604001760483 10.782855987548828
0.03817758336663246 0.02719785086810589 10.979731559753418
0.036757562309503555 0.025758136063814163 10.999425888061523
0.03655130788683891 0.025524254888296127 11.027052879333496
0.03770364448428154 0.02651023119688034 11.193412780761719
0.03779972717165947 0.026973649859428406 10.82607650756836
0.038436248898506165 0.027752365916967392 10.683882713317871
0.035743679851293564 0.025050630792975426 10.693049430847168
0.036375682801008224 0.02630135789513588 10.074325561523438
0.0388447605073452 0.028708577156066895 10.13618278503418
0.035918235778808594 0.025640126317739487 10.27811050415039
0.036389756947755814 0.026551151648163795 9.838603973388672
0.03614330664277077 0.025939736515283585 10.203569412231445
0.036489181220531464 0.025788720697164536 10.700460433959961
0.034884098917245865 0.024759158492088318 10.124939918518066
0.03795979544520378 0.027460331097245216 10.49946403503418
0.03745390847325325 0.02667682059109211 10.777087211608887
0.036906711757183075 0.026505975052714348 10.400734901428223
0.03700198978185654 0.026743721216917038 10.258269309997559
0.03817804157733917 0.027704784646630287 10.473254203796387
0.036324236541986465 0.026057299226522446 10.266937255859375
0.036997683346271515 0.026455972343683243 10.541708946228027
0.04085276275873184 0.0303198229521513 10.532940864562988
