0.1602259874343872 0.15874764323234558 1.4783470630645752
0.1506456732749939 0.14941054582595825 1.2351324558258057
0.14579088985919952 0.14434809982776642 1.4427876472473145
0.14181023836135864 0.14011281728744507 1.6974278688430786
0.1424802839756012 0.140436053276062 2.044236660003662
0.13453826308250427 0.1319730281829834 2.565232753753662
0.1351132094860077 0.13204555213451385 3.067660331726074
0.12630221247673035 0.12273089587688446 3.571321487426758
0.12559205293655396 0.12147936969995499 4.112679481506348
0.11980058997869492 0.11542551964521408 4.375068187713623
0.11887083947658539 0.11383422464132309 5.036618232727051
0.11709211766719818 0.11147375404834747 5.618365287780762
0.11401963233947754 0.10798192769289017 6.037703514099121
0.10506053268909454 0.09876909852027893 6.291436195373535
0.1052589863538742 0.09842164069414139 6.837346076965332
0.1050652265548706 0.09738633036613464 7.678895950317383
0.10025205463171005 0.09236317127943039 7.888882637023926
0.09599176794290543 0.08797246217727661 8.019304275512695
0.09723410755395889 0.08862628787755966 8.607818603515625
0.0877138078212738 0.07896218448877335 8.751625061035156
0.08609774708747864 0.07730300724506378 8.794742584228516
0.08500877022743225 0.07639855891466141 8.610214233398438
0.0810319185256958 0.07185918837785721 9.172727584838867
0.08069432526826859 0.07118280977010727 9.511514663696289
0.08233993500471115 0.07276549935340881 9.574438095092773
0.07984834909439087 0.07086043059825897 8.98791790008545
0.07947905361652374 0.07021617889404297 9.262876510620117
0.0744464248418808 0.06525327265262604 9.193153381347656
0.07468197494745255 0.06509561836719513 9.586359024047852
0.07651668041944504 0.06744983792304993 9.066842079162598
0.07412342727184296 0.06471483409404755 9.408592224121094
0.07001897692680359 0.060726117342710495 9.29286003112793
0.07369773834943771 0.06446192413568497 9.235812187194824
0.0739319697022438 0.06394835561513901 9.983613967895508
0.07205325365066528 0.06203743442893028 10.015817642211914
0.07033514231443405 0.06087859719991684 9.456544876098633
0.07004891335964203 0.060140397399663925 9.908516883850098
0.06608371436595917 0.0564190037548542 9.664706230163574
0.06897735595703125 0.05939389020204544 9.583463668823242
0.06762468814849854 0.05782724916934967 9.79743480682373
0.0651203989982605 0.055777885019779205 9.342512130737305
0.06806789338588715 0.05923143029212952 8.836465835571289
0.06558467447757721 0.05700450763106346 8.580167770385742
0.06728503108024597 0.05888224020600319 8.402793884277344
0.06392136216163635 0.05547942966222763 8.441930770874023
0.0653657466173172 0.0569583997130394 8.407343864440918
0.0666242241859436 0.05815871059894562 8.465510368347168
0.06223633512854576 0.05389835312962532 8.337980270385742
0.06300493329763412 0.05477525666356087 8.229679107666016
0.06621949374675751 0.0580020472407341 8.217443466186523
0.060803886502981186 0.0526798740029335 8.124011039733887
0.0618504099547863 0.053778134286403656 8.072274208068848
0.0626358687877655 0.05468583106994629 7.950040817260742
0.061946071684360504 0.05350120738148689 8.444866180419922
0.06300264596939087 0.05472320318222046 8.279439926147461
0.061715204268693924 0.05364551767706871 8.069684982299805
0.06473121792078018 0.05686675384640694 7.8644633293151855
0.060629136860370636 0.05257175862789154 8.057376861572266
0.05824936553835869 0.050417788326740265 7.831577301025391
0.06122463569045067 0.05353492498397827 7.6897101402282715
0.06246758624911308 0.05497909337282181 7.488492965698242
0.06099674478173256 0.05342154949903488 7.575195789337158
0.059308476746082306 0.05200069397687912 7.307783603668213
0.06349743157625198 0.056532494723796844 6.9649338722229
0.06260532140731812 0.05526601895689964 7.3393025398254395
0.060780759900808334 0.053204845637083054 7.5759124755859375
0.06059795618057251 0.053217411041259766 7.380545616149902
0.05655384436249733 0.04903329536318779 7.520548343658447
0.05831541493535042 0.05078461021184921 7.530805587768555
0.05917208269238472 0.05113227665424347 8.039804458618164
0.06166152283549309 0.05395413190126419 7.707390308380127
0.05975786969065666 0.052391912788152695 7.365955352783203
0.060271572321653366 0.05257852002978325 7.693053245544434
0.05554558336734772 0.048372890800237656 7.172692775726318
0.056839898228645325 0.04929623752832413 7.543661117553711
0.059076499193906784 0.05174610763788223 7.3303914070129395
0.05753921717405319 0.05049796402454376 7.041254043579102
0.05977756902575493 0.05276673659682274 7.010831832885742
0.05816109851002693 0.05109305679798126 7.068040370941162
0.058380503207445145 0.05124609172344208 7.134410381317139
0.05733694136142731 0.04984530806541443 7.491631507873535
0.056257206946611404 0.04875937104225159 7.497836112976074
0.057691022753715515 0.04995869845151901 7.732324600219727
0.055429570376873016 0.047811996191740036 7.617574691772461
0.05799098312854767 0.05059798061847687 7.393002510070801
0.05659947916865349 0.049465470016002655 7.13400936126709
0.05727176368236542 0.050059959292411804 7.211803913116455
0.05925769358873367 0.05214069038629532 7.117003917694092
0.05600511282682419 0.048919688910245895 7.08542537689209
0.05776098370552063 0.050778135657310486 6.982846260070801
0.056180477142333984 0.04884637892246246 7.334096908569336
0.05411523953080177 0.046895671635866165 7.21956729888916
0.052988193929195404 0.04571724683046341 7.270947456359863
0.05480213090777397 0.04751162603497505 7.290504455566406
0.05317430943250656 0.04588489979505539 7.2894086837768555
0.05622163042426109 0.04892715811729431 7.294471740722656
0.056361742317676544 0.048802606761455536 7.559133529663086
0.05468801036477089 0.04741191491484642 7.276095390319824
0.0559055358171463 0.04826375097036362 7.641786575317383
0.054697390645742416 0.047124043107032776 7.573348045349121
0.057237863540649414 0.04965067654848099 7.587187767028809
0.05462585389614105 0.04681897163391113 7.806883811950684
0.05590567737817764 0.048155441880226135 7.7502336502075195
0.05551284924149513 0.04810391366481781 7.408933639526367
0.05415095388889313 0.04689624160528183 7.254712104797363
0.056002940982580185 0.048552364110946655 7.450577735900879
0.05618322268128395 0.04904675483703613 7.1364665031433105
0.05404852330684662 0.046928368508815765 7.120153427124023
0.05483970791101456 0.04778540879487991 7.054299354553223
0.05589611083269119 0.04886937886476517 7.026730060577393
0.054823219776153564 0.047488272190093994 7.334948539733887
0.05287272483110428 0.045878224074840546 6.994499206542969
0.05347040668129921 0.04635859280824661 7.111814498901367
0.05413096398115158 0.046850744634866714 7.280219078063965
0.051891375333070755 0.0448542982339859 7.037075519561768
0.05567765608429909 0.048358794301748276 7.3188629150390625
0.05321955680847168 0.045830629765987396 7.388925552368164
0.05264327675104141 0.045199472457170486 7.443804740905762
0.052975837141275406 0.04559600353240967 7.379833221435547
0.055821534246206284 0.04844478517770767 7.376748085021973
0.05214922875165939 0.044902242720127106 7.246986389160156
0.050900090485811234 0.0434395968914032 7.460494518280029
0.049861762672662735 0.04273927956819534 7.12248420715332
0.05526378005743027 0.047948990017175674 7.314787864685059
0.05231625214219093 0.04462849348783493 7.687759876251221
0.05370395630598068 0.04610598832368851 7.597967147827148
0.05177168920636177 0.04406581446528435 7.705873489379883
0.05100904777646065 0.04325028881430626 7.758759498596191
0.05212663114070892 0.04447810351848602 7.648525238037109
0.05375386402010918 0.04612076282501221 7.6331024169921875
0.05211398005485535 0.04427412897348404 7.839849948883057
0.05225537717342377 0.044378045946359634 7.877328872680664
0.05180957913398743 0.04427538812160492 7.534191608428955
0.05054916441440582 0.043070562183856964 7.478601455688477
0.05320550873875618 0.04574664682149887 7.458860874176025
0.05014891177415848 0.04233424365520477 7.81466817855835
0.049809034913778305 0.04209154099225998 7.717494010925293
0.049784451723098755 0.041922226548194885 7.862225532531738
0.05319134145975113 0.04575455188751221 7.436790466308594
0.05211851745843887 0.04456081986427307 7.557697296142578
0.04941648989915848 0.041907258331775665 7.5092315673828125
0.05017421022057533 0.04266837239265442 7.505837917327881
0.05000348389148712 0.04237012565135956 7.633357048034668
0.05180716514587402 0.04433049261569977 7.47667121887207
0.04995250329375267 0.04214140772819519 7.811094760894775
0.04978660121560097 0.042005375027656555 7.781224250793457
0.05317239835858345 0.04555690288543701 7.615496635437012
0.05265333503484726 0.044525034725666046 8.128297805786133
0.050179120153188705 0.042194634675979614 7.9844841957092285
0.04807845503091812 0.04024035111069679 7.838104248046875
0.048279281705617905 0.04011610150337219 8.163178443908691
0.05086798220872879 0.04327397793531418 7.594005584716797
0.048881132155656815 0.041321925818920135 7.559205055236816
0.046643197536468506 0.03872978687286377 7.913412094116211
0.050331760197877884 0.04280953109264374 7.522229194641113
0.04938170313835144 0.042279377579689026 7.102324485778809
0.05215341970324516 0.04492778703570366 7.22563362121582
0.05002475902438164 0.042328741401433945 7.696017265319824
0.047695498913526535 0.039684947580099106 8.010551452636719
0.04898228496313095 0.041022978723049164 7.959303855895996
0.05040161311626434 0.042405422776937485 7.996191024780273
0.046989504247903824 0.038700707256793976 8.288795471191406
0.04794016480445862 0.03994946926832199 7.990695953369141
0.04957021027803421 0.04169956222176552 7.870645523071289
0.048717934638261795 0.041021928191185 7.696004867553711
0.04694265127182007 0.03957151621580124 7.37113618850708
0.04708230867981911 0.03973881155252457 7.343498229980469
0.04789939895272255 0.04064489156007767 7.254507064819336
0.04738355427980423 0.039851948618888855 7.531606674194336
0.04837382584810257 0.04093445837497711 7.439367294311523
0.04755592346191406 0.03994007036089897 7.615852355957031
0.04940870404243469 0.04164479300379753 7.763911247253418
0.04713007062673569 0.03949961066246033 7.630458831787109
0.047396328300237656 0.03942609578371048 7.970232009887695
0.04716924577951431 0.03935103118419647 7.8182148933410645
0.0488450862467289 0.04098010063171387 7.864986419677734
0.04924160614609718 0.04156660661101341 7.675000190734863
0.04970160499215126 0.042332861572504044 7.368744373321533
0.050769418478012085 0.043313026428222656 7.456393241882324
0.04710738733410835 0.039627909660339355 7.479475975036621
0.0485105887055397 0.04067473113536835 7.835856914520264
0.04885755851864815 0.040878333151340485 7.979226112365723
0.048202745616436005 0.04016689211130142 8.035852432250977
0.04704959690570831 0.03877009078860283 8.279507637023926
0.046647071838378906 0.03836539015173912 8.281681060791016
0.04815192148089409 0.0397062711417675 8.445650100708008
0.04746885970234871 0.039447080343961716 8.02177906036377
0.051028355956077576 0.04312703013420105 7.901327610015869
0.0452309250831604 0.03686933219432831 8.361591339111328
0.04504603147506714 0.03711429610848427 7.931736469268799
0.048015009611845016 0.03997626155614853 8.03874683380127
0.04623790085315704 0.038148432970047 8.089468002319336
0.04705263301730156 0.03915569931268692 7.896934509277344
0.04668199270963669 0.03858937695622444 8.09261703491211
0.04633868485689163 0.03829905390739441 8.039628982543945
0.04674973338842392 0.03869466483592987 8.055068016052246
0.04488013684749603 0.036971889436244965 7.9082489013671875
0.0447375662624836 0.03687059134244919 7.866974830627441
0.04720355197787285 0.03954727575182915 7.656276702880859
0.04856967553496361 0.04085293784737587 7.716736316680908
0.04878785461187363 0.04120495915412903 7.582897186279297
0.043330032378435135 0.03560492396354675 7.725109100341797
0.043477706611156464 0.035653021186590195 7.824686050415039
0.046025242656469345 0.038167741149663925 7.857501029968262
0.046570293605327606 0.038909561932086945 7.660732746124268
0.04327846318483353 0.035431355237960815 7.847108364105225
0.046932339668273926 0.03929681330919266 7.635525703430176
0.048882611095905304 0.041194312274456024 7.688300132751465
0.0451282262802124 0.03719655051827431 7.931675434112549
0.04557488486170769 0.0377962626516819 7.778620719909668
0.04543670639395714 0.037448957562446594 7.987747669219971
0.0452866405248642 0.03702749311923981 8.259145736694336
0.04464869573712349 0.03670746833086014 7.941226482391357
0.04596971720457077 0.03780502453446388 8.164690017700195
0.047485265880823135 0.039362967014312744 8.122299194335938
0.04725365340709686 0.039170097559690475 8.0835542678833
0.04653066396713257 0.038192443549633026 8.33821964263916
0.04488980770111084 0.03668883442878723 8.200971603393555
0.04446444660425186 0.03614278882741928 8.321657180786133
0.04585478827357292 0.03786854073405266 7.9862470626831055
0.04547523707151413 0.03704877942800522 8.426458358764648
0.04406603425741196 0.03559449315071106 8.471538543701172
0.04435404762625694 0.03606937825679779 8.284668922424316
0.04838781803846359 0.04004161059856415 8.346208572387695
0.0435505211353302 0.0354112833738327 8.139237403869629
0.04612269625067711 0.03819114714860916 7.931550025939941
0.04365604370832443 0.03560850769281387 8.04753589630127
0.04365599900484085 0.03546115383505821 8.194844245910645
0.044723764061927795 0.03647799789905548 8.245765686035156
0.04387208819389343 0.03580819070339203 8.063898086547852
0.04806371405720711 0.03994561731815338 8.118095397949219
0.04583907872438431 0.03805503249168396 7.784045696258545
0.04527106136083603 0.03702745959162712 8.243600845336914
0.04468105733394623 0.03654859960079193 8.13245964050293
0.042907536029815674 0.03474659472703934 8.16093921661377
0.044779274612665176 0.036218009889125824 8.561264991760254
0.042631056159734726 0.03460675850510597 8.024298667907715
0.04549109935760498 0.0377376563847065 7.75344181060791
0.04386986047029495 0.03610169142484665 7.768168926239014
0.04609290510416031 0.038324929773807526 7.7679762840271
0.04502059891819954 0.03734420984983444 7.676387786865234
0.04663604870438576 0.038790032267570496 7.846015930175781
0.045655153691768646 0.03799831494688988 7.656837463378906
0.04763336479663849 0.039379145950078964 8.254219055175781
0.04341283440589905 0.034961141645908356 8.451690673828125
0.04474585875868797 0.03662401810288429 8.121840476989746
0.04276471212506294 0.03442840278148651 8.336309432983398
0.04483502730727196 0.036422114819288254 8.412912368774414
0.04330343380570412 0.03486962988972664 8.43380355834961
0.043143194168806076 0.03481500595808029 8.3281888961792
0.0446072518825531 0.036316823214292526 8.290430068969727
0.04582822695374489 0.03789174556732178 7.936480522155762
0.04287424683570862 0.03480318561196327 8.071060180664062
0.044101208448410034 0.0360824391245842 8.018768310546875
0.04315851628780365 0.03503440320491791 8.124114990234375
0.04625815525650978 0.037912189960479736 8.345964431762695
0.0444108285009861 0.03618515282869339 8.225676536560059
0.04335736110806465 0.0349152646958828 8.442094802856445
0.0452137291431427 0.03692662715911865 8.287099838256836
0.044127993285655975 0.03576381877064705 8.364173889160156
0.04262806102633476 0.034270551055669785 8.35750961303711
0.0457596518099308 0.0373719148337841 8.387735366821289
0.04138323292136192 0.03286052495241165 8.522708892822266
0.043961238116025925 0.03548823297023773 8.473003387451172
0.04185820743441582 0.03340957313776016 8.44863510131836
0.04438461363315582 0.03600819408893585 8.37641716003418
0.04318595305085182 0.03504301980137825 8.142932891845703
0.04460838809609413 0.03614995628595352 8.458431243896484
0.04462018236517906 0.036269091069698334 8.351090431213379
0.044004857540130615 0.03553173691034317 8.473121643066406
0.04099871590733528 0.03248988091945648 8.508834838867188
0.04303015023469925 0.03418032079935074 8.849828720092773
0.04725882038474083 0.039070479571819305 8.188340187072754
0.044219836592674255 0.035972051322460175 8.247783660888672
0.04410010948777199 0.03556566312909126 8.534446716308594
0.04385595768690109 0.0354335755109787 8.422381401062012
0.04195781797170639 0.03334872052073479 8.60909652709961
0.04315102472901344 0.03476434573531151 8.386678695678711
0.04231046140193939 0.03405245393514633 8.25800895690918
0.04248262196779251 0.03421752527356148 8.265097618103027
0.04083734005689621 0.03256705030798912 8.27028751373291
0.042882323265075684 0.03473447635769844 8.147845268249512
0.04337276518344879 0.0353013351559639 8.071428298950195
0.04408447816967964 0.036166634410619736 7.917842864990234
0.04313792660832405 0.03514596074819565 7.991965293884277
0.04437466710805893 0.036359164863824844 8.0155029296875
0.0413719117641449 0.03325669467449188 8.115216255187988
0.04223715886473656 0.03395339101552963 8.283767700195312
0.04335125908255577 0.034880779683589935 8.470479965209961
0.042980607599020004 0.03467489406466484 8.305713653564453
0.0433768592774868 0.03479258716106415 8.584272384643555
0.04174403101205826 0.03296813368797302 8.775897026062012
0.04160773381590843 0.03303072601556778 8.577007293701172
0.0418032743036747 0.033211901783943176 8.591371536254883
0.040904700756073 0.032269880175590515 8.634821891784668
0.04114394634962082 0.03269524499773979 8.448701858520508
0.04151679947972298 0.033135488629341125 8.38131046295166
0.04292643070220947 0.034590236842632294 8.33619499206543
0.042783915996551514 0.03452172875404358 8.262188911437988
0.04333558678627014 0.03472703695297241 8.60854721069336
0.042518045753240585 0.03389603644609451 8.62200927734375
0.042956769466400146 0.033916719257831573 9.040051460266113
0.04280044138431549 0.03371090814471245 9.089531898498535
0.043541599065065384 0.03443671390414238 9.10488510131836
0.04176058620214462 0.032815247774124146 8.94533920288086
0.04262252524495125 0.03372635692358017 8.89616870880127
0.04218726605176926 0.03365678712725639 8.53048038482666
0.042394496500492096 0.03369181230664253 8.702682495117188
0.04140938073396683 0.03253760188817978 8.87177848815918
0.04247799143195152 0.033886924386024475 8.591066360473633
0.04372541606426239 0.035001158714294434 8.72425651550293
0.040458474308252335 0.03175296261906624 8.705511093139648
0.042128078639507294 0.0334378145635128 8.690265655517578
0.04143097996711731 0.032968178391456604 8.462800979614258
0.04220382869243622 0.03360706567764282 8.59676456451416
0.03897107392549515 0.03066381998360157 8.307254791259766
0.041119322180747986 0.03268633037805557 8.432989120483398
0.04439698904752731 0.03568680211901665 8.710186004638672
0.042135514318943024 0.03353985771536827 8.595656394958496
0.043799322098493576 0.03518323972821236 8.616083145141602
0.04271971434354782 0.033927977085113525 8.791735649108887
0.04467985779047012 0.03602489084005356 8.65496826171875
0.04329463467001915 0.034555286169052124 8.739349365234375
0.04093364626169205 0.032228223979473114 8.705421447753906
0.040917664766311646 0.03201824426651001 8.899420738220215
0.04112395644187927 0.032482780516147614 8.641173362731934
0.03898726776242256 0.030251991003751755 8.735275268554688
0.041261427104473114 0.03252213075757027 8.739294052124023
0.043011587113142014 0.034325920045375824 8.685667991638184
0.04385833814740181 0.03546129912137985 8.397038459777832
0.04167189076542854 0.033257562667131424 8.414326667785645
0.041817836463451385 0.03334571793675423 8.472116470336914
0.04394841194152832 0.035163309425115585 8.785103797912598
0.04419315233826637 0.035533372312784195 8.659778594970703
0.040544211864471436 0.031826868653297424 8.717340469360352
0.04166300594806671 0.03282831609249115 8.834688186645508
0.0405253991484642 0.031621500849723816 8.90389633178711
0.0406690388917923 0.03193039447069168 8.738642692565918
0.04045838117599487 0.03174305707216263 8.715324401855469
0.040336769074201584 0.031858593225479126 8.47817611694336
0.04021606594324112 0.03168431669473648 8.531749725341797
0.0424170084297657 0.033938199281692505 8.47880744934082
0.04004509001970291 0.03172405809164047 8.321029663085938
0.04145891219377518 0.0332765132188797 8.18239688873291
0.04166121780872345 0.0331701785326004 8.491040229797363
0.04136465862393379 0.03287707641720772 8.487581253051758
0.04072701558470726 0.03234422579407692 8.382790565490723
0.04083510860800743 0.032241106033325195 8.594001770019531
0.03872232884168625 0.0302035640925169 8.518765449523926
0.04223963990807533 0.03362420201301575 8.615436553955078
0.0392158105969429 0.030678916722536087 8.53689193725586
0.04064665734767914 0.032001011073589325 8.645645141601562
0.04186251014471054 0.033494725823402405 8.367785453796387
0.042307049036026 0.03414908051490784 8.157967567443848
0.041476909071207047 0.03292924165725708 8.547667503356934
0.04249143600463867 0.0339834950864315 8.507942199707031
0.04092513397336006 0.03235960751771927 8.56552505493164
0.039244022220373154 0.030457498505711555 8.786521911621094
0.04057788476347923 0.03174214065074921 8.835742950439453
0.04093112424015999 0.03192843124270439 9.002692222595215
0.040982719510793686 0.03199031949043274 8.992399215698242
0.041935089975595474 0.03312552720308304 8.809561729431152
0.0405510738492012 0.031677938997745514 8.873136520385742
0.040020763874053955 0.031143875792622566 8.876886367797852
0.03950509428977966 0.03065675124526024 8.848343849182129
0.040399592369794846 0.03143177554011345 8.967815399169922
0.04132634028792381 0.03273181617259979 8.594522476196289
0.04130818694829941 0.03260091319680214 8.707275390625
0.04256713390350342 0.03402777016162872 8.5393648147583
0.04057522490620613 0.031627923250198364 8.94729995727539
0.04062595218420029 0.031997933983802795 8.628019332885742
0.041583023965358734 0.032790981233119965 8.792040824890137
0.04161227494478226 0.03283848613500595 8.77379035949707
0.039188988506793976 0.030703281983733177 8.485705375671387
0.040523964911699295 0.031791966408491135 8.731998443603516
0.04062603414058685 0.03209943324327469 8.526601791381836
0.039755649864673615 0.03124263882637024 8.513010025024414
0.041528914123773575 0.03305675461888313 8.472159385681152
0.04255494102835655 0.03415996581315994 8.394975662231445
0.04015619307756424 0.03161865472793579 8.53753662109375
0.03909409046173096 0.03043789230287075 8.656197547912598
0.03943788632750511 0.030919568613171577 8.518316268920898
0.042469270527362823 0.03374205529689789 8.727212905883789
0.0390913225710392 0.030568992719054222 8.522329330444336
0.042149268090724945 0.03368427976965904 8.464986801147461
0.04124319925904274 0.03283029794692993 8.412901878356934
0.04042687267065048 0.032010387629270554 8.416484832763672
0.04039892554283142 0.031755734235048294 8.643190383911133
0.03881031274795532 0.030127014964818954 8.68329906463623
0.038166698068380356 0.029598839581012726 8.567856788635254
0.03800637274980545 0.02929585799574852 8.7105131149292
0.03815691918134689 0.029219260439276695 8.937657356262207
0.04186129570007324 0.03317033126950264 8.69096565246582
0.038065630942583084 0.02914038859307766 8.925241470336914
0.040048372000455856 0.031111128628253937 8.93724250793457
0.04020169377326965 0.03134257346391678 8.859118461608887
0.04018615558743477 0.03114255890250206 9.043596267700195
0.04361739009618759 0.03469592705368996 8.92146110534668
0.04094160720705986 0.03222014382481575 8.72146224975586
0.037229157984256744 0.02841058000922203 8.81857681274414
0.04004313796758652 0.03143395483493805 8.609184265136719
0.03883246332406998 0.03035757690668106 8.474884033203125
0.040921714156866074 0.032264046370983124 8.657666206359863
0.03908092901110649 0.03039572387933731 8.685203552246094
0.0425434336066246 0.03401331603527069 8.53011703491211
0.03936248645186424 0.030750174075365067 8.612312316894531
0.03879968449473381 0.030242472887039185 8.557210922241211
0.038524605333805084 0.029862603172659874 8.66200065612793
0.0376916378736496 0.02891177125275135 8.779866218566895
0.03872708976268768 0.02992592751979828 8.80116081237793
0.03848749026656151 0.029554177075624466 8.933311462402344
0.04220614582300186 0.03377607464790344 8.430068969726562
0.0416167713701725 0.033049579709768295 8.567190170288086
0.041892025619745255 0.03318485990166664 8.707164764404297
0.03924425318837166 0.030393177643418312 8.85107421875
0.04046124592423439 0.031532835215330124 8.928409576416016
0.040331292897462845 0.031367480754852295 8.963812828063965
0.04098962992429733 0.03197716176509857 9.012466430664062
0.03867273032665253 0.029898330569267273 8.77440071105957
0.03987182676792145 0.03088526800274849 8.986559867858887
0.04007512703537941 0.030981948599219322 9.093177795410156
0.038786351680755615 0.02994224615395069 8.844104766845703
0.038793206214904785 0.0301651693880558 8.628034591674805
0.03851569816470146 0.029557768255472183 8.957928657531738
0.040163613855838776 0.031225640326738358 8.937971115112305
0.03972889855504036 0.031093904748558998 8.634994506835938
0.040154390037059784 0.031425733119249344 8.728656768798828
0.040825873613357544 0.03206634894013405 8.759525299072266
0.041693784296512604 0.03287523239850998 8.818551063537598
0.03811359405517578 0.029015542939305305 9.098051071166992
0.039558395743370056 0.030536731705069542 9.021665573120117
0.04234342277050018 0.033327750861644745 9.015669822692871
0.03977798670530319 0.03080887347459793 8.969110488891602
0.03909869119524956 0.030038291588425636 9.060399055480957
0.03796952962875366 0.029132656753063202 8.836874008178711
0.038922011852264404 0.029937155544757843 8.984857559204102
0.03902824968099594 0.030228471383452415 8.79977798461914
0.04049691930413246 0.03177356719970703 8.723352432250977
0.03776484355330467 0.028937648981809616 8.827193260192871
0.03887408971786499 0.030212346464395523 8.661742210388184
0.03925027698278427 0.030690845102071762 8.559429168701172
0.038555316627025604 0.029923461377620697 8.631855010986328
0.03707457333803177 0.028322555124759674 8.752016067504883
0.0384967103600502 0.029644830152392387 8.851879119873047
0.039702173322439194 0.030955400317907333 8.746772766113281
0.04008042439818382 0.03113503009080887 8.945392608642578
0.03774736076593399 0.029008984565734863 8.73837661743164
0.038643911480903625 0.029894724488258362 8.749187469482422
0.04056907072663307 0.03168538957834244 8.88368034362793
0.039113398641347885 0.03027806058526039 8.835336685180664
0.03729746490716934 0.028494466096162796 8.802996635437012
0.03862231224775314 0.029784251004457474 8.83806037902832
0.039406340569257736 0.03063676506280899 8.769576072692871
0.03633590042591095 0.02729135751724243 9.04454231262207
0.03936326503753662 0.030853871256113052 8.509395599365234
0.037868428975343704 0.029029447585344315 8.838979721069336
0.038685716688632965 0.030093207955360413 8.592508316040039
0.03858405351638794 0.030112087726593018 8.471963882446289
0.04052010178565979 0.031900130212306976 8.619972229003906
0.039914004504680634 0.03162253648042679 8.29146957397461
0.03983312100172043 0.031335409730672836 8.497710227966309
0.03833552822470665 0.029732629656791687 8.602899551391602
0.03793443739414215 0.029272109270095825 8.66232967376709
0.03897485136985779 0.030257757753133774 8.717095375061035
0.03898780792951584 0.03037191927433014 8.615890502929688
0.03956757113337517 0.030968254432082176 8.599315643310547
0.036642443388700485 0.027888286858797073 8.754156112670898
0.039882559329271317 0.0311651062220335 8.717452049255371
0.03748752549290657 0.02861792966723442 8.86959457397461
0.03722362592816353 0.028415095061063766 8.8085298538208
0.04009942710399628 0.03166761249303818 8.431812286376953
0.03895968943834305 0.030295979231595993 8.663707733154297
0.0387449786067009 0.03012361004948616 8.621370315551758
0.03695104271173477 0.028184950351715088 8.766094207763672
0.036063529551029205 0.02739579789340496 8.667729377746582
0.03850623965263367 0.029678931459784508 8.827308654785156
0.03784628212451935 0.028689652681350708 9.15662956237793
0.0389518067240715 0.030186982825398445 8.764823913574219
0.03917650878429413 0.030177690088748932 8.998819351196289
0.038780100643634796 0.03004884347319603 8.731256484985352
0.03746708109974861 0.028598327189683914 8.868753433227539
0.03853069990873337 0.029899094253778458 8.63160514831543
0.03713967278599739 0.028764285147190094 8.375387191772461
0.04230403155088425 0.033742405474185944 8.561626434326172
0.03821316733956337 0.029765523970127106 8.44764232635498
0.0371006540954113 0.028547940775752068 8.552713394165039
0.04130485653877258 0.032559365034103394 8.745492935180664
0.03780130296945572 0.02916242554783821 8.638875007629395
0.040602751076221466 0.032041676342487335 8.561075210571289
0.037073247134685516 0.02835388481616974 8.7193603515625
0.03983694314956665 0.030949406325817108 8.887534141540527
0.03766309842467308 0.028782919049263 8.880179405212402
0.039842039346694946 0.030756570398807526 9.085470199584961
0.03741869330406189 0.028558628633618355 8.860066413879395
0.03931542485952377 0.0305783674120903 8.737056732177734
0.037591807544231415 0.02907877415418625 8.513031959533691
0.03663770854473114 0.02791433408856392 8.723374366760254
0.03664430230855942 0.02779475226998329 8.849550247192383
0.03828815370798111 0.029598580673336983 8.68957233428955
0.03625130653381348 0.027721572667360306 8.529733657836914
0.03594588488340378 0.02730243094265461 8.643455505371094
0.039733078330755234 0.031009361147880554 8.723716735839844
0.03882965072989464 0.03014703281223774 8.682616233825684
0.03619762137532234 0.027506748214364052 8.690874099731445
0.039192717522382736 0.030363429337739944 8.829288482666016
0.03906019404530525 0.030098766088485718 8.961427688598633
0.040078483521938324 0.03133818879723549 8.74029541015625
0.03748704493045807 0.02869316004216671 8.79388427734375
0.03589656576514244 0.027141008526086807 8.755558013916016
0.03778371587395668 0.028936654329299927 8.847061157226562
0.037973999977111816 0.0290987566113472 8.875245094299316
0.039097320288419724 0.03016865812242031 8.928661346435547
0.039865218102931976 0.031149763613939285 8.715456008911133
0.035923123359680176 0.027229683473706245 8.693437576293945
0.0393526516854763 0.03070707991719246 8.645572662353516
0.03787079453468323 0.029452532529830933 8.418261528015137
0.03825293481349945 0.029537007212638855 8.715925216674805
0.03785835951566696 0.02903815731406212 8.820199966430664
0.03750969469547272 0.028715303167700768 8.794389724731445
0.03843312710523605 0.029559819027781487 8.873306274414062
0.041493743658065796 0.03231725096702576 9.176492691040039
0.038791775703430176 0.029730413109064102 9.061362266540527
0.036743514239788055 0.02787473239004612 8.868780136108398
0.04054788127541542 0.03132406994700432 9.223810195922852
0.03914592042565346 0.02994951605796814 9.196402549743652
0.03496271371841431 0.025958187878131866 9.004524230957031
0.036795590072870255 0.027667395770549774 9.128192901611328
0.03828169032931328 0.028897473588585854 9.38421630859375
0.03814421966671944 0.028832346200942993 9.311872482299805
0.03775620460510254 0.0287790410220623 8.977164268493652
0.03647785261273384 0.027776546776294708 8.701305389404297
0.037122178822755814 0.028329920023679733 8.792257308959961
0.03593901917338371 0.0272001214325428 8.738896369934082
0.0369829386472702 0.028207410126924515 8.775529861450195
0.03618159890174866 0.027422118932008743 8.759477615356445
0.038042739033699036 0.02935590222477913 8.686835289001465
0.038458261638879776 0.029889296740293503 8.568964004516602
0.03782133013010025 0.02910022810101509 8.72110366821289
0.0378706157207489 0.02935880422592163 8.511810302734375
0.038241416215896606 0.02969336323440075 8.548051834106445
0.03666011616587639 0.028215687721967697 8.444429397583008
0.037225887179374695 0.028614936396479607 8.61094856262207
0.03633277863264084 0.027581578120589256 8.751199722290039
0.03842752426862717 0.029698673635721207 8.728852272033691
0.037003111094236374 0.028389833867549896 8.613276481628418
0.03540681302547455 0.026708610355854034 8.698202133178711
0.03623146563768387 0.02732958272099495 8.901880264282227
0.04058985412120819 0.03140788525342941 9.181966781616211
0.037248123437166214 0.028203535825014114 9.044588088989258
0.03860647976398468 0.029706165194511414 8.90031623840332
0.03601834177970886 0.02703879028558731 8.97955322265625
0.039046332240104675 0.030114715918898582 8.93161392211914
0.040187470614910126 0.030960917472839355 9.226552963256836
0.03894937038421631 0.029844380915164948 9.104988098144531
0.0384364053606987 0.029400840401649475 9.035562515258789
0.037569839507341385 0.02861788496375084 8.951953887939453
0.037401892244815826 0.028526196256279945 8.875694274902344
0.037625059485435486 0.028986645862460136 8.638415336608887
0.03689941018819809 0.028345275670289993 8.554136276245117
0.037609707564115524 0.028871264308691025 8.738441467285156
0.0384543314576149 0.029807228595018387 8.647102355957031
0.03789824992418289 0.02923111990094185 8.66712760925293
0.037126846611499786 0.028527429327368736 8.599418640136719
0.037238311022520065 0.028725553303956985 8.51275634765625
0.0396752655506134 0.031001025810837746 8.674240112304688
0.03836429864168167 0.029839202761650085 8.525096893310547
0.03602185845375061 0.027579354122281075 8.44250202178955
0.03875049576163292 0.03015635348856449 8.594141006469727
0.03754043951630592 0.02888120710849762 8.659231185913086
0.037554576992988586 0.028872370719909668 8.682206153869629
0.03815731033682823 0.029491683468222618 8.665626525878906
0.037334226071834564 0.028388716280460358 8.945507049560547
0.03534199297428131 0.026699982583522797 8.642010688781738
0.03893880173563957 0.030360311269760132 8.578490257263184
0.03597833961248398 0.027355140075087547 8.623199462890625
0.03743108734488487 0.02900593914091587 8.425148963928223
0.037968579679727554 0.02915521338582039 8.813365936279297
0.03756476193666458 0.02885384112596512 8.710921287536621
0.03565256670117378 0.026745589450001717 8.906975746154785
0.03643177077174187 0.027529632672667503 8.902137756347656
0.035114459693431854 0.026313401758670807 8.801057815551758
0.03605063259601593 0.027297768741846085 8.752862930297852
0.03746308013796806 0.02888142317533493 8.581655502319336
0.03699025511741638 0.028310447931289673 8.679805755615234
0.03863892704248428 0.030025528743863106 8.613399505615234
0.03587627410888672 0.027198676019906998 8.67759895324707
0.03675002604722977 0.028241701424121857 8.508323669433594
0.03773341327905655 0.029203902930021286 8.529510498046875
0.03709264472126961 0.02838105708360672 8.711585998535156
0.03604071959853172 0.027357907965779305 8.68281078338623
0.036814019083976746 0.028227832168340683 8.586187362670898
0.03621451184153557 0.02768765576183796 8.52685546875
0.036903973668813705 0.02822868525981903 8.675287246704102
0.037894122302532196 0.02940111979842186 8.493000984191895
0.03508956730365753 0.02659102901816368 8.498538970947266
0.03884692117571831 0.030347831547260284 8.499088287353516
0.03859381377696991 0.030058003962039948 8.535810470581055
0.036491502076387405 0.027925703674554825 8.565797805786133
0.037146762013435364 0.028417766094207764 8.728994369506836
0.03697171434760094 0.028270021080970764 8.701692581176758
0.03548894822597504 0.02678740955889225 8.7015380859375
0.03678425773978233 0.027814503759145737 8.96975326538086
0.03911244869232178 0.030103478580713272 9.008970260620117
0.03675341233611107 0.028032829985022545 8.720582008361816
0.03559991344809532 0.026538442820310593 9.061469078063965
0.03769509121775627 0.028550393879413605 9.144697189331055
0.036959778517484665 0.02801806852221489 8.941709518432617
0.036123666912317276 0.027107100933790207 9.016565322875977
0.036087144166231155 0.027150288224220276 8.93685531616211
0.03686809912323952 0.02780011296272278 9.067986488342285
0.03843167424201965 0.029089726507663727 9.341948509216309
0.03713858872652054 0.028181858360767365 8.956727981567383
0.0357636958360672 0.026896152645349503 8.867542266845703
0.03677712753415108 0.027952048927545547 8.825077056884766
0.035409145057201385 0.026248320937156677 9.160822868347168
0.0354347825050354 0.026403531432151794 9.03125
0.03592829406261444 0.0270029678940773 8.92532730102539
0.035106319934129715 0.026233801618218422 8.872516632080078
0.03791269659996033 0.02913908287882805 8.773613929748535
0.03608220815658569 0.027229977771639824 8.852228164672852
0.03636246174573898 0.02738240733742714 8.980052947998047
0.036976780742406845 0.02828558161854744 8.691197395324707
0.03688803315162659 0.02825811877846718 8.629915237426758
0.03541405126452446 0.026926197111606598 8.487854957580566
0.0377572625875473 0.029253486543893814 8.503775596618652
0.03539096191525459 0.026805218309164047 8.585742950439453
0.035682328045368195 0.027187079191207886 8.495250701904297
0.03690405935049057 0.028394674882292747 8.509384155273438
0.03568042069673538 0.027201751247048378 8.478670120239258
0.035887710750103 0.02733008936047554 8.557619094848633
0.03799638897180557 0.029336677864193916 8.659712791442871
0.03740239888429642 0.028941281139850616 8.461118698120117
0.037116728723049164 0.028314869850873947 8.801859855651855
0.036775052547454834 0.027997881174087524 8.777173042297363
0.03719113767147064 0.028482384979724884 8.70875358581543
0.03700457513332367 0.028205784037709236 8.798792839050293
0.03715122491121292 0.02842540666460991 8.725817680358887
0.03423323109745979 0.02556990459561348 8.663326263427734
0.037449777126312256 0.02808823250234127 9.361543655395508
0.037018511444330215 0.02768527902662754 9.333232879638672
0.03687416762113571 0.02794027514755726 8.933891296386719
0.03437212109565735 0.025536367669701576 8.83575439453125
0.036978162825107574 0.028364751487970352 8.613411903381348
0.037184856832027435 0.0285540372133255 8.630819320678711
0.03649716079235077 0.027879079803824425 8.618080139160156
0.03645707666873932 0.02781769260764122 8.639383316040039
0.03609982877969742 0.027325283735990524 8.774543762207031
0.03652633726596832 0.027886569499969482 8.639768600463867
0.03629487752914429 0.027541562914848328 8.753314971923828
0.035373080521821976 0.026452206075191498 8.920872688293457
0.03468792885541916 0.02594291791319847 8.745012283325195
0.03485602140426636 0.025910209864377975 8.94581127166748
0.03996865451335907 0.031061096116900444 8.90755844116211
0.037954192608594894 0.029149118810892105 8.805074691772461
0.03598777577280998 0.02724572643637657 8.742048263549805
0.0376419797539711 0.028752192854881287 8.889786720275879
0.03592120483517647 0.026773221790790558 9.147982597351074
0.0366983488202095 0.02792106568813324 8.77728271484375
0.03606501594185829 0.02728884480893612 8.776169776916504
0.03638392314314842 0.027550188824534416 8.833732604980469
0.03563538193702698 0.02662237361073494 9.013006210327148
0.03493311256170273 0.026304712519049644 8.628399848937988
0.0359172560274601 0.02713775262236595 8.77950382232666
0.03477446734905243 0.025895077735185623 8.879390716552734
0.03676774725317955 0.02777913212776184 8.988615036010742
0.03328615054488182 0.024451158940792084 8.834991455078125
0.03851722180843353 0.029827266931533813 8.689952850341797
0.03517775237560272 0.026321057230234146 8.856695175170898
0.03725061193108559 0.02851434238255024 8.736268997192383
0.03406909853219986 0.02524159476161003 8.827503204345703
0.03798232227563858 0.029039457440376282 8.942865371704102
0.03744380548596382 0.028511321172118187 8.932483673095703
0.03565177321434021 0.026731926947832108 8.919845581054688
0.03581109270453453 0.02693815901875496 8.872934341430664
0.034616321325302124 0.025637421756982803 8.978897094726562
0.03675730153918266 0.027980554848909378 8.776745796203613
0.03552768751978874 0.026852402836084366 8.675284385681152
0.03697285056114197 0.02836659550666809 8.606253623962402
0.0379040390253067 0.028896192088723183 9.007844924926758
0.03535269573330879 0.02661747857928276 8.735218048095703
0.03558000549674034 0.026793096214532852 8.786910057067871
0.034429680556058884 0.025247963145375252 9.181716918945312
0.03870856761932373 0.029963847249746323 8.744719505310059
0.03647150844335556 0.027439024299383163 9.032485961914062
0.0357307568192482 0.0269060917198658 8.824663162231445
0.03587448224425316 0.026999417692422867 8.875064849853516
0.03635688126087189 0.02745242789387703 8.904455184936523
0.038398709148168564 0.029229167848825455 9.169540405273438
0.036294449120759964 0.02736697345972061 8.927474021911621
0.03737865760922432 0.02842790260910988 8.950754165649414
0.03497600182890892 0.026290129870176315 8.685871124267578
0.03811442852020264 0.02880387380719185 9.310556411743164
0.03482019156217575 0.025824517011642456 8.995675086975098
0.0373278483748436 0.028472740203142166 8.855106353759766
0.03594661504030228 0.027089422568678856 8.85719108581543
0.03525243327021599 0.02622404880821705 9.028383255004883
0.035011932253837585 0.02590932510793209 9.102607727050781
0.038102585822343826 0.029038183391094208 9.064400672912598
0.03600627928972244 0.02705428935587406 8.951990127563477
0.03523308411240578 0.026103151962161064 9.12993049621582
0.0370803065598011 0.027883416041731834 9.196890830993652
0.03344084694981575 0.024674952030181885 8.76589584350586
0.03507136180996895 0.026143169030547142 8.928191184997559
0.03751039877533913 0.028648871928453445 8.861527442932129
0.03564273566007614 0.026823101565241814 8.819634437561035
0.03746683895587921 0.02897576428949833 8.491073608398438
0.034217942506074905 0.025676079094409943 8.541862487792969
0.038396064192056656 0.02986845374107361 8.527608871459961
0.03645700588822365 0.028010478243231773 8.446527481079102
0.03932875394821167 0.030666399747133255 8.662353515625
0.03688640147447586 0.028186295181512833 8.700104713439941
0.03806217014789581 0.029002968221902847 9.059200286865234
0.03833705186843872 0.029218265786767006 9.118783950805664
0.0347461998462677 0.02550925314426422 9.236945152282715
0.037616465240716934 0.02835165709257126 9.264808654785156
0.03803493082523346 0.02838798612356186 9.64694595336914
0.03778139501810074 0.028503185138106346 9.278207778930664
0.03691273555159569 0.027756374329328537 9.15636157989502
0.03570324182510376 0.0263553187251091 9.347922325134277
0.035220567137002945 0.026161208748817444 9.059357643127441
0.03602259233593941 0.02706875652074814 8.953834533691406
0.03706483170390129 0.027981262654066086 9.083568572998047
0.035590216517448425 0.02634487673640251 9.245339393615723
0.035976894199848175 0.02689555287361145 9.081340789794922
0.03678157553076744 0.02791304513812065 8.8685302734375
0.036766406148672104 0.02788195013999939 8.884456634521484
0.03617068752646446 0.027223214507102966 8.94747257232666
0.03635020554065704 0.027404488995671272 8.945716857910156
0.036034829914569855 0.02734432741999626 8.690502166748047
0.03610134497284889 0.02738119289278984 8.720151901245117
0.03661404550075531 0.02769140526652336 8.92264175415039
0.0355755090713501 0.026998041197657585 8.577467918395996
0.036102294921875 0.027583569288253784 8.51872444152832
0.03679684177041054 0.02767014503479004 9.12669563293457
0.03659059852361679 0.027811646461486816 8.778951644897461
0.03534023091197014 0.026627982035279274 8.712248802185059
0.03577188402414322 0.02669340930879116 9.078472137451172
0.03781098872423172 0.028870563954114914 8.940424919128418
0.035412222146987915 0.026401415467262268 9.010807037353516
0.03723309561610222 0.02795696258544922 9.276132583618164
0.03544776514172554 0.026165207847952843 9.28255558013916
0.03671557456254959 0.027507945895195007 9.207626342773438
0.035325899720191956 0.026302728801965714 9.023171424865723
0.03561854362487793 0.02664399892091751 8.974546432495117
0.03573467954993248 0.02650967612862587 9.225004196166992
0.037158071994781494 0.028184562921524048 8.973509788513184
0.03417199105024338 0.025634784251451492 8.537208557128906
0.03628069907426834 0.02757209911942482 8.708600997924805
0.03481126204133034 0.026128582656383514 8.682680130004883
0.03430746868252754 0.02576177567243576 8.545693397521973
0.03409026563167572 0.025431238114833832 8.659027099609375
0.03474266827106476 0.026002291589975357 8.740375518798828
0.03499883413314819 0.02625531703233719 8.743518829345703
0.03654981404542923 0.027747634798288345 8.802179336547852
0.03496650233864784 0.02636825293302536 8.598250389099121
0.03556745499372482 0.026643194258213043 8.9242582321167
0.03521375730633736 0.026216071099042892 8.997684478759766
0.0351562537252903 0.02624977007508278 8.906482696533203
0.03596937656402588 0.026705503463745117 9.263871192932129
0.03557830676436424 0.026186082512140274 9.392223358154297
0.03612426668405533 0.02735905535519123 8.765213012695312
0.037301406264305115 0.028142448514699936 9.158955574035645
0.0362795889377594 0.02758881449699402 8.690773010253906
0.0338289774954319 0.024956420063972473 8.872557640075684
0.0342484749853611 0.02534741535782814 8.901058197021484
0.03539684787392616 0.026413777843117714 8.983068466186523
0.03218984603881836 0.023457752540707588 8.732093811035156
0.037260882556438446 0.02830011397600174 8.960768699645996
0.03789450228214264 0.02887715958058834 9.01734447479248
0.0370202362537384 0.028064962476491928 8.95527458190918
0.03296174854040146 0.024237575009465218 8.724173545837402
0.03522678464651108 0.02632617950439453 8.900606155395508
0.03460501506924629 0.02564217522740364 8.962839126586914
0.036704450845718384 0.027961380779743195 8.74306869506836
0.036473970860242844 0.02752690203487873 8.94706916809082
0.0379689484834671 0.028882920742034912 9.086029052734375
0.03419316187500954 0.02489645592868328 9.296704292297363
0.037792012095451355 0.028465166687965393 9.326844215393066
0.03539741039276123 0.026106297969818115 9.291112899780273
0.03287465125322342 0.0237905140966177 9.084135055541992
0.034430429339408875 0.025288499891757965 9.141926765441895
0.0361756905913353 0.026924554258584976 9.251136779785156
0.03598295897245407 0.026815038174390793 9.167919158935547
0.035623691976070404 0.0263045821338892 9.319108963012695
0.035593654960393906 0.02652176283299923 9.071891784667969
0.033928900957107544 0.02521885745227337 8.710042953491211
0.03659413754940033 0.027296729385852814 9.297407150268555
0.03495844453573227 0.02582244947552681 9.135993003845215
0.03564869239926338 0.02642390877008438 9.224782943725586
0.03626842796802521 0.027097012847661972 9.17141342163086
0.03769966587424278 0.028442641720175743 9.257022857666016
0.03600442036986351 0.027136722579598427 8.867696762084961
0.03532653674483299 0.02594059891998768 9.385936737060547
0.03454290330410004 0.02550770528614521 9.035198211669922
0.03486311435699463 0.025898896157741547 8.964216232299805
0.03463175147771835 0.025954965502023697 8.676785469055176
0.0356266163289547 0.02679920569062233 8.827410697937012
0.03744690865278244 0.028275955468416214 9.170953750610352
0.03698801249265671 0.028232909739017487 8.755104064941406
0.03722235560417175 0.02810721844434738 9.115135192871094
0.0349443294107914 0.025869270786643028 9.075057983398438
0.03554936870932579 0.026481280103325844 9.06808853149414
0.03400154039263725 0.024867858737707138 9.133682250976562
0.034983422607183456 0.02586657553911209 9.11684799194336
0.03435927629470825 0.025581207126379013 8.778067588806152
0.03592190891504288 0.026785988360643387 9.135921478271484
0.03616885095834732 0.02698453888297081 9.184313774108887
0.035614095628261566 0.02666974626481533 8.944348335266113
0.03448495268821716 0.025625240057706833 8.859710693359375
0.03304709121584892 0.024302560836076736 8.744528770446777
0.03560895472764969 0.02660463936626911 9.004316329956055
0.03265134245157242 0.02388228289783001 8.769061088562012
0.03540816530585289 0.02613598108291626 9.272184371948242
0.036708589643239975 0.027567660436034203 9.140928268432617
0.03409571945667267 0.02525261789560318 8.843103408813477
0.03466179594397545 0.025812095031142235 8.849700927734375
0.03454270213842392 0.025468232110142708 9.074470520019531
0.03621722012758255 0.027026446536183357 9.190774917602539
0.037649013102054596 0.02844361774623394 9.205394744873047
0.03389281779527664 0.024925030767917633 8.967787742614746
0.03354340046644211 0.02450239472091198 9.041006088256836
0.03693009912967682 0.027826521545648575 9.103578567504883
0.037756484001874924 0.02860981598496437 9.14666748046875
0.03415580466389656 0.024804964661598206 9.350838661193848
0.03664775937795639 0.027285126969218254 9.362632751464844
0.03576023131608963 0.026677042245864868 9.0831880569458
0.03635160252451897 0.027320876717567444 9.030725479125977
0.036372631788253784 0.027145296335220337 9.227334976196289
0.033698949962854385 0.024293232709169388 9.405715942382812
0.036201417446136475 0.027000311762094498 9.201105117797852
0.03666393458843231 0.027646470814943314 9.017464637756348
0.03555049002170563 0.026445813477039337 9.104677200317383
0.037821151316165924 0.028548387810587883 9.272764205932617
0.033981502056121826 0.02497490495443344 9.006597518920898
0.036904435604810715 0.028029585257172585 8.874849319458008
0.03655185550451279 0.027367983013391495 9.183870315551758
0.03459930419921875 0.02561354450881481 8.985759735107422
0.03454991430044174 0.02549121528863907 9.058700561523438
0.036451153457164764 0.027346225455403328 9.104928016662598
0.03517264872789383 0.026108939200639725 9.063711166381836
0.0338372066617012 0.024875422939658165 8.961784362792969
0.03570873290300369 0.026696212589740753 9.012521743774414
0.03577820211648941 0.027001187205314636 8.77701473236084
0.03554938733577728 0.026924729347229004 8.62465763092041
0.0347665436565876 0.02588571421802044 8.880828857421875
0.03466460481286049 0.025866305455565453 8.798297882080078
0.035417839884757996 0.026519307866692543 8.89853286743164
0.03620515018701553 0.02726784348487854 8.937305450439453
0.03523363918066025 0.026164259761571884 9.069377899169922
0.0339290089905262 0.024865422397851944 9.06358528137207
0.03872969001531601 0.029502416029572487 9.227272033691406
0.03702583909034729 0.027740463614463806 9.28537368774414
0.03510285168886185 0.02574838511645794 9.354464530944824
0.03413406014442444 0.024847399443387985 9.286661148071289
0.03653706982731819 0.02708381786942482 9.453250885009766
0.03432814031839371 0.024819709360599518 9.508429527282715
0.03600397706031799 0.02658771723508835 9.416257858276367
0.033917754888534546 0.024440709501504898 9.477046012878418
0.03349677845835686 0.024016711860895157 9.480067253112793
0.03518586978316307 0.025739451870322227 9.446416854858398
0.03759916126728058 0.02821480482816696 9.384355545043945
0.0375128872692585 0.02801896445453167 9.493921279907227
0.03328397497534752 0.023848045617341995 9.435929298400879
0.03451113402843475 0.025026515126228333 9.484619140625
0.037218790501356125 0.027667544782161713 9.551246643066406
0.034671980887651443 0.025402860715985298 9.269119262695312
0.03545338660478592 0.026201676577329636 9.25171184539795
0.03424521163105965 0.024906828999519348 9.338382720947266
0.03431590646505356 0.025163045153021812 9.152862548828125
0.03361683338880539 0.024460578337311745 9.156253814697266
0.03608659654855728 0.026974640786647797 9.111957550048828
0.03741387650370598 0.028436297550797462 8.977577209472656
0.03380162641406059 0.02478531375527382 9.016313552856445
0.034847915172576904 0.025767767801880836 9.080144882202148
0.03449416905641556 0.02522541955113411 9.268750190734863
0.035821136087179184 0.026908734813332558 8.91240119934082
0.03335755690932274 0.024454854428768158 8.902702331542969
0.03554406762123108 0.02649577334523201 9.048295974731445
0.038667529821395874 0.02928682044148445 9.380708694458008
0.034485746175050735 0.02536844089627266 9.117303848266602
0.03352490812540054 0.0246000774204731 8.92483139038086
0.03385809808969498 0.024986466392874718 8.871631622314453
0.0339469239115715 0.024845484644174576 9.10143756866455
0.0354011207818985 0.026273995637893677 9.12712574005127
0.03485594317317009 0.025435522198677063 9.420419692993164
0.034854985773563385 0.025538194924592972 9.316791534423828
0.03444831818342209 0.025022469460964203 9.425849914550781
0.033450402319431305 0.024576431140303612 8.873970031738281
0.033079247921705246 0.024067185819149017 9.01206111907959
0.03544987738132477 0.026065392419695854 9.384483337402344
0.03455781936645508 0.025599876418709755 8.957941055297852
0.03463399037718773 0.025494961068034172 9.139028549194336
0.03615429997444153 0.027002982795238495 9.151315689086914
0.03700520098209381 0.02772914059460163 9.27606201171875
0.03533059358596802 0.02581888437271118 9.511709213256836
0.03351894021034241 0.024533402174711227 8.985538482666016
0.03477883338928223 0.025629809126257896 9.14902400970459
0.03599151223897934 0.026695897802710533 9.295614242553711
0.03539329767227173 0.026087330654263496 9.305967330932617
0.03245217725634575 0.02349134162068367 8.960834503173828
0.03589663282036781 0.026729878038167953 9.166753768920898
0.03477628901600838 0.025912292301654816 8.863995552062988
0.03452857583761215 0.025545768439769745 8.982809066772461
0.03473994880914688 0.025717386975884438 9.022562980651855
0.034765440970659256 0.02560587041079998 9.159570693969727
0.03596221283078194 0.02711481600999832 8.847396850585938
0.03532417118549347 0.026520313695073128 8.80385684967041
0.034205272793769836 0.02508784644305706 9.117424011230469
0.03380034863948822 0.024716690182685852 9.083660125732422
0.034690164029598236 0.025648392736911774 9.041770935058594
0.0355413481593132 0.026448708027601242 9.092641830444336
0.03467916324734688 0.02578664757311344 8.892515182495117
0.033986419439315796 0.02523735538125038 8.749063491821289
0.03232712671160698 0.023462748154997826 8.86437702178955
0.03626422956585884 0.027317071333527565 8.94715690612793
0.03425178676843643 0.025417352095246315 8.834433555603027
0.035324517637491226 0.026200607419013977 9.123909950256348
0.03516331687569618 0.026242561638355255 8.920753479003906
0.03448495641350746 0.025651203468441963 8.83375358581543
0.033978287130594254 0.025036264210939407 8.942021369934082
0.035574205219745636 0.02655814401805401 9.016061782836914
0.03364904969930649 0.024689050391316414 8.959999084472656
0.035034604370594025 0.02599339559674263 9.041210174560547
0.035249266773462296 0.02619457244873047 9.054693222045898
0.03517167642712593 0.02596520632505417 9.20646858215332
0.03335723653435707 0.0243871808052063 8.970056533813477
0.037086762487888336 0.028087591752409935 8.99917221069336
0.03626924008131027 0.02719217538833618 9.077062606811523
0.03267816826701164 0.02390594780445099 8.772218704223633
0.034598495811223984 0.025568921118974686 9.029573440551758
0.03545457124710083 0.02647349052131176 8.981080055236816
0.03377319872379303 0.025162190198898315 8.61100959777832
0.03376273810863495 0.02478622831404209 8.976511001586914
0.03444448858499527 0.025579942390322685 8.864546775817871
0.032857634127140045 0.024053288623690605 8.804344177246094
0.0353190153837204 0.026404419913887978 8.914596557617188
0.034757357090711594 0.025710375979542732 9.046979904174805
0.035744816064834595 0.02648911252617836 9.255704879760742
