0.21849612891674042 0.21501702070236206 1.3916435241699219
0.19942910969257355 0.19690772891044617 1.0085537433624268
0.19164638221263885 0.18915869295597076 0.9950751066207886
0.18939824402332306 0.1867542862892151 1.0575834512710571
0.17522752285003662 0.17200522124767303 1.2889212369918823
0.16758880019187927 0.1638808697462082 1.483170747756958
0.15427444875240326 0.15011605620384216 1.6633566617965698
0.15110933780670166 0.14666560292243958 1.7774916887283325
0.14361737668514252 0.13868625462055206 1.9724502563476562
0.14769867062568665 0.14216655492782593 2.2128474712371826
0.13392145931720734 0.128035768866539 2.354278802871704
0.13335365056991577 0.12725208699703217 2.4406232833862305
0.12521803379058838 0.11905620992183685 2.4647295475006104
0.12387432903051376 0.11744526028633118 2.5716280937194824
0.11812060326337814 0.11141127347946167 2.683732509613037
0.11739093065261841 0.11045347154140472 2.7749850749969482
0.11494116485118866 0.10711012035608292 3.132418632507324
0.108416348695755 0.10039444267749786 3.2087621688842773
0.1100420206785202 0.10128559172153473 3.502570629119873
0.10658448189496994 0.0977359265089035 3.539421796798706
0.1016681045293808 0.09206389635801315 3.8416829109191895
0.10310579836368561 0.09320242702960968 3.9613499641418457
0.1010608971118927 0.09098434448242188 4.0306196212768555
0.09443183988332748 0.08376652747392654 4.2661237716674805
0.09835595637559891 0.08682894706726074 4.610803604125977
0.09427117556333542 0.08281535655260086 4.582328796386719
0.09263064712285995 0.08136884868144989 4.5047197341918945
0.09276311844587326 0.08126644790172577 4.598669528961182
0.09053688496351242 0.0787651389837265 4.708697319030762
0.08523139357566833 0.07315585017204285 4.83021879196167
0.0863722711801529 0.07505930215120316 4.5251874923706055
0.08706323802471161 0.07539837807416916 4.665942668914795
0.08417554944753647 0.07243901491165161 4.694614410400391
0.0796811506152153 0.06880998611450195 4.3484649658203125
0.08285849541425705 0.07186246663331985 4.398412704467773
0.08125361800193787 0.07070737332105637 4.218499183654785
0.08083178102970123 0.07050299644470215 4.1315131187438965
0.08060097694396973 0.07026703655719757 4.133574962615967
0.07917438447475433 0.06860394030809402 4.228178024291992
0.0817762166261673 0.07109272480010986 4.273397445678711
0.07866279035806656 0.06830594688653946 4.14273738861084
0.07505934685468674 0.0645875632762909 4.188714027404785
0.07812907546758652 0.06773189455270767 4.158872127532959
0.07503126561641693 0.06492479145526886 4.042590141296387
0.07485824078321457 0.06511163711547852 3.8986423015594482
0.07743199914693832 0.06783657521009445 3.8381686210632324
0.07209790498018265 0.06272140145301819 3.7506003379821777
0.07265768945217133 0.06290848553180695 3.8996822834014893
0.07328368723392487 0.06399896740913391 3.7138893604278564
0.0713142603635788 0.061772868037223816 3.816556453704834
0.07278551906347275 0.06321058422327042 3.8299741744995117
0.07210289686918259 0.062209054827690125 3.9575374126434326
0.0683201402425766 0.05858789011836052 3.892899990081787
0.07084982097148895 0.06119094043970108 3.863553047180176
0.06865191459655762 0.05979079008102417 3.5444512367248535
0.07319626212120056 0.06430268287658691 3.5574307441711426
0.06952463090419769 0.06020578742027283 3.7275378704071045
0.07218502461910248 0.06311634182929993 3.627474308013916
0.06999845802783966 0.060549668967723846 3.77951717376709
0.0725555568933487 0.06356128305196762 3.5977087020874023
0.07004637271165848 0.06067219376564026 3.7496719360351562
0.06775961071252823 0.05844390019774437 3.7262840270996094
0.06803764402866364 0.059185940772295 3.540680408477783
0.07284550368785858 0.06407882273197174 3.5066709518432617
0.0672120526432991 0.058302510529756546 3.5638175010681152
0.07018903642892838 0.061372727155685425 3.526522636413574
0.0665694922208786 0.05766163021326065 3.5631461143493652
0.06792068481445312 0.0598391555249691 3.2326102256774902
0.06693026423454285 0.057885948568582535 3.617725372314453
0.0668058767914772 0.058441538363695145 3.345736026763916
0.06790134310722351 0.059411630034446716 3.395886182785034
0.06674467772245407 0.057824552059173584 3.568049669265747
0.07084745913743973 0.061894770711660385 3.581075668334961
0.06820998340845108 0.059402309358119965 3.5230705738067627
0.06604890525341034 0.05745568871498108 3.437285900115967
0.06486737728118896 0.05667068809270859 3.2786765098571777
0.06712605804204941 0.05891582369804382 3.28409481048584
0.06341847032308578 0.0556904599070549 3.0912036895751953
0.06740905344486237 0.059755027294158936 3.0616092681884766
0.061838533729314804 0.05379200726747513 3.2186102867126465
0.06460986286401749 0.05678704380989075 3.129128932952881
0.06484132260084152 0.05704107508063316 3.1201000213623047
0.06241251155734062 0.05424422770738602 3.2673134803771973
0.06717923283576965 0.059746574610471725 2.97306227684021
0.06388368457555771 0.0561520978808403 3.0926337242126465
0.06520147621631622 0.057678867131471634 3.009044647216797
0.06443624198436737 0.057022202759981155 2.965615749359131
0.060843002051115036 0.053113989531993866 3.091604709625244
0.06275742501020432 0.05491803213953972 3.1357569694519043
0.06340239197015762 0.05565745383501053 3.097975254058838
0.06270883232355118 0.055046938359737396 3.064756393432617
0.06604019552469254 0.0587119497358799 2.931297779083252
0.06482253968715668 0.0577283576130867 2.8376736640930176
0.0646158903837204 0.05729695409536362 2.92757511138916
0.06610053777694702 0.05881936103105545 2.9124701023101807
0.06251926720142365 0.054883506149053574 3.054304599761963
0.06378909200429916 0.05590742826461792 3.15266489982605
0.06227881833910942 0.0545685738325119 3.084097385406494
0.06371554732322693 0.05564798042178154 3.2270255088806152
0.06682150810956955 0.059202466160058975 3.047616958618164
0.061097413301467896 0.05320795625448227 3.15578293800354
0.06679835170507431 0.05973232910037041 2.8264079093933105
0.06452495604753494 0.05727732554078102 2.8990535736083984
0.06153661385178566 0.05367977172136307 3.1427369117736816
0.06450753659009933 0.05649169161915779 3.2063369750976562
0.058953091502189636 0.05066592991352081 3.3148651123046875
0.061179473996162415 0.05309267342090607 3.234719753265381
0.05988769978284836 0.0520632266998291 3.129788398742676
0.06368821114301682 0.056436359882354736 2.9007413387298584
0.06293671578168869 0.055641740560531616 2.9179892539978027
0.06313477456569672 0.05629898980259895 2.7343130111694336
0.06207221373915672 0.05520942434668541 2.745115280151367
0.0613408200442791 0.054273806512355804 2.826805353164673
0.06307949125766754 0.05597001314163208 2.8437912464141846
0.05818774178624153 0.05119449645280838 2.797297716140747
0.05945836007595062 0.05254286900162697 2.7661972045898438
0.0638878270983696 0.056817419826984406 2.828162670135498
0.060984380543231964 0.05383849889039993 2.8583521842956543
0.05958041176199913 0.05242600664496422 2.8617615699768066
0.06341593712568283 0.05643676221370697 2.7916693687438965
0.057026952505111694 0.05008185654878616 2.77803897857666
0.06003083661198616 0.05329015851020813 2.6962718963623047
0.057887688279151917 0.050440382212400436 2.9789226055145264
0.060921646654605865 0.05391256883740425 2.803631544113159
0.0576363280415535 0.050375062972307205 2.904505729675293
0.06026139855384827 0.05301249772310257 2.8995609283447266
0.06350802630186081 0.0564236044883728 2.8337695598602295
0.06186526268720627 0.054451532661914825 2.965491771697998
0.059851642698049545 0.05269207805395126 2.863826274871826
0.05832475796341896 0.05125203728675842 2.829087734222412
0.06062387675046921 0.0533657968044281 2.903231620788574
0.05912256985902786 0.05165158957242966 2.988391399383545
0.0606008879840374 0.053043559193611145 3.0229320526123047
0.06065508723258972 0.053199391812086105 2.982278823852539
0.059090372174978256 0.05126449465751648 3.1303510665893555
0.056750886142253876 0.049748651683330536 2.800893783569336
0.05879175290465355 0.05167054757475853 2.8484816551208496
0.06343510746955872 0.0563788115978241 2.8225176334381104
0.056841254234313965 0.04980297014117241 2.815314531326294
0.05957772582769394 0.05306943878531456 2.6033146381378174
0.0582423061132431 0.05175492912530899 2.5949506759643555
0.0560893639922142 0.050100572407245636 2.3955163955688477
0.05960472300648689 0.05327446386218071 2.5321035385131836
0.06326444447040558 0.05690600723028183 2.543375253677368
0.05899355560541153 0.052036359906196594 2.782878875732422
0.058707840740680695 0.05146323889493942 2.897841215133667
0.05532782897353172 0.047480951994657516 3.1387510299682617
0.058401014655828476 0.051322393119335175 2.831449031829834
0.0580766387283802 0.051128022372722626 2.7794463634490967
0.06056629866361618 0.05322319269180298 2.9372429847717285
0.05986851826310158 0.05260995402932167 2.903426170349121
0.056793730705976486 0.049276579171419144 3.0068612098693848
0.054995689541101456 0.04759146273136139 2.961691379547119
0.05463753640651703 0.04760093241930008 2.8146417140960693
0.06127272918820381 0.05455291271209717 2.68792724609375
0.05548723414540291 0.048639435321092606 2.739119529724121
0.058676984161138535 0.05197281390428543 2.681668758392334
0.05667756870388985 0.04964767396450043 2.8119583129882812
0.05819976329803467 0.051327209919691086 2.749020576477051
0.05836480110883713 0.051442377269268036 2.768970012664795
0.05366754159331322 0.04629451036453247 2.949212074279785
0.05833166092634201 0.05086110159754753 2.988224506378174
0.055980730801820755 0.04810957610607147 3.1484618186950684
0.058767300099134445 0.05112617462873459 3.0564498901367188
0.05886998772621155 0.0512671135365963 3.0411500930786133
0.057855356484651566 0.050688110291957855 2.866898775100708
0.05734473839402199 0.05020703747868538 2.8550808429718018
0.05841997265815735 0.051484301686286926 2.774268865585327
0.05955918878316879 0.053067147731781006 2.5968165397644043
0.05819856375455856 0.05131516605615616 2.753359794616699
0.05510612577199936 0.04853282868862152 2.629319190979004
0.05676988512277603 0.05001961439847946 2.700108051300049
0.05704857036471367 0.050281427800655365 2.7068564891815186
0.05584442615509033 0.04899098724126816 2.741375684738159
0.053829289972782135 0.047128938138484955 2.6801400184631348
0.05724426358938217 0.050397202372550964 2.7388253211975098
0.0578838586807251 0.0506887249648571 2.878054141998291
0.05767316743731499 0.050732336938381195 2.776331663131714
0.05803854763507843 0.05100011080503464 2.815375566482544
0.05534153804183006 0.0481247678399086 2.8867077827453613
0.056144945323467255 0.04885903000831604 2.9143669605255127
0.05429888144135475 0.047334540635347366 2.785736560821533
0.05683128163218498 0.04955758526921272 2.9094789028167725
0.0608435682952404 0.05378973111510277 2.821535348892212
0.05458219721913338 0.04762355610728264 2.783456325531006
0.05563347414135933 0.048705995082855225 2.7709922790527344
0.05312363803386688 0.045880578458309174 2.8972244262695312
0.054796576499938965 0.04774944484233856 2.8188533782958984
0.056785598397254944 0.04955969750881195 2.8903603553771973
0.053974028676748276 0.04682754725217819 2.8585920333862305
0.05483109503984451 0.04768184944987297 2.8596975803375244
0.055903054773807526 0.04868752881884575 2.8862099647521973
0.055537786334753036 0.04790033400058746 3.054980754852295
0.05854601040482521 0.0504036545753479 3.2569420337677
0.05509546026587486 0.04713853821158409 3.1827683448791504
0.05287238582968712 0.04500911384820938 3.145308494567871
0.05326388031244278 0.04563503712415695 3.051536798477173
0.05595701187849045 0.04852960258722305 2.9709630012512207
0.05403422191739082 0.04711618646979332 2.767213821411133
0.05573492869734764 0.049062374979257584 2.6690220832824707
0.05719340592622757 0.050585344433784485 2.643224000930786
0.05438753962516785 0.04797149449586868 2.566417694091797
0.054559022188186646 0.04802415892481804 2.613945960998535
0.052666258066892624 0.045918580144643784 2.699071168899536
0.05663798004388809 0.049851980060338974 2.7144007682800293
0.055222656577825546 0.048106491565704346 2.846466541290283
0.05288738012313843 0.045504920184612274 2.9529833793640137
0.05437478795647621 0.047097012400627136 2.9111106395721436
0.05398450046777725 0.046638187021017075 2.938525676727295
0.05505121871829033 0.04805837571620941 2.79713773727417
0.053102731704711914 0.045622777193784714 2.9919819831848145
0.051753103733062744 0.04413141310214996 3.0486764907836914
0.0526525117456913 0.04530519247055054 2.938927173614502
0.05332619696855545 0.04635288193821907 2.789325714111328
0.053793326020240784 0.046709753572940826 2.8334286212921143
0.05475202947854996 0.04749676212668419 2.902106761932373
0.05600498989224434 0.048844341188669205 2.8642592430114746
0.052569545805454254 0.04503461718559265 3.0139708518981934
0.05741772800683975 0.05029185861349106 2.8503470420837402
0.05430055409669876 0.04712129011750221 2.871706008911133
0.05086285620927811 0.04342237487435341 2.976191997528076
0.053430140018463135 0.045710258185863495 3.0879530906677246
0.054305195808410645 0.04684590548276901 2.9837162494659424
0.05695519968867302 0.04936418682336807 3.036405563354492
0.05434412881731987 0.04737669974565506 2.7869720458984375
0.053404685109853745 0.04611245542764664 2.9168925285339355
0.0543677993118763 0.04683157429099083 3.0144896507263184
0.056489091366529465 0.04892729967832565 3.024717092514038
0.05451935902237892 0.04766541346907616 2.7415785789489746
0.052654653787612915 0.045548588037490845 2.8424267768859863
0.052837394177913666 0.045189015567302704 3.0593507289886475
0.05399638041853905 0.046962887048721313 2.8133976459503174
0.05562954396009445 0.0487675741314888 2.74478816986084
0.05444716662168503 0.0478600412607193 2.6348509788513184
0.05390258505940437 0.046710096299648285 2.87699556350708
0.05277980864048004 0.0458768792450428 2.761172294616699
0.053538694977760315 0.04632866382598877 2.884011745452881
0.05420514941215515 0.04733312875032425 2.7488083839416504
0.05336973816156387 0.04635479673743248 2.805975914001465
0.052761029452085495 0.04568323493003845 2.831118106842041
0.05173039063811302 0.04402247443795204 3.0831661224365234
0.05481526628136635 0.047625891864299774 2.8757500648498535
0.054504722356796265 0.04729340970516205 2.8845252990722656
0.05152855068445206 0.04465732350945473 2.7484912872314453
0.05179467797279358 0.044809192419052124 2.7941949367523193
0.05505011975765228 0.047911617904901505 2.855401039123535
0.05098601058125496 0.04400654509663582 2.7917866706848145
0.05284785106778145 0.04558274894952774 2.906040906906128
0.0555979460477829 0.04796900600194931 3.0515756607055664
0.052928000688552856 0.04513269662857056 3.11812162399292
0.04811377450823784 0.040675628930330276 2.9752585887908936
0.05431203171610832 0.04662798345088959 3.073619842529297
0.05371931940317154 0.04625265300273895 2.9866669178009033
0.05327590927481651 0.045956194400787354 2.9278855323791504
0.05355643481016159 0.04607637971639633 2.9920215606689453
0.05166373774409294 0.04445723444223404 2.882601737976074
0.051754649728536606 0.04447934776544571 2.910121440887451
0.050567951053380966 0.04362724721431732 2.7762813568115234
0.05233478918671608 0.045499105006456375 2.73427414894104
0.052644066512584686 0.045789942145347595 2.741649627685547
0.05109598487615585 0.0442323312163353 2.74546217918396
0.05058541148900986 0.04371776431798935 2.747058391571045
0.05337230861186981 0.04642190411686897 2.7801618576049805
0.05189196765422821 0.044113025069236755 3.1115763187408447
0.05174459517002106 0.04396823048591614 3.110546588897705
0.052125439047813416 0.04460030049085617 3.0100560188293457
0.05383429303765297 0.04649565368890762 2.935455799102783
0.05383807420730591 0.0466608963906765 2.870871067047119
0.05073070898652077 0.04337240010499954 2.943323850631714
0.04997880011796951 0.042547281831502914 2.9726076126098633
0.05205266550183296 0.0446561723947525 2.9585976600646973
0.05269727483391762 0.04491826891899109 3.111602783203125
0.0543476864695549 0.04715783894062042 2.875938892364502
0.0519670695066452 0.044213131070137024 3.101574659347534
0.051450423896312714 0.04440653696656227 2.8175547122955322
0.04961680620908737 0.0424700528383255 2.85870099067688
0.05039529502391815 0.04303285479545593 2.944976806640625
0.04884745553135872 0.04193854704499245 2.7635631561279297
0.0485122986137867 0.04148189723491669 2.8121612071990967
0.0529429093003273 0.04605589807033539 2.7548038959503174
0.050798140466213226 0.04390428215265274 2.757542610168457
0.05214543640613556 0.04488501697778702 2.9041671752929688
0.05444285646080971 0.04700649157166481 2.97454571723938
0.05109761655330658 0.043496739119291306 3.040351390838623
0.051957037299871445 0.044740378856658936 2.8866634368896484
0.05225841701030731 0.04484335333108902 2.966024875640869
0.05176838859915733 0.04421687871217728 3.020603895187378
0.04956484213471413 0.042112451046705246 2.9809563159942627
0.05157529190182686 0.04405611753463745 3.007669448852539
0.053225234150886536 0.046253420412540436 2.7887256145477295
0.05077265948057175 0.04333417862653732 2.9753923416137695
0.048865851014852524 0.04153302311897278 2.933130979537964
0.04872053489089012 0.04138033092021942 2.9360814094543457
0.05007873848080635 0.042133964598178864 3.1779098510742188
0.050912581384181976 0.04371684044599533 2.8782958984375
0.0526115819811821 0.04560789093375206 2.801475763320923
0.050028592348098755 0.04304368421435356 2.7939631938934326
0.05498519167304039 0.04802286624908447 2.78493070602417
0.05219554156064987 0.045503415167331696 2.6768510341644287
0.05253260210156441 0.04518624767661095 2.938541889190674
0.049892183393239975 0.04229641705751419 3.0383071899414062
0.048893168568611145 0.04149438813328743 2.959512233734131
0.052759863436222076 0.0454261414706707 2.933488368988037
0.05035429820418358 0.0429273284971714 2.970787763595581
0.05033012107014656 0.043155487626791 2.8698537349700928
0.049156494438648224 0.04190286993980408 2.9014501571655273
0.05275735631585121 0.0456271693110466 2.85207462310791
0.04988119378685951 0.04244152829051018 2.9758667945861816
0.0554007887840271 0.04812544584274292 2.910137891769409
0.049757443368434906 0.042470768094062805 2.914670705795288
0.05093343183398247 0.04355459660291672 2.9515347480773926
0.05063922703266144 0.04291863739490509 3.08823561668396
0.04988837614655495 0.04266815260052681 2.888090133666992
0.051646314561367035 0.04372001066803932 3.170520782470703
0.04931427538394928 0.041493408381938934 3.1283462047576904
0.05185633897781372 0.04386162385344505 3.197885513305664
0.048360127955675125 0.04063774645328522 3.0889523029327393
0.050377968698740005 0.042761169373989105 3.046719551086426
0.05093466863036156 0.04329972714185715 3.053976058959961
0.05136694386601448 0.04382576793432236 3.016469955444336
0.047634683549404144 0.04022440314292908 2.9641129970550537
0.04627007991075516 0.03924312815070152 2.8107805252075195
0.04971235245466232 0.042635686695575714 2.8306655883789062
0.04753841459751129 0.0404120497405529 2.8505454063415527
0.048915110528469086 0.04184456169605255 2.828218936920166
0.04708043485879898 0.040338557213544846 2.696751594543457
0.049404047429561615 0.04266951605677605 2.693812370300293
0.047593384981155396 0.041047826409339905 2.6182241439819336
0.05087277293205261 0.04364869371056557 2.889632225036621
0.05233704671263695 0.04490157589316368 2.9741878509521484
0.05345122888684273 0.04569602757692337 3.1020805835723877
0.05129943788051605 0.0437455028295517 3.021573305130005
0.05123104527592659 0.04371440410614014 3.0066566467285156
0.05019727721810341 0.04236864298582077 3.1314542293548584
0.049020279198884964 0.041096530854701996 3.169498920440674
0.05091250315308571 0.043277010321617126 3.0541977882385254
0.04997345432639122 0.042299479246139526 3.0695900917053223
0.049583550542593 0.04193464666604996 3.0595617294311523
0.04913110285997391 0.04187789559364319 2.901282548904419
0.05028659477829933 0.043033622205257416 2.901188850402832
0.049228884279727936 0.04223380237817764 2.798032283782959
0.05018420144915581 0.04297148436307907 2.8850862979888916
0.048648957163095474 0.04100756347179413 3.0565578937530518
0.053668197244405746 0.04619566351175308 2.989014148712158
0.05192221701145172 0.04474768787622452 2.869812488555908
0.051032230257987976 0.043370552361011505 3.0646719932556152
0.046317968517541885 0.03880111500620842 3.006742000579834
0.048012323677539825 0.040976382791996 2.814375877380371
0.052044712007045746 0.044353269040584564 3.076577663421631
0.051656316965818405 0.04458595812320709 2.82814359664917
0.052950419485569 0.04517747089266777 3.1091790199279785
0.05124298483133316 0.04370090737938881 3.016831636428833
0.05144687369465828 0.043457623571157455 3.195699691772461
0.048434510827064514 0.04005047678947449 3.353614091873169
0.05090224742889404 0.04337678104639053 3.0101871490478516
0.04937232285737991 0.042244650423526764 2.851069688796997
0.04857015609741211 0.04161437228322029 2.782313346862793
0.05005233734846115 0.04298444464802742 2.8271563053131104
0.04946930706501007 0.04243187606334686 2.814971685409546
0.05060047656297684 0.043412577360868454 2.87515926361084
0.04912227764725685 0.04185561090707779 2.9066665172576904
0.05193568021059036 0.0447913333773613 2.8577382564544678
0.050492774695158005 0.04334373027086258 2.8596179485321045
0.047782301902770996 0.03970856964588165 3.2294936180114746
0.05044092610478401 0.042528294026851654 3.165053129196167
0.050223156809806824 0.04202370345592499 3.2797818183898926
0.05009935051202774 0.04200782626867294 3.2366106510162354
0.04998277872800827 0.04237278550863266 3.043997287750244
0.048993051052093506 0.04137971252202988 3.0453360080718994
0.05061406269669533 0.0428430549800396 3.108402729034424
0.053068362176418304 0.045055221766233444 3.205256462097168
0.04959510266780853 0.04186451435089111 3.0922350883483887
0.05052019655704498 0.04250061511993408 3.2078332901000977
0.05084812641143799 0.043511226773262024 2.9347596168518066
0.04946207255125046 0.042032644152641296 2.971771478652954
0.04934551939368248 0.04192907363176346 2.966578483581543
0.048832736909389496 0.04167238622903824 2.8641397953033447
0.05198793113231659 0.04441535100340843 3.02903151512146
0.04931795969605446 0.0418274849653244 2.9961905479431152
0.051213350147008896 0.04410591721534729 2.842973232269287
0.04847197234630585 0.04084447771310806 3.0509982109069824
0.04538999870419502 0.03779745474457741 3.037017822265625
0.049656014889478683 0.04189009964466095 3.106365919113159
0.05201469361782074 0.04456266760826111 2.98081111907959
0.04796206206083298 0.040451616048812866 3.004179000854492
0.05048051103949547 0.042992670089006424 2.9951364994049072
0.04907388612627983 0.041072405874729156 3.200592517852783
0.04637949913740158 0.038568928837776184 3.1242289543151855
0.0469234474003315 0.039851196110248566 2.8289010524749756
0.05505307391285896 0.04671649634838104 3.3346314430236816
0.04975755512714386 0.04227930307388306 2.9913015365600586
0.04894708842039108 0.04161996394395828 2.930850028991699
0.05144646018743515 0.04346640408039093 3.1920220851898193
0.04850883036851883 0.040410660207271576 3.2392678260803223
0.04767078906297684 0.04003530740737915 3.054192543029785
0.049657441675662994 0.04173213616013527 3.1701223850250244
0.05036681890487671 0.04249650985002518 3.148122787475586
0.05026920884847641 0.042141951620578766 3.2509026527404785
0.0477149561047554 0.03988257423043251 3.13295316696167
0.05202106386423111 0.044224485754966736 3.1186320781707764
0.04826884716749191 0.0408177524805069 2.980438709259033
0.04757058620452881 0.039671868085861206 3.159487724304199
0.04944508150219917 0.04196711629629135 2.9911859035491943
0.04840643331408501 0.040875352919101715 3.01243257522583
0.04781763628125191 0.04008359834551811 3.0936150550842285
0.04777409881353378 0.039496779441833496 3.3109283447265625
0.048177558928728104 0.039902761578559875 3.3099193572998047
0.048615679144859314 0.040371354669332504 3.297729253768921
0.046960506588220596 0.03855959326028824 3.360365152359009
0.04977789148688316 0.04180856794118881 3.1877293586730957
0.050325945019721985 0.04284657537937164 2.9917476177215576
0.04850640147924423 0.04122335463762283 2.913219451904297
0.05061505362391472 0.04308239370584488 3.0130646228790283
0.04668119177222252 0.038902558386325836 3.11145281791687
0.04770125448703766 0.0402311310172081 2.9880495071411133
0.04672292247414589 0.03948771208524704 2.8940842151641846
0.04880915582180023 0.04147334769368172 2.934323310852051
0.0511307530105114 0.0439130961894989 2.8870627880096436
0.04839816689491272 0.04074209928512573 3.062427520751953
0.047366008162498474 0.040001437067985535 2.945828437805176
0.048127345740795135 0.04080647975206375 2.928347110748291
0.04841912165284157 0.04065391793847084 3.106081962585449
0.049832507967948914 0.041791047900915146 3.216583490371704
0.05010432377457619 0.042696334421634674 2.96319580078125
0.05090003088116646 0.043160729110240936 3.0957205295562744
0.048622649163007736 0.04106564819812775 3.0228004455566406
0.04887404665350914 0.04057778790593147 3.3185040950775146
0.05091603845357895 0.043254971504211426 3.064427375793457
0.049709662795066833 0.04152921587228775 3.2721781730651855
0.04996209591627121 0.04203673452138901 3.1701440811157227
0.04908918961882591 0.04098624736070633 3.2411766052246094
0.049985796213150024 0.04163031280040741 3.342193603515625
0.04837395250797272 0.04015147686004639 3.2889909744262695
0.04713582247495651 0.03918491303920746 3.1803643703460693
0.04806340113282204 0.0402805432677269 3.113142967224121
0.04560193791985512 0.038064658641815186 3.0149123668670654
0.04846084862947464 0.0410463847219944 2.965785503387451
0.049947965890169144 0.04226904734969139 3.0715675354003906
0.05010505020618439 0.04238832741975784 3.08668851852417
0.04785943776369095 0.040039148181676865 3.1281166076660156
0.04906162992119789 0.04139608144760132 3.0662198066711426
0.05016680061817169 0.042481690645217896 3.0740437507629395
0.05102618783712387 0.04291463643312454 3.244619846343994
0.05116403102874756 0.04322075843811035 3.17730975151062
0.05078055337071419 0.04298262670636177 3.119171142578125
0.05067267268896103 0.04328038543462753 2.9569146633148193
0.04972146078944206 0.04206164553761482 3.0639262199401855
0.04661908373236656 0.03901517763733864 3.04156231880188
0.047860872000455856 0.04087092727422714 2.7959775924682617
0.04692504554986954 0.039330821484327316 3.0376901626586914
0.049856118857860565 0.04249541833996773 2.9442806243896484
0.05068835988640785 0.04312298446893692 3.0261499881744385
0.04829811304807663 0.04044901579618454 3.1396384239196777
0.04880907014012337 0.04115923494100571 3.059934377670288
0.04934394732117653 0.04159568250179291 3.0993056297302246
0.047945089638233185 0.039781354367733 3.265493392944336
0.04613635689020157 0.038882896304130554 2.9013848304748535
0.04602757841348648 0.0386672206223011 2.944143772125244
0.04630962759256363 0.03853748366236687 3.1088576316833496
0.050529494881629944 0.04260887950658798 3.1682469844818115
0.04810924455523491 0.04037262499332428 3.0946478843688965
0.04873032867908478 0.04077531024813652 3.1820077896118164
0.04633009433746338 0.03859470784664154 3.0941543579101562
0.04708756506443024 0.039751190692186356 2.934549331665039
0.04753051698207855 0.03921668976545334 3.325530767440796
0.047154009342193604 0.03918718546628952 3.1867291927337646
0.046819865703582764 0.03874677047133446 3.2292375564575195
0.0470438078045845 0.039221614599227905 3.1288771629333496
0.04986436665058136 0.04221881926059723 3.058218479156494
0.047338925302028656 0.03938591480255127 3.1812047958374023
0.048345983028411865 0.04040843993425369 3.1750168800354004
0.0469856783747673 0.03868430480360985 3.320549726486206
0.04725010320544243 0.03958926349878311 3.064335346221924
0.04913804307579994 0.04140600562095642 3.092815399169922
0.049177736043930054 0.0413198247551918 3.1431639194488525
0.0486932098865509 0.04053004831075668 3.2652647495269775
0.04701739922165871 0.03941719979047775 3.0400795936584473
0.04658546298742294 0.03859952837228775 3.1943747997283936
0.046940162777900696 0.039334606379270554 3.0422234535217285
0.04700794070959091 0.03908355534076691 3.1697535514831543
0.04784948378801346 0.03993489593267441 3.1658358573913574
0.04508010298013687 0.03724423050880432 3.1343483924865723
0.04834873974323273 0.04025156795978546 3.238868236541748
0.04727926850318909 0.03936407342553139 3.1660776138305664
0.0461161807179451 0.038159579038619995 3.1826415061950684
0.0500478558242321 0.04185567796230316 3.2768712043762207
0.047429852187633514 0.039333730936050415 3.23844838142395
0.04541194811463356 0.037403758615255356 3.2032763957977295
0.047613076865673065 0.03929158300161362 3.328597068786621
0.04536167532205582 0.03712024539709091 3.296572685241699
0.04765179008245468 0.039338476955890656 3.325324535369873
0.050062596797943115 0.04188366234302521 3.271574020385742
0.0468004047870636 0.03911011666059494 3.0761146545410156
0.046210967004299164 0.038373321294784546 3.1350584030151367
0.045977771282196045 0.03775249049067497 3.2901127338409424
0.048589013516902924 0.040824275463819504 3.10589599609375
0.04728454351425171 0.03946627676486969 3.127307653427124
0.050274014472961426 0.04250401258468628 3.108001232147217
0.0495433434844017 0.04188249260187149 3.064340591430664
0.050064053386449814 0.042330991476774216 3.0932252407073975
0.04899204149842262 0.04104688763618469 3.1780619621276855
0.047212228178977966 0.039017535746097565 3.277876138687134
0.048384130001068115 0.04036470502614975 3.2077701091766357
0.04644179344177246 0.037933990359306335 3.4031214714050293
0.04732688516378403 0.03934672847390175 3.192063570022583
0.04891740530729294 0.040820397436618805 3.2388041019439697
0.047494933009147644 0.039501190185546875 3.1974964141845703
0.049287181347608566 0.041073985397815704 3.285278558731079
0.04897995665669441 0.04106196016073227 3.167198896408081
0.04461442679166794 0.037008482962846756 3.0423779487609863
0.04841901734471321 0.04044761508703232 3.18856143951416
0.04655017703771591 0.03841902315616608 3.2524614334106445
0.04942886158823967 0.041447024792432785 3.192734718322754
0.04871147498488426 0.04027780145406723 3.373469114303589
0.04860437661409378 0.04055149853229523 3.221151828765869
0.047529686242341995 0.03901146352291107 3.4072887897491455
0.045623160898685455 0.037719447165727615 3.161485195159912
0.0473720021545887 0.03903535380959511 3.3346588611602783
0.047158826142549515 0.038937509059906006 3.288527250289917
0.04755403473973274 0.039129532873630524 3.3698012828826904
0.046236373484134674 0.03818761557340622 3.219503879547119
0.046083964407444 0.03803062066435814 3.2213380336761475
0.04731326177716255 0.039384625852108 3.1714539527893066
0.04656700789928436 0.038518570363521576 3.2193751335144043
0.04801415279507637 0.039132218807935715 3.552773952484131
0.04596859961748123 0.0376998707652092 3.3074913024902344
0.046873241662979126 0.038506753742694855 3.346595287322998
0.04751497507095337 0.03909511864185333 3.367943525314331
0.04690247029066086 0.03879142552614212 3.244417190551758
0.04792184382677078 0.03957275301218033 3.339637041091919
0.047496721148490906 0.03916691988706589 3.331920623779297
0.045019980520009995 0.03715194761753082 3.1472127437591553
0.04766630008816719 0.03976563364267349 3.160266876220703
0.047321148216724396 0.03938500955700874 3.174455165863037
0.04689144715666771 0.03912011533975601 3.1085329055786133
0.044453974813222885 0.03684612736105919 3.0431392192840576
0.045760609209537506 0.037729837000370026 3.2123098373413086
0.04855262488126755 0.040438324213027954 3.245720386505127
0.04840289056301117 0.04029420018196106 3.2434771060943604
0.04588519036769867 0.0378330796957016 3.2208445072174072
0.04779842123389244 0.040285199880599976 3.005289077758789
0.046538449823856354 0.038450658321380615 3.2351160049438477
0.04642704129219055 0.038431987166404724 3.198021411895752
0.04957198724150658 0.04149805009365082 3.229574680328369
0.05025748163461685 0.04213383421301842 3.2494592666625977
0.04855053871870041 0.04033800959587097 3.2850122451782227
0.04976102337241173 0.041449710726737976 3.3245246410369873
0.0470733568072319 0.038600873202085495 3.3889927864074707
0.046162549406290054 0.03785473108291626 3.323127269744873
0.04743267223238945 0.039379190653562546 3.22139310836792
0.047369662672281265 0.03964484855532646 3.089925765991211
0.04474864527583122 0.036730896681547165 3.207099437713623
0.04792463779449463 0.03927893191576004 3.458282709121704
0.04735272377729416 0.03896850347518921 3.3536880016326904
0.04656974598765373 0.03849013149738312 3.231846332550049
0.045883532613515854 0.03769923001527786 3.2737207412719727
0.048113830387592316 0.03941235691308975 3.480588912963867
0.045440834015607834 0.0372111052274704 3.29189133644104
0.04858836159110069 0.04004696011543274 3.4165611267089844
0.04830975458025932 0.04028918594121933 3.2082271575927734
0.04784766584634781 0.03951764851808548 3.332007884979248
0.04483950883150101 0.036459438502788544 3.3520283699035645
0.04614181071519852 0.03782057762145996 3.328493595123291
0.049467992037534714 0.041291896253824234 3.2704384326934814
0.04518059268593788 0.03691161423921585 3.307591199874878
0.04830680042505264 0.039951108396053314 3.342277765274048
0.04816450923681259 0.0401437021791935 3.2083234786987305
0.04598499462008476 0.03812019154429436 3.145921230316162
0.05037286505103111 0.04201231151819229 3.344221830368042
0.049053970724344254 0.04102061688899994 3.2133419513702393
0.04716050252318382 0.03855225443840027 3.4432992935180664
0.04555376619100571 0.037199508398771286 3.341703414916992
0.04589622840285301 0.03760307654738426 3.317260265350342
0.04490768536925316 0.036183323711156845 3.489744186401367
0.04723619297146797 0.03906720504164696 3.2675957679748535
0.04512025788426399 0.03615836799144745 3.5847561359405518
0.048893529921770096 0.040261827409267426 3.452681064605713
0.04536396265029907 0.0369126982986927 3.380505084991455
0.04719557613134384 0.03913326561450958 3.224924325942993
0.046339165419340134 0.0375586599111557 3.512202024459839
0.04559735581278801 0.03747823089361191 3.247650146484375
0.04745658114552498 0.03945185989141464 3.2018890380859375
0.0448337160050869 0.03662089630961418 3.285127639770508
0.049130745232105255 0.041358716785907745 3.108811855316162
0.04896339774131775 0.040763892233371735 3.2798030376434326
0.048628196120262146 0.04095974564552307 3.067380905151367
0.04913119599223137 0.041204631328582764 3.170625925064087
0.04712860286235809 0.03918159008026123 3.178805351257324
0.047043219208717346 0.038084350526332855 3.583547592163086
0.04762395843863487 0.038699373602867126 3.569833517074585
0.04621104896068573 0.0378287211060524 3.352931499481201
0.046053968369960785 0.037393830716609955 3.464054584503174
0.046490080654621124 0.0379394069314003 3.4202687740325928
0.0467330664396286 0.03812592849135399 3.4428553581237793
0.049014829099178314 0.04050266742706299 3.404865264892578
0.049830950796604156 0.040949124842882156 3.552730083465576
0.04677412658929825 0.03794284537434578 3.53251314163208
0.04733830690383911 0.0390966460108757 3.2966647148132324
0.04469595104455948 0.03580603003501892 3.555968761444092
0.0473247691988945 0.038851939141750336 3.389132022857666
0.04750790446996689 0.0390331894159317 3.3898863792419434
0.04536665603518486 0.03689108043909073 3.390230178833008
0.04353409260511398 0.03523898124694824 3.3180441856384277
0.04793430119752884 0.039982590824365616 3.1806845664978027
0.051773034036159515 0.04393181949853897 3.1364853382110596
0.050149451941251755 0.04223306477069855 3.166555404663086
0.04860328510403633 0.04019023850560188 3.365218162536621
0.04915233328938484 0.040201134979724884 3.580479621887207
0.048009149730205536 0.0392007976770401 3.5233402252197266
0.045472152531147 0.036498233675956726 3.5895681381225586
0.04645664244890213 0.03758963197469711 3.546804428100586
0.04602648317813873 0.03663057088851929 3.758364200592041
0.04469301179051399 0.036109015345573425 3.433598279953003
0.046445127576589584 0.03802388906478882 3.368494987487793
0.04721131920814514 0.03829780966043472 3.5654029846191406
0.045973628759384155 0.03800429403781891 3.1877341270446777
0.04586682468652725 0.03808930888772011 3.1110072135925293
0.04471863806247711 0.03659498691558838 3.2494614124298096
0.04708817973732948 0.0390596017241478 3.2114310264587402
0.04728475213050842 0.03877631947398186 3.4033727645874023
0.049378909170627594 0.04167287051677704 3.0824155807495117
0.04925409331917763 0.041524533182382584 3.0918235778808594
0.045475319027900696 0.03687234967947006 3.4411869049072266
0.047237809747457504 0.038792017847299576 3.378316879272461
0.04575139656662941 0.03723134100437164 3.40802264213562
0.04793873429298401 0.03934120386838913 3.4390130043029785
0.04531688615679741 0.036766357719898224 3.4202115535736084
0.04796154797077179 0.039391789585351944 3.427903175354004
0.04600750654935837 0.03710521012544632 3.5609188079833984
0.046459879726171494 0.03733490779995918 3.649989128112793
0.04741276800632477 0.038338057696819305 3.629884719848633
0.04606744647026062 0.037272509187459946 3.517974853515625
0.04820144176483154 0.03902263194322586 3.6715235710144043
0.04660756140947342 0.038326554000377655 3.3124027252197266
0.04485849291086197 0.036168649792671204 3.4759373664855957
0.04514484107494354 0.03665178269147873 3.3972232341766357
0.045147914439439774 0.03694853186607361 3.2797532081604004
0.04728485643863678 0.03886749595403671 3.3669443130493164
0.04418996348977089 0.03645962476730347 3.0921359062194824
0.047635193914175034 0.03908276557922363 3.420971393585205
0.04592426121234894 0.037611305713653564 3.325181722640991
0.04663197696208954 0.038487814366817474 3.2576651573181152
0.04592742398381233 0.03798606991767883 3.176541328430176
0.04262229800224304 0.034531764686107635 3.2362124919891357
0.04708535969257355 0.038730502128601074 3.3419432640075684
0.04370537027716637 0.03563956916332245 3.226320743560791
0.04566995054483414 0.03733040764927864 3.3358163833618164
0.04620291665196419 0.03802816569805145 3.26990008354187
0.0456416979432106 0.037436507642269135 3.282076597213745
0.04597843438386917 0.037513747811317444 3.3858742713928223
0.044431425631046295 0.03617270290851593 3.3034887313842773
0.04706146568059921 0.038879409432411194 3.272822380065918
0.04294963926076889 0.03482542932033539 3.2496845722198486
0.04603802040219307 0.037314049899578094 3.489588737487793
0.049824394285678864 0.041446756571531296 3.3510544300079346
0.043600525707006454 0.0356438085436821 3.1826868057250977
0.04834745079278946 0.04029742255806923 3.2200112342834473
0.04671677201986313 0.03861324489116669 3.241410732269287
0.048403043299913406 0.04005447030067444 3.3394296169281006
0.04792236536741257 0.040014080703258514 3.163313865661621
0.0435681976377964 0.03577624261379242 3.1167826652526855
0.04581449180841446 0.03745441511273384 3.34403133392334
0.04639206826686859 0.03793240338563919 3.383866310119629
0.04625783860683441 0.038275133818387985 3.193081855773926
0.04442784935235977 0.03640081733465195 3.210813045501709
0.047296397387981415 0.03928040713071823 3.2063965797424316
0.04408230632543564 0.03550969809293747 3.4290432929992676
0.04562583193182945 0.03740823268890381 3.2870399951934814
0.045531146228313446 0.03713151812553406 3.359851837158203
0.049189336597919464 0.040436409413814545 3.5011701583862305
0.04578237235546112 0.03710906207561493 3.4693236351013184
0.04468979686498642 0.036253754049539566 3.374418020248413
0.04411619156599045 0.0352843776345253 3.532726287841797
0.045337118208408356 0.036223120987415314 3.645599365234375
0.0457494854927063 0.03681997209787369 3.571805953979492
0.04390629380941391 0.035130202770233154 3.5104355812072754
0.04790373146533966 0.039231397211551666 3.4689340591430664
0.043426916003227234 0.03479699417948723 3.4519686698913574
0.046263959258794785 0.037764184176921844 3.3999099731445312
0.047797366976737976 0.03913327306509018 3.465637683868408
0.04840023070573807 0.0396689809858799 3.492499589920044
0.047867462038993835 0.039483293890953064 3.3536670207977295
0.046682532876729965 0.038064755499362946 3.447110652923584
0.04420594125986099 0.035479623824357986 3.490527391433716
0.04640143737196922 0.03755924850702286 3.5368752479553223
0.04946602135896683 0.040784332901239395 3.4726758003234863
0.04794682189822197 0.03927230089902878 3.46980881690979
0.04480236768722534 0.03609367087483406 3.4834787845611572
0.04698740318417549 0.03794536739587784 3.616814374923706
0.0456707701086998 0.037011876702308655 3.463557004928589
0.04346247389912605 0.03463135287165642 3.5324487686157227
0.04625147581100464 0.03716808557510376 3.6333560943603516
0.04208889976143837 0.033877693116664886 3.284482479095459
0.04479055479168892 0.03603195399045944 3.5034399032592773
0.045432452112436295 0.03666005656123161 3.508957862854004
0.05052293837070465 0.04200374707579613 3.407677173614502
0.044761769473552704 0.035953037440776825 3.5234920978546143
0.047016654163599014 0.038236625492572784 3.5120110511779785
0.045416004955768585 0.03665550798177719 3.5041980743408203
0.04499678686261177 0.036851368844509125 3.258166790008545
0.04596848040819168 0.0375225767493248 3.378361701965332
0.04982876032590866 0.04117574170231819 3.4612069129943848
0.04803617298603058 0.03971654549241066 3.327850341796875
0.04210538789629936 0.033462557941675186 3.45713210105896
0.04411234334111214 0.035365521907806396 3.4987287521362305
0.043381281197071075 0.03460894897580147 3.5089333057403564
0.046731170266866684 0.03806072846055031 3.468177318572998
0.045405738055706024 0.03719392418861389 3.2847251892089844
0.04661786928772926 0.03804095461964607 3.4307658672332764
0.044491130858659744 0.036191415041685104 3.3198866844177246
0.0466141477227211 0.03843964636325836 3.2698001861572266
0.04475361481308937 0.03688589483499527 3.147087812423706
0.04688799008727074 0.03810829669237137 3.5118777751922607
0.04748433828353882 0.039314813911914825 3.267810344696045
0.04623182490468025 0.03774265572428703 3.395667552947998
0.046040844172239304 0.038254547864198685 3.114518165588379
0.04593314230442047 0.037427812814712524 3.4021317958831787
0.04576966539025307 0.037521086633205414 3.299431085586548
0.046040840446949005 0.037899091839790344 3.256700038909912
0.047053657472133636 0.0387345552444458 3.3276405334472656
0.044640809297561646 0.03592304512858391 3.487105131149292
0.046508193016052246 0.03816013038158417 3.339226007461548
0.04920215532183647 0.04090849682688713 3.317462921142578
0.04586241394281387 0.03753995895385742 3.32898211479187
0.046266354620456696 0.037351202219724655 3.56606125831604
0.044106967747211456 0.035338401794433594 3.5074265003204346
0.045814238488674164 0.03743802756071091 3.350485324859619
0.04572698473930359 0.036485135555267334 3.696739435195923
0.04775812476873398 0.03908678889274597 3.468533992767334
0.047027479857206345 0.03783555328845978 3.6767702102661133
0.04414858669042587 0.03523324057459831 3.5661392211914062
0.045327551662921906 0.03671488165855408 3.445067882537842
0.04280144348740578 0.0341695137321949 3.4527721405029297
0.047401025891304016 0.03881719708442688 3.4335317611694336
0.044315751641988754 0.035680752247571945 3.4539997577667236
0.04313147813081741 0.034630704671144485 3.4003100395202637
0.04735948145389557 0.0393899604678154 3.187807559967041
0.04590310528874397 0.037484295666217804 3.3675239086151123
0.04498204588890076 0.03684525191783905 3.2547173500061035
0.046484388411045074 0.03856402635574341 3.168144464492798
0.04774118959903717 0.03927150368690491 3.387874126434326
0.04473741725087166 0.036245256662368774 3.396864414215088
0.046523552387952805 0.03765784949064255 3.546280860900879
0.04351937025785446 0.03483079746365547 3.4754300117492676
0.04726596176624298 0.03863512724637985 3.452333927154541
0.04635528102517128 0.03766012191772461 3.4780633449554443
0.046162061393260956 0.03779223561286926 3.3479297161102295
0.04639740288257599 0.03803040832281113 3.3467984199523926
0.04845406115055084 0.03994975984096527 3.4017205238342285
0.044964589178562164 0.03685484081506729 3.2439002990722656
0.045397549867630005 0.03731178119778633 3.2343082427978516
0.045651547610759735 0.037404999136924744 3.2986199855804443
0.048230040818452835 0.03917166590690613 3.623350143432617
0.044943585991859436 0.0362202450633049 3.4893364906311035
0.04645010828971863 0.03800482302904129 3.3781144618988037
0.044041190296411514 0.03511617332696915 3.57000732421875
0.04530109092593193 0.03657548874616623 3.4902405738830566
0.04521451145410538 0.03649904578924179 3.4861860275268555
0.04626557603478432 0.03682662546634674 3.7755799293518066
0.04743890091776848 0.03850444033741951 3.5737838745117188
0.045561015605926514 0.03633952885866165 3.688594341278076
0.04582280293107033 0.036816585808992386 3.6024863719940186
0.044666457921266556 0.0356307253241539 3.614292860031128
0.04548974335193634 0.0371415913105011 3.3392601013183594
0.04447926580905914 0.03541771322488785 3.6246204376220703
0.04510163515806198 0.03593927249312401 3.6649458408355713
0.047055117785930634 0.03849610686302185 3.4236040115356445
0.044875890016555786 0.03598124533891678 3.5578575134277344
0.046237606555223465 0.037973783910274506 3.3055295944213867
0.04444437474012375 0.036096587777137756 3.3391151428222656
0.044065508991479874 0.03508171811699867 3.5935168266296387
0.043873101472854614 0.03520393744111061 3.4676661491394043
0.048473551869392395 0.039780229330062866 3.477328300476074
0.04608919471502304 0.037403225898742676 3.4743881225585938
0.04693760722875595 0.038230106234550476 3.4830005168914795
0.04605434089899063 0.037368904799222946 3.474174976348877
0.04687800258398056 0.0379454605281353 3.5730161666870117
0.04457483068108559 0.03586668521165848 3.4832587242126465
0.046711266040802 0.037675514817237854 3.614300012588501
0.04585513100028038 0.036984991282224655 3.548055410385132
0.04633169248700142 0.03786925971508026 3.3849730491638184
0.045083533972501755 0.03611380234360695 3.5878922939300537
0.04473346844315529 0.036180973052978516 3.4209983348846436
0.043845050036907196 0.03541048243641853 3.3738272190093994
0.04625917226076126 0.0379011407494545 3.343212604522705
0.044716399163007736 0.036050647497177124 3.4663007259368896
0.04480234533548355 0.03625093400478363 3.4205641746520996
0.04664089158177376 0.038192152976989746 3.379495620727539
0.04556712880730629 0.036902349442243576 3.465911388397217
0.04594455659389496 0.0372747927904129 3.4679064750671387
0.047651760280132294 0.039350979030132294 3.320312738418579
0.04805166646838188 0.03935438022017479 3.478914737701416
0.043098680675029755 0.03434288874268532 3.50231671333313
0.044372763484716415 0.035464175045490265 3.5634350776672363
0.04598317667841911 0.03701518848538399 3.58719539642334
0.044823162257671356 0.03577246889472008 3.6202776432037354
0.04613388702273369 0.03759612515568733 3.415104389190674
0.04669972136616707 0.03762589395046234 3.629530906677246
0.0421675406396389 0.03376246988773346 3.3620285987854004
0.043121643364429474 0.03443671017885208 3.4739742279052734
0.04696781933307648 0.038131386041641235 3.5345733165740967
0.045661479234695435 0.037028852850198746 3.4530506134033203
0.04588908702135086 0.03722432255744934 3.4659061431884766
0.0490817129611969 0.040501669049263 3.4320178031921387
0.04534047096967697 0.03599841147661209 3.736823320388794
0.04598027840256691 0.03704181686043739 3.5753846168518066
0.047320589423179626 0.038105204701423645 3.6861536502838135
0.04913189262151718 0.03952197730541229 3.8439652919769287
0.04641776531934738 0.037127964198589325 3.715921401977539
0.04742886498570442 0.038659483194351196 3.5077531337738037
0.045042283833026886 0.03637820482254028 3.4656314849853516
0.04505457729101181 0.035509251058101654 3.818131446838379
0.04485107585787773 0.03590351715683937 3.5790233612060547
0.04515231400728226 0.03612358868122101 3.6114907264709473
0.046066198498010635 0.037169165909290314 3.5588135719299316
0.04796506464481354 0.03905855864286423 3.5626015663146973
0.046417511999607086 0.037760257720947266 3.462902307510376
0.048566561192274094 0.03955909609794617 3.6029858589172363
0.042649999260902405 0.033950112760066986 3.479954957962036
0.044521212577819824 0.03536780923604965 3.6613612174987793
0.04452203959226608 0.03562982380390167 3.556887149810791
0.04604819044470787 0.03747788816690445 3.428121328353882
0.044074855744838715 0.03510096296668053 3.5895566940307617
0.04443890601396561 0.035891611129045486 3.4189181327819824
0.04686806723475456 0.03807395324110985 3.517645835876465
0.04513897746801376 0.03655066341161728 3.4353251457214355
0.046540189534425735 0.03820369392633438 3.3345978260040283
0.04232706129550934 0.03412029147148132 3.2827084064483643
0.044812098145484924 0.03653440997004509 3.311074733734131
0.04473002627491951 0.03627641871571541 3.381443500518799
0.04594336450099945 0.03744823485612869 3.398052215576172
0.04752841964364052 0.038344018161296844 3.6737611293792725
0.04618693143129349 0.03724125772714615 3.5782692432403564
0.04652420058846474 0.037826698273420334 3.4790005683898926
0.04463084787130356 0.03575969487428665 3.5484619140625
0.05010640248656273 0.04108038544654846 3.6104073524475098
0.044304266571998596 0.03570031374692917 3.4415805339813232
0.046783577650785446 0.03773203492164612 3.620617389678955
0.04597926139831543 0.03741549327969551 3.425507068634033
0.04457656294107437 0.035416021943092346 3.6642162799835205
0.04333437979221344 0.034552201628685 3.5128707885742188
0.044064756482839584 0.03537260740995407 3.4768595695495605
0.042615216225385666 0.034222446382045746 3.357107639312744
0.04341092333197594 0.034967467188835144 3.3773820400238037
0.0419497936964035 0.03352142870426178 3.3713462352752686
0.046810753643512726 0.038097165524959564 3.485435962677002
0.043965019285678864 0.035063620656728745 3.5605597496032715
0.043604910373687744 0.03488684445619583 3.487227201461792
0.04524317383766174 0.03668411448597908 3.423624277114868
0.045205309987068176 0.036353252828121185 3.540822982788086
0.04578128457069397 0.036962442100048065 3.5275378227233887
0.04406384378671646 0.03530104458332062 3.5051193237304688
0.043527357280254364 0.03476673364639282 3.504249095916748
0.04348999261856079 0.03494427353143692 3.418287754058838
0.0456029437482357 0.036756619811058044 3.538529396057129
0.04052276164293289 0.03192485123872757 3.4391651153564453
0.04459281265735626 0.03613419085741043 3.383448600769043
0.04573450982570648 0.037508733570575714 3.2903103828430176
0.04601855203509331 0.037791818380355835 3.290693998336792
0.04453475773334503 0.03547641634941101 3.623335838317871
0.04544048756361008 0.036645129323005676 3.5181431770324707
0.04623962938785553 0.036860086023807526 3.7518181800842285
0.0458141453564167 0.036709725856781006 3.641768217086792
0.044305864721536636 0.03425326198339462 4.021040916442871
0.043647825717926025 0.034224312752485275 3.769404888153076
0.0460653230547905 0.03624405711889267 3.9285061359405518
0.045156825333833694 0.03580706939101219 3.7399024963378906
0.044224031269550323 0.03522145003080368 3.6010332107543945
0.04555346071720123 0.036251626908779144 3.720734119415283
0.04357633739709854 0.03472822904586792 3.5392425060272217
0.045906130224466324 0.03737906366586685 3.410827159881592
0.04444832727313042 0.036077454686164856 3.348349094390869
0.04388903081417084 0.03496289625763893 3.570453643798828
0.04641563072800636 0.03727925941348076 3.654548168182373
0.046859391033649445 0.03811882808804512 3.4962260723114014
0.045506734400987625 0.03668142110109329 3.530125379562378
0.04590136557817459 0.036765724420547485 3.6542558670043945
0.04490240663290024 0.03653516620397568 3.3468971252441406
0.04533231258392334 0.0369025357067585 3.37191104888916
0.04333427920937538 0.03438577800989151 3.579400062561035
0.04558992385864258 0.036471713334321976 3.647284984588623
0.045016393065452576 0.03649038448929787 3.4104039669036865
0.04567950218915939 0.03697327896952629 3.4824891090393066
0.045072078704833984 0.03642667457461357 3.458160877227783
0.04468739777803421 0.03567909076809883 3.603323221206665
0.047195177525281906 0.037685830146074295 3.803739309310913
0.044746000319719315 0.035802990198135376 3.5772039890289307
0.04587303102016449 0.03668750822544098 3.6742095947265625
0.04550379514694214 0.03658955916762352 3.5656943321228027
0.047336939722299576 0.0378095805644989 3.810944080352783
0.04376770183444023 0.03462721034884453 3.6561968326568604
0.04831140860915184 0.038532257080078125 3.9116601943969727
0.045099034905433655 0.035594914108514786 3.801647901535034
0.043939802795648575 0.034964755177497864 3.590019464492798
0.044112998992204666 0.03542196750640869 3.476412296295166
0.04449860751628876 0.03588302433490753 3.446232795715332
0.04441548138856888 0.03510328382253647 3.7248787879943848
0.04511655122041702 0.03640468791127205 3.4847445487976074
0.04306952655315399 0.03403247892856598 3.6148200035095215
0.04415644332766533 0.035641591995954514 3.405940294265747
0.04579196125268936 0.03676733002066612 3.6098527908325195
0.04621993750333786 0.03726818040013313 3.5807032585144043
0.04245373606681824 0.03362468630075455 3.531620502471924
0.0457208976149559 0.03709729015827179 3.449443817138672
0.044933758676052094 0.03610944747924805 3.5297253131866455
0.04563120752573013 0.03627102077007294 3.744075298309326
0.046322546899318695 0.03707481548190117 3.699092388153076
0.04499630257487297 0.03592618554830551 3.6280465126037598
0.04427206888794899 0.03515405207872391 3.6472067832946777
0.048338595777750015 0.039563193917274475 3.5101606845855713
0.046946730464696884 0.037631258368492126 3.726188898086548
0.044614218175411224 0.035764630883932114 3.539835214614868
0.04567977041006088 0.03618409112095833 3.7982711791992188
0.04530096799135208 0.03611233830451965 3.675452709197998
0.044995758682489395 0.03562239557504654 3.749345302581787
0.043024588376283646 0.03359028324484825 3.7737226486206055
0.04692801833152771 0.03741815686225891 3.8039441108703613
0.04764724522829056 0.038504667580127716 3.657031297683716
0.04415887966752052 0.034755829721689224 3.7612199783325195
0.04639935865998268 0.03718247264623642 3.6867544651031494
0.04539167135953903 0.03612162917852402 3.708017110824585
0.04501061886548996 0.03530285507440567 3.883105516433716
0.044491637498140335 0.0354761965572834 3.6061761379241943
0.04577743634581566 0.03650783374905586 3.707840919494629
0.04679860919713974 0.037778936326503754 3.6078684329986572
0.04380042478442192 0.03459819406270981 3.6808924674987793
0.04622501879930496 0.03674963861703873 3.790152072906494
0.045027993619441986 0.03554588556289673 3.7928428649902344
0.04640170559287071 0.03747976943850517 3.5687742233276367
0.046557873487472534 0.037505604326725006 3.6209070682525635
0.04512230306863785 0.03586724027991295 3.7020246982574463
0.04381861165165901 0.035222116857767105 3.4385976791381836
0.04540517181158066 0.03644298389554024 3.5848746299743652
0.04656153917312622 0.037527814507484436 3.6134891510009766
0.045204341411590576 0.036369457840919495 3.533954381942749
0.043951958417892456 0.03492346033453941 3.6113991737365723
0.04528291895985603 0.036390263587236404 3.5570621490478516
0.04374166578054428 0.03516201674938202 3.4318599700927734
