0.48050907254219055 0.15637058019638062 12.96553897857666
0.3688458204269409 0.14921531081199646 8.785221099853516
0.322675883769989 0.14449667930603027 7.127167701721191
0.3086181879043579 0.14065144956111908 6.718669414520264
0.3065780997276306 0.1365182101726532 6.802396297454834
0.311381995677948 0.13515308499336243 7.0491557121276855
0.30239078402519226 0.13171754777431488 6.826929092407227
0.28705722093582153 0.12848559021949768 6.342864513397217
0.27974051237106323 0.1352018415927887 5.781546592712402
0.25686073303222656 0.12165383994579315 5.408276081085205
0.24379701912403107 0.11895871162414551 4.993532180786133
0.24756301939487457 0.1235475167632103 4.960619926452637
0.2322532683610916 0.11978647857904434 4.498671531677246
0.22700543701648712 0.11970090121030807 4.292181491851807
0.22689707577228546 0.11844642460346222 4.33802604675293
0.21937960386276245 0.1171807050704956 4.087955474853516
0.21365493535995483 0.11421212553977966 3.977712392807007
0.2078244984149933 0.11320582032203674 3.7847466468811035
0.2016795575618744 0.11221858859062195 3.5784385204315186
0.19894221425056458 0.11046474426984787 3.5390985012054443
0.19198478758335114 0.10777348279953003 3.3684520721435547
0.1886761337518692 0.10696402192115784 3.268484354019165
0.18897996842861176 0.10622910410165787 3.3100345134735107
0.18203334510326385 0.10501502454280853 3.080732822418213
0.17767469584941864 0.10712678730487823 2.821916341781616
0.17022773623466492 0.10164870321750641 2.7431609630584717
0.17230214178562164 0.10445103794336319 2.7140440940856934
0.16612932085990906 0.10155411064624786 2.5830087661743164
0.16341444849967957 0.10111226886510849 2.4920873641967773
0.15911927819252014 0.09657222032546997 2.501882553100586
0.16166947782039642 0.10227546095848083 2.375760793685913
0.15925323963165283 0.09965048730373383 2.38411021232605
0.15465527772903442 0.09639020264148712 2.3306028842926025
0.14114195108413696 0.09079302847385406 2.0139570236206055
0.14684247970581055 0.09250171482563019 2.1736302375793457
0.14479359984397888 0.09471593797206879 2.003106117248535
0.14504608511924744 0.09783805906772614 1.8883211612701416
0.13704520463943481 0.08860994130373001 1.9374104738235474
0.14116668701171875 0.09465824067592621 1.8603380918502808
0.13854512572288513 0.09304564446210861 1.8199795484542847
0.1381622850894928 0.09492979943752289 1.729299545288086
0.1327618509531021 0.089617520570755 1.7257732152938843
0.12694314122200012 0.08771026134490967 1.5693154335021973
0.12735766172409058 0.08850853145122528 1.553965449333191
0.12543845176696777 0.08638198673725128 1.562258243560791
0.12023290246725082 0.08277204632759094 1.4984341859817505
0.12715667486190796 0.08792346715927124 1.5693285465240479
0.12340705096721649 0.08743012696504593 1.4390769004821777
0.11906959116458893 0.08633606135845184 1.3093411922454834
0.12220651656389236 0.09014130383729935 1.2826085090637207
0.11714839935302734 0.08375094830989838 1.3358978033065796
0.11945546418428421 0.08629892766475677 1.3262614011764526
0.11440852284431458 0.08296921104192734 1.2575722932815552
0.11039694398641586 0.08013497292995453 1.2104787826538086
0.11310641467571259 0.08342084288597107 1.1874229907989502
0.11433061957359314 0.08616621792316437 1.1265759468078613
0.11267205327749252 0.08515489846467972 1.1006860733032227
0.10643759369850159 0.07955876737833023 1.07515287399292
0.11238651722669601 0.08390156924724579 1.1393979787826538
0.10908448696136475 0.08260143548250198 1.0593221187591553
0.10907358676195145 0.08279939740896225 1.0509674549102783
0.10727725923061371 0.08240203559398651 0.9950088858604431
0.10559514909982681 0.08141013979911804 0.9674003720283508
0.10402408987283707 0.0787322074174881 1.0116753578186035
0.10581443458795547 0.08213068544864655 0.9473499059677124
0.10318349301815033 0.07898356020450592 0.9679974317550659
0.10025406628847122 0.0784103274345398 0.8737494349479675
0.09700904786586761 0.07533139735460281 0.8671058416366577
0.10357870161533356 0.08154161274433136 0.8814834356307983
0.09923483431339264 0.07671260833740234 0.9008890986442566
0.09872066229581833 0.07829812169075012 0.816901683807373
0.10164500027894974 0.08016089349985123 0.8593642711639404
0.10249592363834381 0.08170225471258163 0.8317468166351318
0.09667941927909851 0.07640638202428818 0.8109214305877686
0.09675206243991852 0.07717618346214294 0.7830352187156677
0.09173110872507095 0.07293187081813812 0.751969575881958
0.09142868220806122 0.07244306802749634 0.7594243884086609
0.08864550292491913 0.06992318481206894 0.7488927841186523
0.09188181161880493 0.07439139485359192 0.6996164917945862
0.09183816611766815 0.07391723990440369 0.7168370485305786
0.09064673632383347 0.07279838621616364 0.7139339447021484
0.08941438049077988 0.07269489765167236 0.6687793135643005
0.09239707887172699 0.07473047077655792 0.7066641449928284
0.09012147039175034 0.0734797939658165 0.6656671166419983
0.09109526872634888 0.07416117936372757 0.6773636341094971
0.08788374811410904 0.07132890820503235 0.6621935367584229
0.08319030702114105 0.06632211804389954 0.6747275590896606
0.08562315255403519 0.0705069899559021 0.604646623134613
0.08499059826135635 0.06876207888126373 0.6491406559944153
0.08648071438074112 0.07109339535236359 0.6154927015304565
0.0865020751953125 0.06979559361934662 0.6682592630386353
0.09154181182384491 0.07607372105121613 0.6187236309051514
0.09085305035114288 0.0764692947268486 0.575350284576416
0.08751929551362991 0.07179819047451019 0.628844141960144
0.08419694751501083 0.0703096017241478 0.555493950843811
0.08422770351171494 0.06994642317295074 0.5712512135505676
0.08409107476472855 0.07028260082006454 0.5523390769958496
0.08147008717060089 0.06786379218101501 0.5442518591880798
0.08397199958562851 0.07096225023269653 0.5203899145126343
0.08619049191474915 0.07190512120723724 0.5714147686958313
0.08032583445310593 0.06638577580451965 0.5576022863388062
0.0799379050731659 0.06713031232357025 0.5123037099838257
0.07976311445236206 0.06644715368747711 0.532638430595398
0.07811370491981506 0.06460210680961609 0.5404639840126038
0.08215166628360748 0.06837177276611328 0.5511957406997681
0.07893683016300201 0.06631988286972046 0.5046777725219727
0.08122418820858002 0.06899644434452057 0.4891098737716675
0.08140993863344193 0.06867601722478867 0.5093567371368408
0.08387365937232971 0.07109810411930084 0.5110222101211548
0.07696828246116638 0.06519736349582672 0.4708368182182312
0.07978959381580353 0.0679282695055008 0.4744530916213989
0.07663083076477051 0.0649036169052124 0.46908849477767944
0.07551837712526321 0.06351327151060104 0.4802042245864868
0.08321268856525421 0.07120577991008759 0.48027628660202026
0.0778466984629631 0.0658562183380127 0.4796190857887268
0.07936416566371918 0.06760420650243759 0.4703982472419739
0.07715702801942825 0.06609343737363815 0.44254350662231445
0.07842563092708588 0.06678074598312378 0.4657953977584839
0.07653884589672089 0.0649770051240921 0.4624735713005066
0.07525637000799179 0.06402693688869476 0.44917723536491394
0.07503033429384232 0.06294751167297363 0.4833129346370697
0.07914192974567413 0.0677625834941864 0.4551737904548645
0.07692305743694305 0.06616383045911789 0.4303690791130066
0.07406308501958847 0.06397196650505066 0.4036446809768677
0.07740440964698792 0.06685702502727509 0.4218953847885132
0.07419975101947784 0.06383585929870605 0.4145556390285492
0.07165621966123581 0.06151115894317627 0.40580230951309204
0.07481186836957932 0.06435683369636536 0.4182015061378479
0.07392808049917221 0.0644616037607193 0.37865912914276123
0.07155267149209976 0.06213671714067459 0.376638263463974
0.07317077368497849 0.06377488374710083 0.37583571672439575
0.07248823344707489 0.062092263251543045 0.41583871841430664
0.07776933908462524 0.06862317770719528 0.36584657430648804
0.07376156002283096 0.06402840465307236 0.3893263339996338
0.07511043548583984 0.06624937057495117 0.3544425368309021
0.07295414060354233 0.06398369371891022 0.3588179647922516
0.0753893107175827 0.06672973930835724 0.346382737159729
0.07077354937791824 0.06177491694688797 0.3599454164505005
0.07160050421953201 0.06313246488571167 0.3387215733528137
0.07367680221796036 0.0643983855843544 0.3711366057395935
0.06813830882310867 0.05954151600599289 0.34387171268463135
0.07064054906368256 0.061686668545007706 0.35815513134002686
0.07444262504577637 0.06637413799762726 0.3227396309375763
0.06906478852033615 0.06097415089607239 0.323625385761261
0.07316886633634567 0.06425788253545761 0.3564394414424896
0.07285193353891373 0.0644269809126854 0.3369981646537781
0.07040049135684967 0.06131693720817566 0.3633420765399933
0.07182101905345917 0.06291847676038742 0.3561015725135803
0.07169593125581741 0.06285533308982849 0.35362404584884644
0.07095501571893692 0.0626094862818718 0.33382105827331543
0.06781851500272751 0.05974988639354706 0.3227451741695404
0.06818827986717224 0.059609558433294296 0.34314870834350586
0.0700213685631752 0.06162272393703461 0.33594566583633423
0.06994924694299698 0.06202440336346626 0.316993772983551
0.06581219285726547 0.058211326599121094 0.3040347397327423
0.06878550350666046 0.060561612248420715 0.3289555013179779
0.06770986318588257 0.05982404202222824 0.3154328465461731
0.07098758220672607 0.06354939937591553 0.2975272536277771
0.06723042577505112 0.05957786738872528 0.3061022162437439
0.06823857128620148 0.06103233993053436 0.288249135017395
0.06970760226249695 0.06227492168545723 0.2973071336746216
0.06839461624622345 0.0613359659910202 0.28234589099884033
0.06749599426984787 0.06020639091730118 0.2915840148925781
0.06444168835878372 0.057610541582107544 0.27324581146240234
0.07201721519231796 0.06399421393871307 0.3209201693534851
0.06545232981443405 0.058612607419490814 0.27358901500701904
0.06739890575408936 0.05996690317988396 0.297279953956604
0.0658261626958847 0.05821627378463745 0.30439549684524536
0.06566303968429565 0.05869483947753906 0.27872806787490845
0.06796150654554367 0.0607149675488472 0.2898615002632141
0.06737614423036575 0.06048522889614105 0.2756366729736328
0.07058564573526382 0.062984898686409 0.30403000116348267
0.06487163156270981 0.05805406719446182 0.27270257472991943
0.06477329134941101 0.05856848508119583 0.24819239974021912
0.06557577848434448 0.05900682136416435 0.2627582550048828
0.064701609313488 0.05763827636837959 0.282533198595047
0.0680711418390274 0.06155426800251007 0.2606748938560486
0.06461109220981598 0.05817586928606033 0.2574090361595154
0.06573659926652908 0.05933976173400879 0.2558736205101013
0.07126126438379288 0.06484589725732803 0.256614625453949
0.06633485108613968 0.05956289544701576 0.2708781063556671
0.06589744240045547 0.05913540720939636 0.27048149704933167
0.06478708237409592 0.05851740390062332 0.2507871687412262
0.06372971087694168 0.05738840252161026 0.25365227460861206
0.06655053794384003 0.0595431849360466 0.2802942395210266
0.06343051791191101 0.05763237178325653 0.23192575573921204
0.06766577810049057 0.060754962265491486 0.27643251419067383
0.06700681149959564 0.06077463552355766 0.24928712844848633
0.06540035456418991 0.0589543953537941 0.25783824920654297
0.06657551974058151 0.060499079525470734 0.2430577278137207
0.06410045176744461 0.057729125022888184 0.25485312938690186
0.06590964645147324 0.05983274430036545 0.24307602643966675
0.062032658606767654 0.05607297271490097 0.23838743567466736
0.06666343659162521 0.060274314135313034 0.2555648684501648
0.06947178393602371 0.06334409862756729 0.2451075166463852
0.0642794817686081 0.05839066207408905 0.2355528175830841
0.06561718136072159 0.05977662280201912 0.2336222380399704
0.06843920052051544 0.062277428805828094 0.2464708685874939
0.06642855703830719 0.06059546768665314 0.23332363367080688
0.06489306688308716 0.05945666879415512 0.2174559235572815
0.06213465332984924 0.05633993074297905 0.2317889779806137
0.06663541495800018 0.06095732003450394 0.22712376713752747
0.06565965712070465 0.05998425930738449 0.22701579332351685
0.06618841737508774 0.06048937886953354 0.22796165943145752
0.06293927878141403 0.057234279811382294 0.22819983959197998
0.06107165291905403 0.05512785539031029 0.23775190114974976
0.06334763765335083 0.05789529159665108 0.21809391677379608
0.06472860276699066 0.05945488065481186 0.21094894409179688
0.062054309993982315 0.05678381025791168 0.2108200192451477
0.06619265675544739 0.060093581676483154 0.24396313726902008
0.06479185819625854 0.05936151370406151 0.21721366047859192
0.06369853019714355 0.05857841670513153 0.2048044353723526
0.06175016611814499 0.05648471415042877 0.2106180638074875
0.06435838341712952 0.05924248322844505 0.2046358734369278
0.06288309395313263 0.05792096629738808 0.19848504662513733
0.0628807544708252 0.05731099471449852 0.22279036045074463
0.06474556773900986 0.059713780879974365 0.20127150416374207
0.06605106592178345 0.06043440103530884 0.22466649115085602
0.0671873465180397 0.06175592541694641 0.2172568440437317
0.06477948278188705 0.059720441699028015 0.20236174762248993
0.06208433210849762 0.05702708661556244 0.20228981971740723
0.06223393231630325 0.05713260918855667 0.2040528804063797
0.06408458948135376 0.05934523418545723 0.18957412242889404
0.06352296471595764 0.058733001351356506 0.19159868359565735
0.0625094324350357 0.05742301419377327 0.2034567892551422
0.059737589210271835 0.05492483079433441 0.19251033663749695
0.06484609097242355 0.059905149042606354 0.1976376473903656
0.05912040174007416 0.05461595952510834 0.18017765879631042
0.061920322477817535 0.05688583850860596 0.2013794183731079
0.06246006861329079 0.05800384655594826 0.17824885249137878
0.06312432885169983 0.05819310247898102 0.19724911451339722
0.06574542820453644 0.06127481907606125 0.17882439494132996
0.05766099691390991 0.0529198944568634 0.18964403867721558
0.06180749088525772 0.05669479817152023 0.20450764894485474
0.06304541975259781 0.05788923427462578 0.2062474489212036
0.057412903755903244 0.05298546329140663 0.17709757387638092
0.05839318037033081 0.05408843979239464 0.1721896529197693
0.06050330027937889 0.05562514066696167 0.19512644410133362
0.065185546875 0.06045779585838318 0.1891101896762848
0.06106443703174591 0.056609444320201874 0.1781996339559555
0.05995843559503555 0.055473990738391876 0.17937780916690826
0.06177766993641853 0.05725585296750069 0.18087269365787506
0.06144449859857559 0.0569978728890419 0.17786496877670288
0.0617062933743 0.05751409754157066 0.1676877737045288
0.06516050547361374 0.06035972386598587 0.19203132390975952
0.06179299205541611 0.05754656344652176 0.16985714435577393
0.061270974576473236 0.057158857583999634 0.1644846796989441
0.06309866905212402 0.058732688426971436 0.17463937401771545
0.06030527874827385 0.05589566379785538 0.1763845682144165
0.06091361120343208 0.056731775403022766 0.1672733724117279
0.059477631002664566 0.05538773536682129 0.16359587013721466
0.06055653840303421 0.056252412497997284 0.17216499149799347
0.061193495988845825 0.05705166608095169 0.165673166513443
0.06043040007352829 0.05621661618351936 0.16855143010616302
0.06078242138028145 0.05642329901456833 0.17436493933200836
0.058493588119745255 0.054007381200790405 0.17944824695587158
0.0637926459312439 0.059540797024965286 0.17007380723953247
0.060307953506708145 0.056069515645504 0.16953757405281067
0.06128304824233055 0.05741000920534134 0.1549215465784073
0.055430930107831955 0.05145711451768875 0.15895266830921173
0.0607636496424675 0.05631755292415619 0.17784379422664642
0.06085853651165962 0.056679558008909225 0.16715912520885468
0.058873653411865234 0.05495239794254303 0.15685029327869415
0.06072906032204628 0.05631330981850624 0.17663007974624634
0.06289596855640411 0.058968596160411835 0.15709495544433594
0.06158588081598282 0.05757111310958862 0.16059070825576782
0.05861996114253998 0.05470847710967064 0.15645933151245117
0.06329882889986038 0.059323668479919434 0.1590064913034439
0.06019516661763191 0.05619179457426071 0.1601349115371704
0.06036949157714844 0.056700512766838074 0.14675915241241455
0.058923713862895966 0.05510881543159485 0.15259595215320587
0.05747777596116066 0.05376464128494263 0.14852534234523773
0.06048497557640076 0.05675526335835457 0.14918841421604156
0.05841962620615959 0.05454085022211075 0.15515097975730896
0.0622357539832592 0.05861910060048103 0.14466619491577148
0.05951402336359024 0.0557408407330513 0.15092726051807404
0.06094886735081673 0.057187341153621674 0.15046101808547974
0.05798974633216858 0.054258279502391815 0.14925868809223175
0.061697252094745636 0.05788120999932289 0.15264169871807098
0.06138138473033905 0.05742993205785751 0.1580580323934555
0.058595411479473114 0.054980386048555374 0.1446010023355484
0.05869441106915474 0.055131301283836365 0.14252443611621857
0.060908276587724686 0.05735227093100548 0.14224019646644592
0.060877904295921326 0.057016246020793915 0.1544663906097412
0.06139178201556206 0.05814986675977707 0.12967655062675476
0.05989934876561165 0.056050099432468414 0.15396998822689056
0.06081287935376167 0.057441726326942444 0.1348460614681244
0.059487685561180115 0.05556740239262581 0.15681137144565582
0.058360300958156586 0.054744403809309006 0.1446358859539032
0.05734158307313919 0.05372084304690361 0.14482954144477844
0.06161201372742653 0.058050304651260376 0.1424683928489685
0.056255538016557693 0.05303516238927841 0.12881505489349365
0.05640764534473419 0.05310404673218727 0.13214391469955444
0.06088674068450928 0.05736677348613739 0.14079874753952026
0.061337910592556 0.05772274732589722 0.14460651576519012
0.05825559049844742 0.05474313348531723 0.1404983550310135
0.05794280022382736 0.054350875318050385 0.14367693662643433
0.056430384516716 0.052977606654167175 0.1381111741065979
0.06094325706362724 0.0576687753200531 0.13097932934761047
0.05596383661031723 0.05257774144411087 0.1354438066482544
0.05747136101126671 0.054072849452495575 0.13594046235084534
0.06064813211560249 0.0572206974029541 0.13709738850593567
0.05751566216349602 0.054348185658454895 0.1266990303993225
0.06031514331698418 0.0569094642996788 0.13622719049453735
0.058807071298360825 0.05507499352097511 0.14928311109542847
0.06123638153076172 0.05756055563688278 0.1470329910516739
0.05910129472613335 0.0553332194685936 0.15072305500507355
0.05817645043134689 0.05504874140024185 0.12510836124420166
0.05644518509507179 0.05285169929265976 0.14373938739299774
0.058473002165555954 0.055032167583703995 0.13763339817523956
0.05937855318188667 0.05584075301885605 0.14151206612586975
0.059583038091659546 0.05615551769733429 0.13710078597068787
0.05825915187597275 0.05486144870519638 0.13590814173221588
0.05739889293909073 0.05397888645529747 0.13680028915405273
0.06041210889816284 0.057168588042259216 0.12974080443382263
0.05630214139819145 0.052799686789512634 0.14009816944599152
0.05767618864774704 0.054711975157260895 0.11856849491596222
0.05780139937996864 0.05451495945453644 0.13145756721496582
0.06142646446824074 0.058090273290872574 0.13344761729240417
0.05818255990743637 0.05490768328309059 0.13099512457847595
0.05719902738928795 0.05403813719749451 0.12643560767173767
0.0562080554664135 0.05271410197019577 0.13975811004638672
0.05833166092634201 0.05528540909290314 0.12185004353523254
0.056771375238895416 0.053509052842855453 0.13049283623695374
0.05886548012495041 0.055604275315999985 0.13044825196266174
0.058717697858810425 0.055582791566848755 0.12539631128311157
0.057840339839458466 0.05488252267241478 0.11831270158290863
0.05690491572022438 0.05396820604801178 0.11746843159198761
0.05800012871623039 0.05480804666876793 0.12768325209617615
0.056094445288181305 0.05305027216672897 0.12176685035228729
0.05737462639808655 0.05446626991033554 0.11633425951004028
0.057424888014793396 0.05438288673758507 0.1216801106929779
0.059635911136865616 0.056605271995067596 0.12122555077075958
0.05903857946395874 0.05626165121793747 0.11107711493968964
0.06248781830072403 0.059495456516742706 0.11969439685344696
0.056928638368844986 0.05360806733369827 0.13282281160354614
0.058039307594299316 0.05533196032047272 0.10829383879899979
0.060139965265989304 0.05707719549536705 0.12251075357198715
0.06041369587182999 0.05732879415154457 0.12339609116315842
0.059649549424648285 0.056705109775066376 0.11777764558792114
0.06103565916419029 0.058091871440410614 0.11775148659944534
0.06106865778565407 0.057913754135370255 0.12619620561599731
0.061123497784137726 0.05795777589082718 0.1266288459300995
0.059053413569927216 0.05584196746349335 0.12845778465270996
0.06225692108273506 0.059345971792936325 0.11643792688846588
0.05709608271718025 0.054163336753845215 0.11730978637933731
0.05971717834472656 0.056841589510440826 0.11502362042665482
0.056396156549453735 0.05346659943461418 0.11718231439590454
0.058647461235523224 0.05576319620013237 0.11537057161331177
0.05405665189027786 0.051197875291109085 0.1143510490655899
0.059343237429857254 0.05619118735194206 0.12608197331428528
0.06041658669710159 0.057634126394987106 0.11129841953516006
0.058943603187799454 0.056001946330070496 0.11766625940799713
0.0591714009642601 0.05624967813491821 0.11686889827251434
0.05711286514997482 0.05440995842218399 0.10811632871627808
0.06024036556482315 0.057423561811447144 0.11267208307981491
0.05848612263798714 0.05573677644133568 0.10997380316257477
0.058588795363903046 0.055952705442905426 0.10544359683990479
0.06125777214765549 0.058291926980018616 0.11863373965024948
0.055762942880392075 0.05306815356016159 0.10779152810573578
0.05611926317214966 0.053353652358055115 0.11062449961900711
0.05520474538207054 0.05257178470492363 0.10531839728355408
0.05663924664258957 0.05394812673330307 0.10764478147029877
0.05741378292441368 0.054699331521987915 0.10857807099819183
0.055767036974430084 0.05307957902550697 0.10749831795692444
0.056686628609895706 0.05399533361196518 0.10765178501605988
0.057131558656692505 0.05452684313058853 0.10418868064880371
0.06214363873004913 0.05940559506416321 0.1095217615365982
0.0574331060051918 0.054679639637470245 0.11013858765363693
0.05776721611618996 0.05499742925167084 0.11079145222902298
0.06083732470870018 0.05825130641460419 0.10344072431325912
0.057234399020671844 0.054528333246707916 0.10824258625507355
0.05823078006505966 0.055563002824783325 0.10671104490756989
0.053867846727371216 0.05124059319496155 0.1050901710987091
0.058440499007701874 0.055763497948646545 0.10708001255989075
0.05922158807516098 0.056568730622529984 0.10611437261104584
0.05447552725672722 0.0519736111164093 0.10007661581039429
0.05992065370082855 0.057338014245033264 0.1033056378364563
0.057295363396406174 0.054573122411966324 0.10888969153165817
0.05894185230135918 0.05639389529824257 0.1019182801246643
0.05485992133617401 0.052364859730005264 0.09980244934558868
0.057502761483192444 0.05470924824476242 0.11174051463603973
0.05837371572852135 0.0558621808886528 0.10046141594648361
0.05606905370950699 0.053641773760318756 0.0970911830663681
0.05634773522615433 0.05376303195953369 0.10338815301656723
0.055395662784576416 0.052779313176870346 0.10465395450592041
0.057298727333545685 0.054744452238082886 0.10217101126909256
0.05668565630912781 0.05426591634750366 0.0967896431684494
0.06036359816789627 0.05781086906790733 0.10210922360420227
0.0575224794447422 0.05479615181684494 0.10905315726995468
0.055872052907943726 0.053178489208221436 0.10774248838424683
0.057207826524972916 0.05451976880431175 0.10752228647470474
0.05999673902988434 0.057486746460199356 0.10039974004030228
0.05319280922412872 0.0508212074637413 0.09486410766839981
0.05748646706342697 0.05525190010666847 0.08938264846801758
0.06037363409996033 0.05793008953332901 0.09774184972047806
0.055420685559511185 0.052956078201532364 0.09858429431915283
0.056406762450933456 0.05384817346930504 0.10234357416629791
0.05481475591659546 0.05243578925728798 0.0951586663722992
0.060000285506248474 0.05718564987182617 0.11258542537689209
0.05863690376281738 0.05611762776970863 0.10077104717493057
0.05829847604036331 0.05585255101323128 0.09783697128295898
0.05969469994306564 0.05705995485186577 0.1053897961974144
0.05788801982998848 0.05549722537398338 0.09563171118497849
0.053822778165340424 0.051446739584207535 0.09504146873950958
0.057982709258794785 0.055677711963653564 0.09219992160797119
0.06139884516596794 0.05903492867946625 0.09455662220716476
0.05719957873225212 0.05497653782367706 0.08892162889242172
0.059171322733163834 0.05676542595028877 0.09623590111732483
0.05774081498384476 0.055094338953495026 0.10585908591747284
0.05491003394126892 0.052363499999046326 0.10186130553483963
0.05558783933520317 0.0531480647623539 0.09759104251861572
0.05684893578290939 0.05450905114412308 0.09359536319971085
0.05777769163250923 0.05521289259195328 0.10259197652339935
0.055390920490026474 0.05295106768608093 0.09759405255317688
0.06101434677839279 0.05871540307998657 0.09195778518915176
0.0561964213848114 0.05396488308906555 0.08926159143447876
0.05638343468308449 0.05396652966737747 0.09667624533176422
0.05821184068918228 0.05576662719249725 0.09780848026275635
0.05919042229652405 0.0567978173494339 0.09570419788360596
0.052683375775814056 0.050273068249225616 0.09641234576702118
0.056965216994285583 0.05469231307506561 0.09091609716415405
0.05261194705963135 0.0503515861928463 0.09041447937488556
0.059513479471206665 0.05722997337579727 0.09134030342102051
0.05744374543428421 0.05510538071393967 0.09353463351726532
0.055013325065374374 0.05257252976298332 0.0976317971944809
0.05397266894578934 0.051810041069984436 0.08650508522987366
0.05761655420064926 0.05540485680103302 0.08846787363290787
0.0564233623445034 0.05427965894341469 0.0857480987906456
0.05913802236318588 0.05691733956336975 0.08882726728916168
0.058591946959495544 0.05626177042722702 0.09320705384016037
0.05657673627138138 0.054356105625629425 0.08882516622543335
0.05595465004444122 0.053764306008815765 0.0876137912273407
0.05911560729146004 0.0567295104265213 0.09544391185045242
0.05533578246831894 0.05316144973039627 0.08697336912155151
0.05787083879113197 0.05586487054824829 0.08023866266012192
0.052739210426807404 0.05041253939270973 0.09306679666042328
0.05827723443508148 0.05587759241461754 0.09598567336797714
0.05677897483110428 0.0545610748231411 0.08871595561504364
0.057660143822431564 0.0553257092833519 0.09337736666202545
0.0573156364262104 0.055255211889743805 0.08241695165634155
0.05801507458090782 0.05562625825405121 0.09555262327194214
0.05770743265748024 0.055596839636564255 0.08442378789186478
0.05695314332842827 0.054887618869543076 0.08262094855308533
0.05379697307944298 0.051682937890291214 0.08456143736839294
0.05403042212128639 0.05198449641466141 0.08183708786964417
0.060645002871751785 0.05838529020547867 0.09038855880498886
0.05740230903029442 0.055267333984375 0.08539899438619614
0.05965336412191391 0.05753200501203537 0.08485428988933563
0.06025708094239235 0.05814501270651817 0.08448278158903122
0.054165419191122055 0.051983341574668884 0.08728311955928802
0.05273386463522911 0.05070652440190315 0.08109359443187714
0.05616012215614319 0.053952187299728394 0.0883173793554306
0.05390757694840431 0.05190189182758331 0.08022736012935638
0.05549832433462143 0.053586091846227646 0.07648929953575134
0.0584995336830616 0.05635051056742668 0.08596092462539673
0.05997108295559883 0.057782649993896484 0.08753736317157745
0.0582626573741436 0.05628387629985809 0.0791512131690979
0.05860311910510063 0.05650683492422104 0.0838514044880867
0.05562599003314972 0.05358298867940903 0.0817200168967247
0.055002033710479736 0.05291057378053665 0.0836583748459816
0.05672796443104744 0.05464397743344307 0.08335946500301361
0.05879276618361473 0.05672166123986244 0.08284413814544678
0.056188538670539856 0.054204367101192474 0.07936692237854004
0.05508989095687866 0.053017280995845795 0.08290444314479828
0.05466636270284653 0.05259045585989952 0.08303630352020264
0.055578213185071945 0.05351334810256958 0.08259458839893341
0.05548819899559021 0.05343233048915863 0.08223479986190796
0.05745362117886543 0.05542133003473282 0.08129170536994934
0.057263366878032684 0.055155619978904724 0.08430981636047363
0.05546414479613304 0.053297244012355804 0.08667603135108948
0.05573984980583191 0.05363530293107033 0.08418194949626923
0.05706068500876427 0.05504138767719269 0.08077195286750793
0.05102116987109184 0.049198973923921585 0.07288777828216553
0.05344448238611221 0.051374755799770355 0.0827891081571579
0.05562765523791313 0.053705424070358276 0.07688923925161362
0.05856960639357567 0.05676751956343651 0.0720834955573082
0.05489770695567131 0.05296283960342407 0.07739471644163132
0.05631202086806297 0.054281726479530334 0.08121176064014435
0.05716629698872566 0.05520518124103546 0.07844465970993042
0.057976510375738144 0.05582789331674576 0.08594465255737305
0.054649729281663895 0.05271029844880104 0.07757730036973953
0.05550525709986687 0.05356454849243164 0.07762837409973145
0.05767127871513367 0.05546513944864273 0.08824561536312103
0.05846183001995087 0.05663096532225609 0.07323461771011353
0.05789245665073395 0.05585359036922455 0.08155465871095657
0.05813088268041611 0.05617589130997658 0.0781995952129364
0.05530537664890289 0.0535307452082634 0.07098522037267685
0.05774715170264244 0.055852361023426056 0.07579164206981659
0.05647479370236397 0.05457235872745514 0.07609745115041733
0.05803705006837845 0.05612298473715782 0.0765625387430191
0.056789591908454895 0.05483539402484894 0.07816793024539948
0.05808943510055542 0.05614975094795227 0.07758736610412598
0.054283447563648224 0.05225532501935959 0.08112497627735138
0.0575067512691021 0.055453311651945114 0.08213764429092407
0.057061560451984406 0.055034950375556946 0.08106441795825958
0.056702688336372375 0.0546954870223999 0.08028798550367355
0.056081850081682205 0.054150454699993134 0.07725583016872406
0.05827993154525757 0.05645447224378586 0.07301844656467438
0.05235060304403305 0.050424132496118546 0.07705876231193542
0.052534762769937515 0.050741732120513916 0.07172124832868576
0.059098903089761734 0.05722149461507797 0.07509639859199524
0.05992226302623749 0.058092325925827026 0.07319750636816025
0.05465829372406006 0.0528072789311409 0.07404061406850815
0.05471919849514961 0.052855104207992554 0.07456383854150772
0.05335190147161484 0.05150655657052994 0.073813796043396
0.05821966379880905 0.056242939084768295 0.07906904816627502
0.056244026869535446 0.05444468557834625 0.07197359204292297
0.055413853377103806 0.053558506071567535 0.07421382516622543
0.05287465453147888 0.05120591074228287 0.06674982607364655
0.05664410814642906 0.054868508130311966 0.07102398574352264
0.05590664967894554 0.05415327101945877 0.07013513147830963
0.054016366600990295 0.05234433710575104 0.0668811947107315
0.05646979808807373 0.05459674447774887 0.07492221146821976
0.055802151560783386 0.053801700472831726 0.0800180733203888
0.05488979071378708 0.05315073952078819 0.06956201791763306
0.05540497601032257 0.05364777147769928 0.07028818130493164
0.05574316158890724 0.05410930514335632 0.06535432487726212
0.05472317710518837 0.052939482033252716 0.07134786248207092
0.056591346859931946 0.05488051474094391 0.06843332946300507
0.05777839943766594 0.05605517700314522 0.06892883777618408
0.057517290115356445 0.05561171472072601 0.07622309029102325
0.05865161120891571 0.05688519403338432 0.07065664231777191
0.0543525367975235 0.052537206560373306 0.0726131945848465
0.05482776463031769 0.053095314651727676 0.06929801404476166
0.05556860566139221 0.05400913953781128 0.06237868219614029
0.05700306221842766 0.055267512798309326 0.06942199915647507
0.052116721868515015 0.050506435334682465 0.06441150605678558
0.057109285145998 0.055414870381355286 0.06777656078338623
0.056305982172489166 0.05438316613435745 0.07691267132759094
0.055093228816986084 0.053242601454257965 0.07402513921260834
0.05312737077474594 0.05138072371482849 0.0698658674955368
0.05531889945268631 0.05347530543804169 0.07374376803636551
0.057883135974407196 0.056247398257255554 0.06542952358722687
0.054350920021533966 0.05267365276813507 0.0670907124876976
0.05373688414692879 0.052002035081386566 0.06939390301704407
0.05361747741699219 0.05191194266080856 0.0682213306427002
0.057093389332294464 0.05542798340320587 0.06661617010831833
0.056673742830753326 0.05500738322734833 0.06665439158678055
0.05816953629255295 0.056456390768289566 0.06852583587169647
0.054491639137268066 0.05276612937450409 0.06902042031288147
0.05728013440966606 0.055716414004564285 0.06254879385232925
0.05421920493245125 0.0526098757982254 0.0643732100725174
0.05539456754922867 0.05369403213262558 0.06802140176296234
0.05580003187060356 0.05417722091078758 0.06491246819496155
0.05534276366233826 0.053739070892333984 0.06414767354726791
0.05375043675303459 0.052056267857551575 0.06776672601699829
0.05466749519109726 0.053056783974170685 0.0644284039735794
0.05484916642308235 0.0531478151679039 0.06805409491062164
0.0542009100317955 0.05251982808113098 0.067243292927742
0.05522193759679794 0.05349797010421753 0.06895866990089417
0.053502071648836136 0.051788248121738434 0.06855298578739166
0.05378926545381546 0.05210630223155022 0.06731846183538437
0.052188385277986526 0.05056408792734146 0.06497185677289963
0.05447831749916077 0.052680112421512604 0.07192827016115189
0.05567532777786255 0.05408325418829918 0.06368301808834076
0.059902969747781754 0.0581292100250721 0.070950448513031
0.05520647019147873 0.053465571254491806 0.06963590532541275
0.054574452340602875 0.05308069288730621 0.05975034087896347
0.05310956388711929 0.051568981260061264 0.061623282730579376
0.05704763904213905 0.05539613962173462 0.06605994701385498
0.054426856338977814 0.05280511453747749 0.06486967951059341
0.05140881612896919 0.049768492579460144 0.06561292707920074
0.05401204153895378 0.052426449954509735 0.06342370808124542
0.05382034182548523 0.052309729158878326 0.06042452156543732
0.05522439628839493 0.05369266867637634 0.06126917898654938
0.05270064249634743 0.05118290334939957 0.06070961803197861
0.056495551019907 0.054783470928668976 0.06848318129777908
0.056663982570171356 0.055044375360012054 0.06478436291217804
0.059503279626369476 0.057803675532341 0.0679842010140419
0.05344535782933235 0.05178515613079071 0.06640806794166565
0.056610602885484695 0.05508418381214142 0.06105669215321541
0.05713873356580734 0.05556818097829819 0.06282204389572144
0.05338457226753235 0.0519091859459877 0.05901551991701126
0.053167521953582764 0.05168524757027626 0.05929096043109894
0.05369958281517029 0.052059054374694824 0.06562107801437378
0.05655226483941078 0.05498455837368965 0.06270827353000641
0.05696898326277733 0.05539178475737572 0.06308795511722565
0.055434342473745346 0.05396958440542221 0.05859038978815079
0.05344470590353012 0.051871269941329956 0.06293739378452301
0.05650041997432709 0.05502718314528465 0.05892954394221306
0.05262216180562973 0.05107024684548378 0.062076590955257416
0.054343290627002716 0.05291423201560974 0.05716235935688019
0.05729858949780464 0.055826105177402496 0.058899443596601486
0.057217951864004135 0.05569588392972946 0.06088275462388992
0.056195493787527084 0.054485831409692764 0.06838643550872803
0.05280735716223717 0.051443763077259064 0.05454373359680176
0.056033238768577576 0.05450594425201416 0.06109171733260155
0.054114896804094315 0.052658721804618835 0.058247022330760956
0.053796712309122086 0.05237611010670662 0.05682411044836044
0.057430874556303024 0.055886805057525635 0.061762794852256775
0.05572760850191116 0.053964536637067795 0.07052291929721832
0.0529637411236763 0.051240675151348114 0.06892268359661102
0.05694185942411423 0.0553760752081871 0.06263133883476257
0.05362795293331146 0.05210038274526596 0.06110281124711037
0.05876939743757248 0.057006243616342545 0.07052615284919739
0.05589562654495239 0.054302774369716644 0.06371403485536575
0.057294875383377075 0.05572868883609772 0.06264753639698029
0.05578882247209549 0.054247088730335236 0.06166935712099075
0.05396014824509621 0.05249880626797676 0.05845368281006813
0.05244552716612816 0.05101621150970459 0.057172611355781555
0.057629477232694626 0.05609745904803276 0.06128077208995819
0.054068610072135925 0.05259888619184494 0.05878894031047821
0.05506279319524765 0.05352838337421417 0.06137637048959732
0.06096481531858444 0.05953215807676315 0.057306237518787384
0.05581851303577423 0.054333362728357315 0.059405963867902756
0.056526925414800644 0.05497601255774498 0.062036480754613876
0.054989904165267944 0.05353941023349762 0.05801983177661896
0.05504389479756355 0.053452927619218826 0.06363867223262787
0.05526582896709442 0.053893622010946274 0.054888203740119934
0.05689508840441704 0.055463384836912155 0.05726810544729233
0.054043788462877274 0.052677322179079056 0.05465869605541229
0.05522537976503372 0.0537220798432827 0.06013203784823418
0.051165398210287094 0.04964450001716614 0.06083594262599945
0.05192722752690315 0.050538625568151474 0.05554410070180893
0.05659021437168121 0.054949432611465454 0.06563123315572739
0.056276027113199234 0.054867327213287354 0.056347962468862534
0.0566244050860405 0.05518558993935585 0.057552628219127655
0.05321792513132095 0.0517556294798851 0.058491822332143784
0.05645553767681122 0.05503189563751221 0.05694561451673508
0.05582836642861366 0.054297275841236115 0.061243586242198944
0.05375155806541443 0.052314579486846924 0.05747909098863602
0.0546041764318943 0.05299397557973862 0.06440803408622742
0.05427047610282898 0.052825648337602615 0.057793088257312775
0.05395229533314705 0.05254999175667763 0.056092195212841034
0.053140778094530106 0.05162215605378151 0.06074492260813713
0.053679920732975006 0.052292004227638245 0.055516719818115234
0.05511593818664551 0.053671445697546005 0.057779692113399506
0.06248283386230469 0.060971930623054504 0.0604361928999424
0.05696841701865196 0.055568479001522064 0.05599747598171234
0.057529762387275696 0.05601327493786812 0.060659561306238174
0.05720525607466698 0.055627159774303436 0.06312389671802521
0.053073104470968246 0.05167665332555771 0.05585803836584091
0.05784807354211807 0.05645088851451874 0.05588732659816742
0.053877394646406174 0.05246470496058464 0.05650758743286133
0.05632299929857254 0.05490180104970932 0.0568479560315609
0.05320882052183151 0.0517682284116745 0.057623691856861115
0.053034842014312744 0.051526740193367004 0.060324136167764664
0.05298604443669319 0.051667891442775726 0.05272606015205383
0.05513627827167511 0.05374114215373993 0.05580537021160126
0.0530591756105423 0.051600806415081024 0.05833469331264496
0.05629754066467285 0.05488225072622299 0.056611545383930206
0.0563051775097847 0.05491671711206436 0.0555383637547493
0.057760484516620636 0.05635771527886391 0.056110769510269165
0.05489214509725571 0.05353657156229019 0.05422291159629822
0.05138780176639557 0.04999154433608055 0.05585036426782608
0.05445017293095589 0.05308862775564194 0.05446187034249306
0.05646491423249245 0.05510370433330536 0.054448358714580536
0.05328895151615143 0.05196857079863548 0.0528152659535408
0.05846486613154411 0.05702668055891991 0.05752735212445259
0.056151505559682846 0.05485883727669716 0.051706694066524506
0.05441936105489731 0.053062647581100464 0.05426855757832527
0.05632547661662102 0.05482599884271622 0.0599791444838047
0.05488413944840431 0.05346645414829254 0.05670738220214844
0.055666957050561905 0.05439264327287674 0.05097253620624542
0.05608460679650307 0.054711319506168365 0.05493143945932388
0.056803230196237564 0.05549708008766174 0.052246008068323135
0.05732589215040207 0.05594027787446976 0.055424559861421585
0.056677721440792084 0.05533961206674576 0.0535244420170784
0.0569121278822422 0.05548182874917984 0.057211983948946
0.05446501448750496 0.05307300388813019 0.055680401623249054
0.05510649457573891 0.05375739932060242 0.05396375432610512
0.05190327763557434 0.0504489466547966 0.05817326158285141
0.05622308701276779 0.05490855872631073 0.05258118361234665
0.055774252861738205 0.054538045078516006 0.04944832623004913
0.05820999667048454 0.05677095800638199 0.05756155773997307
0.05341382697224617 0.052049022167921066 0.05459212511777878
0.05132005363702774 0.05005279928445816 0.050690121948719025
0.05529395118355751 0.05394420027732849 0.05399008095264435
0.05497701093554497 0.053606968373060226 0.054801639169454575
0.05085916444659233 0.049560658633708954 0.05194021761417389
0.05608723685145378 0.054716452956199646 0.05483138561248779
0.056519441306591034 0.055098049342632294 0.056855715811252594
0.05355829745531082 0.05217694491147995 0.05525411292910576
0.05156024545431137 0.050332751125097275 0.04909981042146683
0.05686230584979057 0.055534496903419495 0.05311229079961777
0.05403757467865944 0.05284779518842697 0.047591179609298706
0.051131222397089005 0.04983511567115784 0.051844336092472076
0.056469131261110306 0.05519941449165344 0.05078866705298424
0.05325797572731972 0.05190339684486389 0.054183147847652435
0.055064890533685684 0.053751904517412186 0.052519477903842926
0.055468250066041946 0.054261330515146255 0.04827671870589256
0.05276263877749443 0.051584623754024506 0.04712063819169998
0.05481347069144249 0.05344938486814499 0.054563384503126144
0.053464509546756744 0.05211048945784569 0.054160743951797485
0.0524582676589489 0.051191821694374084 0.050657857209444046
0.05443120002746582 0.053065672516822815 0.054621048271656036
0.05429188907146454 0.05306842178106308 0.04893868416547775
0.05577980726957321 0.05439673364162445 0.055323004722595215
0.053881920874118805 0.05258958786725998 0.05169334262609482
0.055445391684770584 0.0541481077671051 0.05189128592610359
0.05789005383849144 0.05656661093235016 0.05293767899274826
0.05317963287234306 0.0519401952624321 0.049577467143535614
0.05381147190928459 0.05246419459581375 0.0538911335170269
0.056105028837919235 0.05489705502986908 0.048318929970264435
0.05323905870318413 0.05191010981798172 0.05315793678164482
0.05186048895120621 0.05059018358588219 0.05081219971179962
0.05488043278455734 0.05358356237411499 0.05187474936246872
0.053686436265707016 0.05244172364473343 0.049788519740104675
0.054000698029994965 0.05278244987130165 0.04873000085353851
0.05488291010260582 0.053580865263938904 0.052081815898418427
0.057939425110816956 0.0565728098154068 0.05466468632221222
0.05873197689652443 0.05740900710225105 0.05291874706745148
0.0525067113339901 0.051248736679553986 0.05031901225447655
0.05404280871152878 0.05280950665473938 0.0493321418762207
0.05292375013232231 0.051763299852609634 0.04641806334257126
0.05379223823547363 0.05254054069519043 0.050067976117134094
0.055459145456552505 0.054179541766643524 0.05118419975042343
0.05555461347103119 0.05436604470014572 0.047542754560709
0.05432605370879173 0.053120825439691544 0.04820917919278145
0.05454403534531593 0.053388744592666626 0.04621163755655289
0.05274127423763275 0.05151139199733734 0.04919523000717163
0.05363965034484863 0.05238822102546692 0.05005718767642975
0.05035635083913803 0.04924372211098671 0.04450518637895584
0.056404054164886475 0.0551166795194149 0.05149499326944351
0.05344007536768913 0.05217300355434418 0.050682805478572845
0.05404984951019287 0.05286238342523575 0.04749858379364014
0.05499747022986412 0.0537496954202652 0.04991104453802109
0.05371620133519173 0.05259350687265396 0.04490771144628525
0.054784130305051804 0.05346079170703888 0.05293348804116249
0.04973822087049484 0.048629313707351685 0.04435630142688751
0.056354597210884094 0.05513977259397507 0.04859297722578049
0.05221889913082123 0.05103961378335953 0.047171369194984436
0.051516443490982056 0.050353921949863434 0.0465007945895195
0.05479992926120758 0.053683601319789886 0.044653043150901794
0.05740547552704811 0.056012339890003204 0.055725470185279846
0.055098529905080795 0.05385469272732735 0.049753446131944656
0.050625208765268326 0.049372073262929916 0.050125397741794586
0.055314648896455765 0.05411408096551895 0.04802274331450462
0.05564677342772484 0.0544610321521759 0.04742972180247307
0.05598611384630203 0.054841332137584686 0.04579121619462967
0.055141299962997437 0.05402541160583496 0.04463549330830574
0.05526677146553993 0.05405959114432335 0.04828716814517975
0.05607001483440399 0.05486350506544113 0.048260390758514404
0.054218925535678864 0.05311250314116478 0.044256821274757385
0.05169465020298958 0.050608646124601364 0.04344015568494797
0.052132200449705124 0.05102545768022537 0.04426964372396469
0.054010409861803055 0.05287932604551315 0.04524335637688637
0.05413816124200821 0.05292106419801712 0.04868393391370773
0.05509238317608833 0.05391455441713333 0.04711312800645828
0.050771940499544144 0.04958342760801315 0.04754050448536873
0.05478585883975029 0.05359073728322983 0.047804877161979675
0.0529177263379097 0.05187491327524185 0.04171248525381088
0.05596692115068436 0.054789427667856216 0.047099769115448
0.058223143219947815 0.05695083737373352 0.05089227110147476
0.05648760497570038 0.05532841011881828 0.0463678240776062
0.056344494223594666 0.05506456270813942 0.051197294145822525
0.0503118634223938 0.049161702394485474 0.04600641876459122
0.05135213956236839 0.05024596303701401 0.044247109442949295
0.05566861107945442 0.05445414036512375 0.04857880249619484
0.051255203783512115 0.05017460882663727 0.04322372376918793
0.0551736019551754 0.053967468440532684 0.04824532940983772
0.055682893842458725 0.054559484124183655 0.04493631795048714
0.05665768310427666 0.05548717454075813 0.04682029411196709
0.05667387694120407 0.055458903312683105 0.048598915338516235
0.056581899523735046 0.055467359721660614 0.044581666588783264
0.052584510296583176 0.05140504613518715 0.04717859625816345
0.05326485633850098 0.05216202512383461 0.044113196432590485
0.05225291848182678 0.05121561139822006 0.04149221256375313
0.052018970251083374 0.050919875502586365 0.043963804841041565
0.053471606224775314 0.052245453000068665 0.04904617741703987
0.055450279265642166 0.05428449064493179 0.046631503850221634
0.05041319504380226 0.04928992688655853 0.044930778443813324
0.05543246492743492 0.054320547729730606 0.044476721435785294
0.055671025067567825 0.05455190688371658 0.04476476088166237
0.05340668186545372 0.052308276295661926 0.04393622279167175
0.05499083176255226 0.05377612262964249 0.0485883392393589
0.05423435568809509 0.05308301001787186 0.04605378210544586
0.05366874858736992 0.052522704005241394 0.04584182798862457
0.053091444075107574 0.051910560578107834 0.04723535478115082
0.05345252528786659 0.05223721265792847 0.04861252009868622
0.05757911875844002 0.05639994144439697 0.047167062759399414
0.05621425807476044 0.05492265522480011 0.05166415125131607
0.053649984300136566 0.05244060605764389 0.048375099897384644
0.053574174642562866 0.05243774503469467 0.04545724391937256
0.05218455195426941 0.0510544590651989 0.04520368576049805
0.054768092930316925 0.05364381521940231 0.04497113823890686
0.05340594798326492 0.0523170605301857 0.043555472046136856
0.053271498531103134 0.052197158336639404 0.04297366365790367
0.051402755081653595 0.050221942365169525 0.04723252356052399
0.05557198077440262 0.05442637577652931 0.045824162662029266
0.0549980066716671 0.05381842702627182 0.04718314856290817
0.053580526262521744 0.052351098507642746 0.0491771437227726
0.05411166325211525 0.05298786237835884 0.044952020049095154
0.050232432782649994 0.04907829314470291 0.04616557061672211
0.05437517911195755 0.05325838550925255 0.044671788811683655
0.05352780967950821 0.05239640548825264 0.04525624215602875
0.05648476630449295 0.05527699738740921 0.04831076040863991
0.05498356744647026 0.05387189984321594 0.04446672275662422
0.05283331498503685 0.05157221481204033 0.050443992018699646
0.05235880985856056 0.05128835514187813 0.04281812906265259
0.054922886192798615 0.053814858198165894 0.04432114586234093
0.05644814670085907 0.0553564578294754 0.04366748780012131
0.053994376212358475 0.05284697562456131 0.04589596390724182
0.05360475927591324 0.052493833005428314 0.044436976313591
0.05274910479784012 0.05166952311992645 0.04318327084183693
0.05584164708852768 0.05478867143392563 0.04211907461285591
0.05295625329017639 0.05181647092103958 0.04559130221605301
0.04967749863862991 0.04861670359969139 0.04243185743689537
0.05602915212512016 0.0550045445561409 0.04098433628678322
0.0552590936422348 0.054221466183662415 0.04150506108999252
0.05627816170454025 0.055183183401823044 0.04379919916391373
0.05303112417459488 0.05195705220103264 0.04296281561255455
0.05435694009065628 0.05324721336364746 0.04438906908035278
0.053838420659303665 0.05276724696159363 0.04284699633717537
0.05242185667157173 0.051421646028757095 0.040008481591939926
0.053836993873119354 0.05266939103603363 0.046704117208719254
0.050771478563547134 0.04975440353155136 0.04068300500512123
0.054212942719459534 0.05305027961730957 0.04650650918483734
0.052926741540431976 0.05175109952688217 0.04702567309141159
0.056629445403814316 0.05552355945110321 0.0442354790866375
0.05266869440674782 0.05165852606296539 0.04040668532252312
0.05150618404150009 0.05047060549259186 0.04142317920923233
0.05530005320906639 0.05419621244072914 0.04415358975529671
0.05159693956375122 0.05059254169464111 0.04017584025859833
0.0526251457631588 0.05148058384656906 0.045782484114170074
0.05552557855844498 0.05449178069829941 0.04135197028517723
0.05744432657957077 0.05655921250581741 0.0354045033454895
0.05138399079442024 0.05039483681321144 0.039566174149513245
0.0550522655248642 0.05396721139550209 0.04340214282274246
0.05680212751030922 0.055843353271484375 0.0383509024977684
0.05526892840862274 0.05416896194219589 0.04399868845939636
0.05582541599869728 0.05475081875920296 0.042983829975128174
0.054985154420137405 0.05388324335217476 0.04407639056444168
0.056219615042209625 0.05512262135744095 0.04387972876429558
0.05256762355566025 0.051466383039951324 0.04404955357313156
0.053570717573165894 0.052521511912345886 0.04196818917989731
0.05061165243387222 0.04948045313358307 0.04524792358279228
0.051822591572999954 0.050860583782196045 0.038480259478092194
0.05442879721522331 0.053353019058704376 0.04303119331598282
0.05442638322710991 0.053440436720848083 0.03943786770105362
0.05321890488266945 0.05214788764715195 0.04284074157476425
0.05437736585736275 0.05328301340341568 0.0437740758061409
0.05548322945833206 0.054433587938547134 0.041985683143138885
0.05263398960232735 0.05166403949260712 0.03879803791642189
0.05561418831348419 0.05457613617181778 0.041522055864334106
0.04952143132686615 0.04851040989160538 0.040440890938043594
0.05328202620148659 0.0522480234503746 0.04136008396744728
0.05189165100455284 0.050806671380996704 0.04339924082159996
0.053987666964530945 0.05292869359254837 0.04235890135169029
0.05535750836133957 0.05426176264882088 0.043829888105392456
0.05411696061491966 0.05307069793343544 0.04185052588582039
0.05151540786027908 0.05051996558904648 0.039817724376916885
0.05550973489880562 0.05446166172623634 0.0419229120016098
0.0506213903427124 0.049626369029283524 0.03980089724063873
0.05354303494095802 0.052479956299066544 0.042523130774497986
0.05535399541258812 0.054237522184848785 0.04465896636247635
0.05654715374112129 0.05559860169887543 0.03794211894273758
0.055085089057683945 0.05408262833952904 0.040098465979099274
0.05165162310004234 0.05066176503896713 0.03959435224533081
0.055319324135780334 0.054288387298583984 0.04123746603727341
0.054310161620378494 0.05329462140798569 0.040621548891067505
0.05437874794006348 0.05337152257561684 0.04028905928134918
0.05483315512537956 0.053823743015527725 0.040376439690589905
0.057553574442863464 0.056502822786569595 0.04203008860349655
0.05624416843056679 0.0551949180662632 0.041969962418079376
0.053196020424366 0.05220912769436836 0.03947565332055092
0.05497689172625542 0.053954992443323135 0.04087596759200096
0.05234886333346367 0.051379621028900146 0.03876975178718567
0.05260241776704788 0.05158631503582001 0.04064418375492096
0.05630099028348923 0.05526115745306015 0.0415932759642601
0.05274512246251106 0.05177445709705353 0.038826607167720795
0.054828960448503494 0.05385040491819382 0.039142195135354996
0.055368710309267044 0.054426923394203186 0.0376715362071991
0.054118458181619644 0.05307463929057121 0.04175269603729248
0.05245210602879524 0.05146633833646774 0.0394306555390358
0.05666390433907509 0.05569000169634819 0.03895609453320503
0.05672747641801834 0.05582224205136299 0.03620938956737518
0.052510276436805725 0.05155191570520401 0.03833442181348801
0.05212896317243576 0.05120129883289337 0.037106599658727646
0.05555008351802826 0.054582737386226654 0.03869378939270973
0.0499906912446022 0.04914988949894905 0.03363208845257759
0.05118119344115257 0.050317585468292236 0.034544263035058975
0.05635613203048706 0.055377911776304245 0.03912874311208725
0.054987285286188126 0.05400499701499939 0.03929150104522705
0.05393670126795769 0.05292065069079399 0.04064195975661278
0.05439889058470726 0.05336085706949234 0.0415213480591774
0.05162015184760094 0.050680480897426605 0.03758687898516655
0.05428198352456093 0.05331684648990631 0.0386054590344429
0.05146528780460358 0.050497666001319885 0.038704853504896164
0.055522892624139786 0.05439181998372078 0.045242972671985626
0.05231628194451332 0.05138334259390831 0.037317562848329544
0.05367042496800423 0.05264296755194664 0.04109824448823929
0.05167665705084801 0.050756677985191345 0.03679914399981499
0.053207915276288986 0.05223899334669113 0.038756825029850006
0.05114859342575073 0.05026265233755112 0.03543756902217865
0.05105680972337723 0.05005177855491638 0.04020132124423981
0.05596514791250229 0.0550311878323555 0.03735845908522606
0.0524151548743248 0.05136566609144211 0.041979607194662094
0.051284972578287125 0.05031061917543411 0.03897413611412048
0.052787914872169495 0.0518072172999382 0.03922790661454201
0.05450652167201042 0.053458068519830704 0.0419381745159626
0.05211091414093971 0.05118709057569504 0.03695300966501236
0.05251006782054901 0.051542479544878006 0.038703568279743195
0.05224044620990753 0.05132211744785309 0.036733098328113556
0.05495764687657356 0.05402486026287079 0.03731150925159454
0.05486908182501793 0.05395180359482765 0.0366910882294178
0.05456466227769852 0.053506627678871155 0.042321451008319855
0.052752669900655746 0.051821738481521606 0.037237271666526794
0.05458776280283928 0.053644809871912 0.03771805018186569
0.0555092915892601 0.05456728860735893 0.03768017515540123
0.05209166556596756 0.05105079710483551 0.04163479432463646
0.05126306414604187 0.05037139356136322 0.03566686809062958
0.058572325855493546 0.05755302682518959 0.040771935135126114
0.05096955969929695 0.05004101246595383 0.03714187070727348
0.05288337543606758 0.051975831389427185 0.03630177676677704
0.05057275667786598 0.04971768707036972 0.03420284762978554
0.05184748396277428 0.05087621510028839 0.038850799202919006
0.053079742938280106 0.05222220718860626 0.03430144488811493
0.055462852120399475 0.05445268005132675 0.04040694236755371
0.05645867437124252 0.055357471108436584 0.044048093259334564
0.05463973432779312 0.05360325425863266 0.041459210216999054
0.05416266620159149 0.05320574343204498 0.03827697038650513
0.05088043212890625 0.0499161034822464 0.03857319802045822
0.052541621029376984 0.05162923410534859 0.036495428532361984
0.054107263684272766 0.05321989580988884 0.03549465537071228
0.05203573405742645 0.05104875937104225 0.03947906196117401
0.0563565157353878 0.05533184856176376 0.040986642241477966
0.05270610377192497 0.05186167359352112 0.03377722576260567
0.05527416989207268 0.05440958961844444 0.034583184868097305
0.0550188347697258 0.05413530394434929 0.03534127026796341
0.049833886325359344 0.04902376979589462 0.03240467980504036
0.05660682171583176 0.05571044236421585 0.03585521876811981
0.05468953773379326 0.05383792147040367 0.03406459093093872
0.05588657408952713 0.05495820194482803 0.037134893238544464
0.05540967732667923 0.05451267212629318 0.03588027134537697
0.05411769822239876 0.0532228946685791 0.03579219430685043
0.05536739155650139 0.05437967926263809 0.03950846195220947
0.05521692708134651 0.05434775352478027 0.03476693481206894
0.053430892527103424 0.05247776210308075 0.03812514245510101
0.04905158653855324 0.04815272241830826 0.03595449775457382
0.05236013978719711 0.05140379071235657 0.038254015147686005
0.05170397460460663 0.05076594650745392 0.037521086633205414
0.0533657968044281 0.05247490853071213 0.03563551604747772
0.052724700421094894 0.05187615379691124 0.03394192457199097
0.056530799716711044 0.05553288012742996 0.039916813373565674
0.05324026942253113 0.0523606613278389 0.035184334963560104
0.05305693298578262 0.052232421934604645 0.03298049420118332
