0.30844050645828247 0.30844050645828247 3.787710189819336
0.31204479932785034 0.31204479932785034 4.188114643096924
0.2935662567615509 0.2935662567615509 4.949872970581055
0.2833611071109772 0.2833611071109772 6.120674133300781
0.26799309253692627 0.26799309253692627 7.896841049194336
0.25649964809417725 0.25649964809417725 10.053146362304688
0.26092928647994995 0.26092928647994995 12.116920471191406
0.23821869492530823 0.23821869492530823 15.722375869750977
0.22175857424736023 0.22175857424736023 18.653350830078125
0.22080878913402557 0.22080878913402557 22.327510833740234
0.19960787892341614 0.19960787892341614 26.251230239868164
0.18837815523147583 0.18837815523147583 31.368606567382812
0.18032535910606384 0.18032535910606384 36.506500244140625
0.17589421570301056 0.17589421570301056 42.05473709106445
0.16038215160369873 0.16038215160369873 47.88393020629883
0.14564497768878937 0.14564497768878937 52.536048889160156
0.14222882688045502 0.14222882688045502 58.8218879699707
0.12811759114265442 0.12811759114265442 65.44564056396484
0.11864590644836426 0.11864590644836426 71.88909912109375
0.12197218835353851 0.12197218835353851 79.25674438476562
0.11509491503238678 0.11509491503238678 87.18119812011719
0.09914511442184448 0.09914511442184448 93.71208953857422
0.10261252522468567 0.10261252522468567 99.36061096191406
0.09502170979976654 0.09502170979976654 109.10752868652344
0.09230458736419678 0.09230458736419678 117.8099365234375
0.08261033892631531 0.08261033892631531 121.33432006835938
0.07909829914569855 0.07909829914569855 125.77049255371094
0.07768723368644714 0.07768723368644714 133.9910888671875
0.07641465961933136 0.07641465961933136 138.56349182128906
0.06992599368095398 0.06992599368095398 143.7992401123047
0.0687747672200203 0.0687747672200203 152.37451171875
0.06834820657968521 0.06834820657968521 155.6190643310547
0.06620321422815323 0.06620321422815323 163.425537109375
0.06413159519433975 0.06413159519433975 166.53640747070312
0.06189664080739021 0.06189664080739021 173.5611572265625
0.06248392164707184 0.06248392164707184 177.26617431640625
0.06076027452945709 0.06076027452945709 183.02879333496094
0.05685717612504959 0.05685717612504959 184.45016479492188
0.056031644344329834 0.056031644344329834 185.8814697265625
0.054241910576820374 0.054241910576820374 189.73216247558594
0.05482405051589012 0.05482405051589012 195.25726318359375
0.053772687911987305 0.053772687911987305 198.89703369140625
0.05339280515909195 0.05339280515909195 200.79150390625
0.052723582834005356 0.052723582834005356 205.89947509765625
0.05447491630911827 0.05447491630911827 211.28533935546875
0.053002484142780304 0.053002484142780304 202.8363037109375
0.05184353142976761 0.05184353142976761 213.39891052246094
0.04912590608000755 0.04912590608000755 216.6193389892578
0.04784482717514038 0.04784482717514038 212.23733520507812
0.050786569714546204 0.050786569714546204 217.93894958496094
0.04980768263339996 0.04980768263339996 217.371826171875
0.048540323972702026 0.048540323972702026 217.2254180908203
0.04788156598806381 0.04788156598806381 220.90719604492188
0.05030432343482971 0.05030432343482971 219.96469116210938
0.04873720183968544 0.04873720183968544 220.46751403808594
0.04689699411392212 0.04689699411392212 222.7816925048828
0.04927091300487518 0.04927091300487518 222.647216796875
0.04949360340833664 0.04949360340833664 226.97430419921875
0.047558046877384186 0.047558046877384186 224.89144897460938
0.04980013519525528 0.04980013519525528 228.10211181640625
0.047678012400865555 0.047678012400865555 227.25125122070312
0.04900079965591431 0.04900079965591431 226.4436798095703
0.04648004472255707 0.04648004472255707 226.64599609375
0.04884215444326401 0.04884215444326401 225.57762145996094
0.04914609715342522 0.04914609715342522 228.96234130859375
0.04888894408941269 0.04888894408941269 234.31765747070312
0.0478890985250473 0.0478890985250473 227.6089324951172
0.04603337496519089 0.04603337496519089 228.2301025390625
0.04986841231584549 0.04986841231584549 229.52584838867188
0.04777560383081436 0.04777560383081436 230.57278442382812
0.04867333546280861 0.04867333546280861 229.75314331054688
0.049165576696395874 0.049165576696395874 231.15162658691406
0.0463700145483017 0.0463700145483017 227.98898315429688
0.047687649726867676 0.047687649726867676 229.3126220703125
0.05042541027069092 0.05042541027069092 229.89111328125
0.04837803542613983 0.04837803542613983 227.65017700195312
0.049357011914253235 0.049357011914253235 227.15650939941406
0.04601497948169708 0.04601497948169708 225.9048614501953
0.04871226102113724 0.04871226102113724 229.36065673828125
0.04635593667626381 0.04635593667626381 224.3466796875
0.0481400303542614 0.0481400303542614 226.89883422851562
0.04730108380317688 0.04730108380317688 229.7276611328125
0.047264449298381805 0.047264449298381805 223.5618438720703
0.04736293852329254 0.04736293852329254 220.78025817871094
0.04911969602108002 0.04911969602108002 223.66555786132812
0.04577014967799187 0.04577014967799187 223.1356201171875
0.04664343595504761 0.04664343595504761 218.20068359375
0.04386381059885025 0.04386381059885025 220.33572387695312
0.04822109267115593 0.04822109267115593 219.7882080078125
0.04820050299167633 0.04820050299167633 222.53146362304688
0.04292541742324829 0.04292541742324829 217.3913116455078
0.046340957283973694 0.046340957283973694 215.3271484375
0.04572661221027374 0.04572661221027374 217.4886474609375
0.04704909399151802 0.04704909399151802 212.23416137695312
0.0487232506275177 0.0487232506275177 213.96182250976562
0.0460643544793129 0.0460643544793129 211.40289306640625
0.046311259269714355 0.046311259269714355 214.19656372070312
0.045323267579078674 0.045323267579078674 211.28912353515625
0.04745125025510788 0.04745125025510788 213.26663208007812
0.04421515017747879 0.04421515017747879 207.2535400390625
0.04563382267951965 0.04563382267951965 207.16592407226562
0.044895805418491364 0.044895805418491364 204.81654357910156
0.04358547553420067 0.04358547553420067 202.3787384033203
0.04412774741649628 0.04412774741649628 202.3682098388672
0.046977873891592026 0.046977873891592026 202.3912811279297
0.04455210641026497 0.04455210641026497 204.65829467773438
0.04392177611589432 0.04392177611589432 202.51661682128906
0.04443195462226868 0.04443195462226868 201.80563354492188
0.04586136341094971 0.04586136341094971 202.05624389648438
0.04598375782370567 0.04598375782370567 198.68301391601562
0.044464778155088425 0.044464778155088425 196.29739379882812
0.045721836388111115 0.045721836388111115 197.7955780029297
0.043737053871154785 0.043737053871154785 194.40530395507812
0.04370494931936264 0.04370494931936264 195.75820922851562
0.04514732211828232 0.04514732211828232 194.4283447265625
0.04328806698322296 0.04328806698322296 190.79238891601562
0.043896280229091644 0.043896280229091644 192.0010223388672
0.0439622737467289 0.0439622737467289 188.8858642578125
0.04644067585468292 0.04644067585468292 189.31289672851562
0.04368257522583008 0.04368257522583008 189.2441864013672
0.04073738679289818 0.04073738679289818 186.85888671875
0.043778687715530396 0.043778687715530396 185.48699951171875
0.04478105157613754 0.04478105157613754 185.4105224609375
0.04248785227537155 0.04248785227537155 182.82644653320312
0.04326024651527405 0.04326024651527405 183.27037048339844
0.04128893464803696 0.04128893464803696 185.92572021484375
0.041342608630657196 0.041342608630657196 183.73974609375
0.04067983850836754 0.04067983850836754 180.82357788085938
0.04553447663784027 0.04553447663784027 181.6165771484375
0.04453202337026596 0.04453202337026596 181.3505859375
0.043390385806560516 0.043390385806560516 179.4603271484375
0.04066643863916397 0.04066643863916397 180.7015838623047
0.04078911244869232 0.04078911244869232 178.48922729492188
0.040995076298713684 0.040995076298713684 179.22955322265625
0.042921438813209534 0.042921438813209534 177.071533203125
0.04273379594087601 0.04273379594087601 179.1386260986328
0.03886986896395683 0.03886986896395683 178.9261932373047
0.040746528655290604 0.040746528655290604 175.4595489501953
0.040511637926101685 0.040511637926101685 171.30154418945312
0.04146904498338699 0.04146904498338699 173.52023315429688
0.03985503315925598 0.03985503315925598 175.2894287109375
0.03835395351052284 0.03835395351052284 173.04678344726562
0.04049012437462807 0.04049012437462807 173.42127990722656
0.03928602486848831 0.03928602486848831 173.20587158203125
0.03876475989818573 0.03876475989818573 170.8197784423828
0.03890693932771683 0.03890693932771683 171.9364776611328
0.03955526649951935 0.03955526649951935 173.0290985107422
0.03840995952486992 0.03840995952486992 173.38131713867188
0.04046662151813507 0.04046662151813507 170.61695861816406
0.03838082775473595 0.03838082775473595 171.9683074951172
0.039100099354982376 0.039100099354982376 170.60418701171875
0.03791171684861183 0.03791171684861183 173.50668334960938
0.03749122470617294 0.03749122470617294 171.58248901367188
0.03806633502244949 0.03806633502244949 170.29428100585938
0.04121747612953186 0.04121747612953186 172.3235321044922
0.0352361723780632 0.0352361723780632 170.54830932617188
0.037230633199214935 0.037230633199214935 169.5818634033203
0.035936832427978516 0.035936832427978516 168.33587646484375
0.035570405423641205 0.035570405423641205 169.9560546875
0.03803598880767822 0.03803598880767822 168.48306274414062
0.036315277218818665 0.036315277218818665 171.54232788085938
0.03723226860165596 0.03723226860165596 169.64442443847656
0.036102838814258575 0.036102838814258575 169.87252807617188
0.03551003336906433 0.03551003336906433 167.1243896484375
0.038354434072971344 0.038354434072971344 173.16726684570312
0.0348893404006958 0.0348893404006958 168.2493133544922
0.03556540980935097 0.03556540980935097 171.4507293701172
0.03662315756082535 0.03662315756082535 167.38714599609375
0.03500758111476898 0.03500758111476898 169.43234252929688
0.03655615448951721 0.03655615448951721 167.87957763671875
0.033643171191215515 0.033643171191215515 166.03115844726562
0.036285482347011566 0.036285482347011566 168.35140991210938
0.034240271896123886 0.034240271896123886 167.99386596679688
0.03637324646115303 0.03637324646115303 169.30117797851562
0.0365484394133091 0.0365484394133091 165.23574829101562
0.03602960333228111 0.03602960333228111 164.79115295410156
0.03493531048297882 0.03493531048297882 168.5933074951172
0.034447431564331055 0.034447431564331055 165.49740600585938
0.03514014929533005 0.03514014929533005 165.1294403076172
0.03532830625772476 0.03532830625772476 164.8412628173828
0.03265715390443802 0.03265715390443802 161.63475036621094
0.03203050047159195 0.03203050047159195 166.21002197265625
0.03505299612879753 0.03505299612879753 165.30308532714844
0.03507120907306671 0.03507120907306671 166.89064025878906
0.03562114015221596 0.03562114015221596 169.09182739257812
0.034753479063510895 0.034753479063510895 165.39370727539062
0.03262713551521301 0.03262713551521301 167.0799560546875
0.03262001648545265 0.03262001648545265 165.893310546875
0.03485766053199768 0.03485766053199768 165.13577270507812
0.03516846150159836 0.03516846150159836 164.9801025390625
0.031995635479688644 0.031995635479688644 163.3265380859375
0.03358665481209755 0.03358665481209755 164.2866973876953
0.03472182899713516 0.03472182899713516 168.19656372070312
0.03303762525320053 0.03303762525320053 162.48883056640625
0.03340229392051697 0.03340229392051697 164.66287231445312
0.0349302813410759 0.0349302813410759 166.47015380859375
0.033381517976522446 0.033381517976522446 168.74754333496094
0.0335637666285038 0.0335637666285038 165.06838989257812
0.033968180418014526 0.033968180418014526 165.23806762695312
0.034683894366025925 0.034683894366025925 166.42791748046875
0.033426884561777115 0.033426884561777115 164.1556396484375
0.03263579681515694 0.03263579681515694 160.1916046142578
0.03489001840353012 0.03489001840353012 166.3043670654297
0.03390931338071823 0.03390931338071823 163.98008728027344
0.03336255997419357 0.03336255997419357 164.19998168945312
0.0323975495994091 0.0323975495994091 165.83721923828125
0.03212549537420273 0.03212549537420273 165.9805908203125
0.03255974128842354 0.03255974128842354 163.2897491455078
0.03356263414025307 0.03356263414025307 164.84671020507812
0.03278568014502525 0.03278568014502525 163.46302795410156
0.03488949313759804 0.03488949313759804 163.37918090820312
0.03273346275091171 0.03273346275091171 163.28353881835938
0.031697846949100494 0.031697846949100494 163.78399658203125
0.03119625709950924 0.03119625709950924 164.58241271972656
0.02949676476418972 0.02949676476418972 163.42510986328125
0.031869444996118546 0.031869444996118546 165.14871215820312
0.02993549220263958 0.02993549220263958 164.57568359375
0.030943794175982475 0.030943794175982475 162.68447875976562
0.02961387112736702 0.02961387112736702 163.87777709960938
0.030084779486060143 0.030084779486060143 162.43283081054688
0.030689235776662827 0.030689235776662827 162.48776245117188
0.030724309384822845 0.030724309384822845 162.53089904785156
0.029734987765550613 0.029734987765550613 162.46267700195312
0.030580976977944374 0.030580976977944374 163.62863159179688
0.03189973160624504 0.03189973160624504 164.58486938476562
0.030696917325258255 0.030696917325258255 162.0120391845703
0.031319037079811096 0.031319037079811096 163.34237670898438
0.03039472922682762 0.03039472922682762 163.18203735351562
0.02956010401248932 0.02956010401248932 161.96334838867188
0.030469126999378204 0.030469126999378204 163.87774658203125
0.028209272772073746 0.028209272772073746 162.00961303710938
0.030913598835468292 0.030913598835468292 165.6243133544922
0.029785795137286186 0.029785795137286186 159.78167724609375
0.028631135821342468 0.028631135821342468 162.2718505859375
0.028664611279964447 0.028664611279964447 162.0135040283203
0.030218467116355896 0.030218467116355896 161.8536834716797
0.029646100476384163 0.029646100476384163 160.9777069091797
0.029582716524600983 0.029582716524600983 164.61843872070312
0.02884942851960659 0.02884942851960659 163.5416259765625
0.02829889953136444 0.02829889953136444 160.50308227539062
0.02931973710656166 0.02931973710656166 161.5333251953125
0.028007131069898605 0.028007131069898605 162.45004272460938
0.030480459332466125 0.030480459332466125 164.90911865234375
0.030780673027038574 0.030780673027038574 162.28945922851562
0.029089834541082382 0.029089834541082382 159.690673828125
0.02924668975174427 0.02924668975174427 161.2439422607422
0.027945473790168762 0.027945473790168762 165.7523651123047
0.028700130060315132 0.028700130060315132 161.67599487304688
0.028578108176589012 0.028578108176589012 161.2638397216797
0.02954479120671749 0.02954479120671749 162.1102752685547
0.028283394873142242 0.028283394873142242 165.64093017578125
0.02752581425011158 0.02752581425011158 164.94540405273438
0.028911041095852852 0.028911041095852852 164.88082885742188
0.029917774721980095 0.029917774721980095 167.43247985839844
0.027853436768054962 0.027853436768054962 161.86868286132812
0.027749065309762955 0.027749065309762955 162.80776977539062
0.028970208019018173 0.028970208019018173 163.62753295898438
0.027146998792886734 0.027146998792886734 165.80587768554688
0.02798641286790371 0.02798641286790371 164.4733123779297
0.027284447103738785 0.027284447103738785 163.11038208007812
0.02737981081008911 0.02737981081008911 163.743408203125
0.025208137929439545 0.025208137929439545 161.32156372070312
0.02943531610071659 0.02943531610071659 162.75628662109375
0.02750484272837639 0.02750484272837639 164.9697723388672
0.02902705781161785 0.02902705781161785 164.45159912109375
0.02911572903394699 0.02911572903394699 164.72882080078125
0.02828504517674446 0.02828504517674446 164.55064392089844
0.02795773185789585 0.02795773185789585 162.15155029296875
0.027345094829797745 0.027345094829797745 163.18795776367188
0.02718944475054741 0.02718944475054741 165.52035522460938
0.027309317141771317 0.027309317141771317 164.20974731445312
0.0250136349350214 0.0250136349350214 165.63565063476562
0.02603781968355179 0.02603781968355179 164.54983520507812
0.027069462463259697 0.027069462463259697 164.95132446289062
0.026592930778861046 0.026592930778861046 163.2523956298828
0.026482556015253067 0.026482556015253067 167.90875244140625
0.02749737724661827 0.02749737724661827 168.9259033203125
0.027974437922239304 0.027974437922239304 165.9740753173828
0.025854676961898804 0.025854676961898804 168.16473388671875
0.02728252485394478 0.02728252485394478 165.6731414794922
0.02551293931901455 0.02551293931901455 164.66357421875
0.026925863698124886 0.026925863698124886 166.01864624023438
0.02646312676370144 0.02646312676370144 169.71505737304688
0.02555733174085617 0.02555733174085617 167.35897827148438
0.02425277605652809 0.02425277605652809 168.59011840820312
0.026073232293128967 0.026073232293128967 166.83889770507812
0.02466972917318344 0.02466972917318344 167.60458374023438
0.02626475691795349 0.02626475691795349 170.02935791015625
0.02563341334462166 0.02563341334462166 170.0892333984375
0.025947127491235733 0.025947127491235733 167.06246948242188
0.024623718112707138 0.024623718112707138 165.910400390625
0.026654843240976334 0.026654843240976334 169.1760711669922
0.024514008313417435 0.024514008313417435 167.58621215820312
0.025053195655345917 0.025053195655345917 165.87603759765625
0.024380851536989212 0.024380851536989212 171.32623291015625
0.025335151702165604 0.025335151702165604 167.86978149414062
0.025407277047634125 0.025407277047634125 170.64773559570312
0.024436818435788155 0.024436818435788155 169.95770263671875
0.025765806436538696 0.025765806436538696 167.74423217773438
0.024918731302022934 0.024918731302022934 169.2428741455078
0.02611396089196205 0.02611396089196205 170.83460998535156
0.02393355593085289 0.02393355593085289 174.91790771484375
0.024216387420892715 0.024216387420892715 172.19570922851562
0.025182444602251053 0.025182444602251053 168.96792602539062
0.025063829496502876 0.025063829496502876 167.3676300048828
0.02426961436867714 0.02426961436867714 172.02462768554688
0.023791491985321045 0.023791491985321045 171.5798797607422
0.025863884016871452 0.025863884016871452 170.81597900390625
0.02286292053759098 0.02286292053759098 169.99752807617188
0.024488577619194984 0.024488577619194984 174.96377563476562
0.022450068965554237 0.022450068965554237 170.90673828125
0.023779813200235367 0.023779813200235367 174.25111389160156
0.02439892292022705 0.02439892292022705 168.2604217529297
0.024758851155638695 0.024758851155638695 172.30650329589844
0.023901257663965225 0.023901257663965225 170.53469848632812
0.023569924756884575 0.023569924756884575 173.0186767578125
0.024122340604662895 0.024122340604662895 169.84031677246094
0.02395203709602356 0.02395203709602356 170.48651123046875
0.023779749870300293 0.023779749870300293 177.64639282226562
0.02488277107477188 0.02488277107477188 173.62001037597656
0.024778611958026886 0.024778611958026886 175.96951293945312
0.025350313633680344 0.025350313633680344 174.6224365234375
0.02339819446206093 0.02339819446206093 175.3748016357422
0.02328409068286419 0.02328409068286419 175.1643829345703
0.02295714057981968 0.02295714057981968 173.3765411376953
0.023987434804439545 0.023987434804439545 176.81695556640625
0.02308640070259571 0.02308640070259571 174.38943481445312
0.0230335034430027 0.0230335034430027 174.66506958007812
0.025370661169290543 0.025370661169290543 173.42527770996094
0.02329888381063938 0.02329888381063938 175.51095581054688
0.023424584418535233 0.023424584418535233 175.42564392089844
0.02351003885269165 0.02351003885269165 171.9881591796875
0.02298629656434059 0.02298629656434059 173.95758056640625
0.025050777941942215 0.025050777941942215 176.2310028076172
0.02264542505145073 0.02264542505145073 176.86880493164062
0.023905504494905472 0.023905504494905472 178.00558471679688
0.022309226915240288 0.022309226915240288 176.91754150390625
0.023935750126838684 0.023935750126838684 176.25747680664062
0.02319641038775444 0.02319641038775444 178.42178344726562
0.023206211626529694 0.023206211626529694 175.24319458007812
0.022174658253788948 0.022174658253788948 178.86856079101562
0.023267384618520737 0.023267384618520737 178.8878173828125
0.023187100887298584 0.023187100887298584 176.51898193359375
0.02325965277850628 0.02325965277850628 177.3472900390625
0.022117674350738525 0.022117674350738525 178.32933044433594
0.02184477262198925 0.02184477262198925 178.99917602539062
0.02203642576932907 0.02203642576932907 179.7999725341797
0.021899450570344925 0.021899450570344925 179.187744140625
0.021789802238345146 0.021789802238345146 180.53778076171875
0.02370847947895527 0.02370847947895527 178.59228515625
0.022733237594366074 0.022733237594366074 181.62326049804688
0.02199307456612587 0.02199307456612587 177.4989013671875
0.02006814256310463 0.02006814256310463 177.7398681640625
0.0222570039331913 0.0222570039331913 179.00442504882812
0.02198699489235878 0.02198699489235878 180.52154541015625
0.0230110976845026 0.0230110976845026 174.60983276367188
0.022651685401797295 0.022651685401797295 176.5325164794922
0.02171838842332363 0.02171838842332363 176.59608459472656
0.021084152162075043 0.021084152162075043 176.49749755859375
0.021986575797200203 0.021986575797200203 175.67813110351562
0.020459406077861786 0.020459406077861786 178.6571044921875
0.022550415247678757 0.022550415247678757 178.85809326171875
0.023029642179608345 0.023029642179608345 178.4356689453125
0.021878348663449287 0.021878348663449287 183.9556884765625
0.022094709798693657 0.022094709798693657 181.0522003173828
0.021426990628242493 0.021426990628242493 181.578125
0.02142852172255516 0.02142852172255516 182.3784942626953
0.02173241786658764 0.02173241786658764 183.68142700195312
0.020525258034467697 0.020525258034467697 185.059326171875
0.020627133548259735 0.020627133548259735 183.43502807617188
0.02124263532459736 0.02124263532459736 183.06344604492188
0.02079499512910843 0.02079499512910843 185.26992797851562
0.021512560546398163 0.021512560546398163 186.6893310546875
0.019959615543484688 0.019959615543484688 185.91482543945312
0.02188837341964245 0.02188837341964245 186.3031768798828
0.021661655977368355 0.021661655977368355 189.8729705810547
0.020711679011583328 0.020711679011583328 182.60140991210938
0.01983799785375595 0.01983799785375595 184.70883178710938
0.021499093621969223 0.021499093621969223 180.75054931640625
0.02068321965634823 0.02068321965634823 187.74192810058594
0.02146342769265175 0.02146342769265175 184.8033447265625
0.020429108291864395 0.020429108291864395 182.15029907226562
0.023332230746746063 0.023332230746746063 186.4244384765625
0.020937277004122734 0.020937277004122734 185.43753051757812
0.019105900079011917 0.019105900079011917 183.98350524902344
0.019757846370339394 0.019757846370339394 183.35968017578125
0.01939544454216957 0.01939544454216957 183.98587036132812
0.01991669461131096 0.01991669461131096 189.07102966308594
0.020199891179800034 0.020199891179800034 183.8803253173828
0.0199696347117424 0.0199696347117424 183.69696044921875
0.021939318627119064 0.021939318627119064 188.13275146484375
0.020821720361709595 0.020821720361709595 187.4425048828125
0.021885447204113007 0.021885447204113007 185.1385955810547
0.020355653017759323 0.020355653017759323 186.45074462890625
0.019044922664761543 0.019044922664761543 190.07821655273438
0.020947687327861786 0.020947687327861786 184.88681030273438
0.018568536266684532 0.018568536266684532 187.6219024658203
0.02035030536353588 0.02035030536353588 187.3621368408203
0.020993338897824287 0.020993338897824287 191.7244873046875
0.021419789642095566 0.021419789642095566 188.00973510742188
0.020930055528879166 0.020930055528879166 191.86981201171875
0.02172137424349785 0.02172137424349785 188.35690307617188
0.020375773310661316 0.020375773310661316 187.53379821777344
0.019531093537807465 0.019531093537807465 188.4078369140625
0.019992075860500336 0.019992075860500336 191.0823516845703
0.01880836673080921 0.01880836673080921 182.76336669921875
0.020128533244132996 0.020128533244132996 187.84951782226562
0.01920260116457939 0.01920260116457939 187.0796661376953
0.019124165177345276 0.019124165177345276 193.15476989746094
0.019824542105197906 0.019824542105197906 189.28526306152344
0.019766997545957565 0.019766997545957565 190.8705596923828
0.020579306408762932 0.020579306408762932 186.90283203125
0.018249480053782463 0.018249480053782463 186.73367309570312
0.019579175859689713 0.019579175859689713 187.22555541992188
0.02010444737970829 0.02010444737970829 188.8324432373047
0.02083914913237095 0.02083914913237095 187.55029296875
0.02065310999751091 0.02065310999751091 187.48748779296875
0.020974472165107727 0.020974472165107727 186.55699157714844
0.0193478986620903 0.0193478986620903 191.882080078125
0.020725451409816742 0.020725451409816742 189.15078735351562
0.020330004394054413 0.020330004394054413 192.89938354492188
0.019225381314754486 0.019225381314754486 194.9278564453125
0.01937534101307392 0.01937534101307392 189.11172485351562
0.019851598888635635 0.019851598888635635 189.04615783691406
0.01964627206325531 0.01964627206325531 189.1580810546875
0.01965877041220665 0.01965877041220665 188.06503295898438
0.020226817578077316 0.020226817578077316 187.88253784179688
0.020004961639642715 0.020004961639642715 192.59078979492188
0.019032582640647888 0.019032582640647888 193.09063720703125
0.020119652152061462 0.020119652152061462 193.01303100585938
0.020659049972891808 0.020659049972891808 191.5762939453125
0.02117404155433178 0.02117404155433178 197.0424041748047
0.021643877029418945 0.021643877029418945 191.78448486328125
0.018358629196882248 0.018358629196882248 192.04571533203125
0.019383616745471954 0.019383616745471954 193.09886169433594
0.02002386376261711 0.02002386376261711 193.88983154296875
0.019703786820173264 0.019703786820173264 195.18446350097656
0.019139613956212997 0.019139613956212997 192.74148559570312
0.0197221040725708 0.0197221040725708 189.69290161132812
0.0193885937333107 0.0193885937333107 192.8580322265625
0.0194169320166111 0.0194169320166111 190.67169189453125
0.019926760345697403 0.019926760345697403 193.74435424804688
0.019556010141968727 0.019556010141968727 194.718017578125
0.019217893481254578 0.019217893481254578 189.2066192626953
0.019956663250923157 0.019956663250923157 195.28021240234375
0.01926061138510704 0.01926061138510704 196.05926513671875
0.018385253846645355 0.018385253846645355 194.35618591308594
0.01942484825849533 0.01942484825849533 192.65625
0.017370879650115967 0.017370879650115967 197.468505859375
0.01889744959771633 0.01889744959771633 194.95016479492188
0.01870984211564064 0.01870984211564064 193.29696655273438
0.018277276307344437 0.018277276307344437 190.4103546142578
0.017952509224414825 0.017952509224414825 194.08970642089844
0.017638854682445526 0.017638854682445526 195.02566528320312
0.018497269600629807 0.018497269600629807 193.4074249267578
0.019767075777053833 0.019767075777053833 195.4267578125
0.01812167651951313 0.01812167651951313 194.4453887939453
0.01869344338774681 0.01869344338774681 192.900390625
0.02008046768605709 0.02008046768605709 187.1539306640625
0.019217751920223236 0.019217751920223236 195.0321502685547
0.018037930130958557 0.018037930130958557 195.8321990966797
0.017171289771795273 0.017171289771795273 195.6517791748047
0.019985731691122055 0.019985731691122055 195.90966796875
0.018913300707936287 0.018913300707936287 195.2760009765625
0.01836710050702095 0.01836710050702095 194.7964630126953
0.01938313990831375 0.01938313990831375 194.630615234375
0.018396548926830292 0.018396548926830292 196.6728515625
0.018963947892189026 0.018963947892189026 197.08724975585938
0.01736220344901085 0.01736220344901085 200.069580078125
0.019324734807014465 0.019324734807014465 198.582275390625
0.018333040177822113 0.018333040177822113 194.91781616210938
0.01788320392370224 0.01788320392370224 201.3490753173828
0.017338041216135025 0.017338041216135025 197.16921997070312
0.018329866230487823 0.018329866230487823 198.72874450683594
0.0177448857575655 0.0177448857575655 199.16204833984375
0.018302226439118385 0.018302226439118385 197.08401489257812
0.018171973526477814 0.018171973526477814 202.47036743164062
0.018189705908298492 0.018189705908298492 194.82110595703125
0.01806093007326126 0.01806093007326126 196.64175415039062
0.018188616260886192 0.018188616260886192 195.37738037109375
0.017987988889217377 0.017987988889217377 197.66128540039062
0.017494788393378258 0.017494788393378258 198.9148712158203
0.018542353063821793 0.018542353063821793 196.61270141601562
0.01830071397125721 0.01830071397125721 199.61672973632812
0.018855445086956024 0.018855445086956024 198.70120239257812
0.018069734796881676 0.018069734796881676 197.98370361328125
0.017855748534202576 0.017855748534202576 198.93801879882812
0.018617739900946617 0.018617739900946617 195.56106567382812
0.017869357019662857 0.017869357019662857 195.0529022216797
0.01830652356147766 0.01830652356147766 198.2195587158203
0.018029673025012016 0.018029673025012016 197.25851440429688
0.017330536618828773 0.017330536618828773 201.1524658203125
0.019551731646060944 0.019551731646060944 198.9908447265625
0.01813345029950142 0.01813345029950142 197.67091369628906
0.01853756606578827 0.01853756606578827 200.52182006835938
0.017009079456329346 0.017009079456329346 199.500244140625
0.019078556448221207 0.019078556448221207 195.9246063232422
0.016939828172326088 0.016939828172326088 192.71017456054688
0.017331689596176147 0.017331689596176147 198.64016723632812
0.016431108117103577 0.016431108117103577 194.19186401367188
0.017417430877685547 0.017417430877685547 199.96170043945312
0.01704396679997444 0.01704396679997444 196.818603515625
0.017846912145614624 0.017846912145614624 194.22882080078125
0.018345408141613007 0.018345408141613007 203.2984161376953
0.017174437642097473 0.017174437642097473 199.95962524414062
0.016221217811107635 0.016221217811107635 196.39492797851562
0.018718374893069267 0.018718374893069267 201.98883056640625
0.016899649053812027 0.016899649053812027 200.00210571289062
0.018407616764307022 0.018407616764307022 203.60736083984375
0.01808074489235878 0.01808074489235878 197.66552734375
0.01739664189517498 0.01739664189517498 201.79400634765625
0.018643056973814964 0.018643056973814964 202.7491912841797
0.018446268513798714 0.018446268513798714 203.092041015625
0.01651955023407936 0.01651955023407936 203.8302001953125
0.01594984158873558 0.01594984158873558 201.58892822265625
0.017681369557976723 0.017681369557976723 199.78079223632812
0.01782025396823883 0.01782025396823883 199.19566345214844
0.017891744151711464 0.017891744151711464 204.0860595703125
0.01674051769077778 0.01674051769077778 198.3163604736328
0.01722259633243084 0.01722259633243084 203.38259887695312
0.016988277435302734 0.016988277435302734 200.35244750976562
0.016795597970485687 0.016795597970485687 206.69615173339844
0.018482673913240433 0.018482673913240433 198.56039428710938
0.018517978489398956 0.018517978489398956 198.20741271972656
0.01701555773615837 0.01701555773615837 197.91795349121094
0.018709439784288406 0.018709439784288406 202.7119598388672
0.016477342694997787 0.016477342694997787 198.98028564453125
0.01725662685930729 0.01725662685930729 201.84158325195312
0.016102071851491928 0.016102071851491928 200.3020782470703
0.016616959124803543 0.016616959124803543 203.1179962158203
0.015703659504652023 0.015703659504652023 199.93209838867188
0.016582198441028595 0.016582198441028595 200.11798095703125
0.015191417187452316 0.015191417187452316 204.08973693847656
0.01755332574248314 0.01755332574248314 204.32339477539062
0.016127048060297966 0.016127048060297966 204.84031677246094
0.01733972504734993 0.01733972504734993 200.8832550048828
0.017987258732318878 0.017987258732318878 201.55886840820312
0.015809936448931694 0.015809936448931694 199.15789794921875
0.017216701060533524 0.017216701060533524 203.94171142578125
0.018070079386234283 0.018070079386234283 205.22900390625
0.01776175945997238 0.01776175945997238 204.62454223632812
0.01642342284321785 0.01642342284321785 203.33758544921875
0.016633842140436172 0.016633842140436172 204.0819091796875
0.016372622922062874 0.016372622922062874 206.9432373046875
0.01722472906112671 0.01722472906112671 203.1524200439453
0.014935767278075218 0.014935767278075218 203.95785522460938
0.016841718927025795 0.016841718927025795 203.87998962402344
0.016667962074279785 0.016667962074279785 204.673095703125
0.01554138958454132 0.01554138958454132 205.8236083984375
0.017130713909864426 0.017130713909864426 201.79762268066406
0.015740884467959404 0.015740884467959404 207.97344970703125
0.01734982430934906 0.01734982430934906 201.58694458007812
0.016852982342243195 0.016852982342243195 206.57305908203125
0.015809550881385803 0.015809550881385803 201.41317749023438
0.01777259260416031 0.01777259260416031 199.4185333251953
0.01772402413189411 0.01772402413189411 203.21463012695312
0.015542803332209587 0.015542803332209587 203.75018310546875
0.01823948323726654 0.01823948323726654 201.71597290039062
0.015824146568775177 0.015824146568775177 202.93759155273438
0.016753913834691048 0.016753913834691048 203.9857635498047
0.01592915505170822 0.01592915505170822 201.4771728515625
0.016858935356140137 0.016858935356140137 201.20407104492188
0.01613522320985794 0.01613522320985794 204.0692138671875
0.01795800030231476 0.01795800030231476 205.57937622070312
0.017013845965266228 0.017013845965266228 202.3900146484375
0.01697755977511406 0.01697755977511406 204.6196746826172
0.015887994319200516 0.015887994319200516 204.20712280273438
0.015170964412391186 0.015170964412391186 204.4490203857422
0.016403984278440475 0.016403984278440475 208.08465576171875
0.01741003803908825 0.01741003803908825 206.26437377929688
0.01711229793727398 0.01711229793727398 211.149658203125
0.016628175973892212 0.016628175973892212 202.56622314453125
0.01598721742630005 0.01598721742630005 202.6603240966797
0.015103419311344624 0.015103419311344624 203.66018676757812
0.016075992956757545 0.016075992956757545 204.12631225585938
0.014780892059206963 0.014780892059206963 207.05303955078125
0.014856995083391666 0.014856995083391666 207.70948791503906
0.015537726692855358 0.015537726692855358 207.6158447265625
0.01614435948431492 0.01614435948431492 202.52586364746094
0.015367945656180382 0.015367945656180382 205.65211486816406
0.015083933249115944 0.015083933249115944 206.939453125
0.015193786472082138 0.015193786472082138 202.14230346679688
0.015816055238246918 0.015816055238246918 204.80072021484375
0.015947092324495316 0.015947092324495316 204.32852172851562
0.016506429761648178 0.016506429761648178 201.28732299804688
0.015588837675750256 0.015588837675750256 203.3174285888672
0.015887942165136337 0.015887942165136337 206.5569305419922
0.016331834718585014 0.016331834718585014 207.211181640625
0.016239210963249207 0.016239210963249207 206.42276000976562
0.015526574105024338 0.015526574105024338 209.1736297607422
0.01688458025455475 0.01688458025455475 210.41848754882812
0.014826521277427673 0.014826521277427673 204.94851684570312
0.015498326160013676 0.015498326160013676 210.23931884765625
0.01560128666460514 0.01560128666460514 206.60084533691406
0.016321389004588127 0.016321389004588127 208.62319946289062
0.017167426645755768 0.017167426645755768 209.97274780273438
0.01594698429107666 0.01594698429107666 209.3836669921875
0.01660691574215889 0.01660691574215889 202.7587432861328
0.015055341646075249 0.015055341646075249 203.290283203125
0.014584096148610115 0.014584096148610115 207.70440673828125
0.01540891733020544 0.01540891733020544 208.7347412109375
0.014533997513353825 0.014533997513353825 210.1180419921875
0.01595011167228222 0.01595011167228222 205.03964233398438
0.014110361225903034 0.014110361225903034 209.2216796875
0.01627378910779953 0.01627378910779953 208.10772705078125
0.01568644680082798 0.01568644680082798 209.3186492919922
0.013999260030686855 0.013999260030686855 208.17025756835938
0.01440836489200592 0.01440836489200592 211.29449462890625
0.01533447951078415 0.01533447951078415 204.2480010986328
0.015357468277215958 0.015357468277215958 208.711181640625
0.015752524137496948 0.015752524137496948 208.94642639160156
0.015341679565608501 0.015341679565608501 206.6817626953125
0.01738882064819336 0.01738882064819336 209.70407104492188
0.014919264242053032 0.014919264242053032 212.00830078125
0.015308980830013752 0.015308980830013752 208.34149169921875
0.015608341433107853 0.015608341433107853 212.57839965820312
0.015944775193929672 0.015944775193929672 212.94610595703125
0.014423773624002934 0.014423773624002934 207.04898071289062
0.015970449894666672 0.015970449894666672 208.23074340820312
0.014979200437664986 0.014979200437664986 208.55508422851562
0.0157165564596653 0.0157165564596653 207.5392303466797
0.016043497249484062 0.016043497249484062 210.77935791015625
0.014274328015744686 0.014274328015744686 210.20057678222656
0.015426277182996273 0.015426277182996273 206.38034057617188
0.01682663895189762 0.01682663895189762 208.9583740234375
0.01594550721347332 0.01594550721347332 210.7218475341797
0.0156354121863842 0.0156354121863842 208.9213104248047
0.014202019199728966 0.014202019199728966 208.82196044921875
0.01525241881608963 0.01525241881608963 208.13829040527344
0.014782551676034927 0.014782551676034927 209.88414001464844
0.01451682299375534 0.01451682299375534 212.86724853515625
0.013280299492180347 0.013280299492180347 212.7020263671875
0.014154225587844849 0.014154225587844849 207.489013671875
0.016333796083927155 0.016333796083927155 211.05723571777344
0.01450414303690195 0.01450414303690195 210.05421447753906
0.014414642006158829 0.014414642006158829 208.058349609375
0.014776580035686493 0.014776580035686493 209.30517578125
0.015750331804156303 0.015750331804156303 210.4987335205078
0.014625858515501022 0.014625858515501022 216.52926635742188
0.013879475183784962 0.013879475183784962 209.18295288085938
0.016114935278892517 0.016114935278892517 205.72213745117188
0.016029298305511475 0.016029298305511475 211.3188018798828
0.015486507676541805 0.015486507676541805 210.9073028564453
0.015302058309316635 0.015302058309316635 214.34231567382812
0.015542840585112572 0.015542840585112572 214.08544921875
0.014772802591323853 0.014772802591323853 209.16970825195312
0.014224967919290066 0.014224967919290066 214.1537322998047
0.016230028122663498 0.016230028122663498 215.87014770507812
0.013809576630592346 0.013809576630592346 215.01248168945312
0.015111745335161686 0.015111745335161686 209.15673828125
0.014326129108667374 0.014326129108667374 214.57296752929688
0.014551135711371899 0.014551135711371899 210.8716278076172
0.014753738418221474 0.014753738418221474 212.79391479492188
0.014016442932188511 0.014016442932188511 211.3402099609375
0.015472771599888802 0.015472771599888802 211.1691131591797
0.014854459092020988 0.014854459092020988 212.8350830078125
0.014358396641910076 0.014358396641910076 212.1531524658203
0.014667753130197525 0.014667753130197525 208.52914428710938
0.01479812990874052 0.01479812990874052 207.8301544189453
0.01638653129339218 0.01638653129339218 211.82513427734375
0.01587873324751854 0.01587873324751854 208.28817749023438
0.015064763836562634 0.015064763836562634 213.86761474609375
0.014016224071383476 0.014016224071383476 212.7821044921875
0.013290662318468094 0.013290662318468094 217.39047241210938
0.014565532095730305 0.014565532095730305 212.03538513183594
0.014677898958325386 0.014677898958325386 213.0390625
0.01420543808490038 0.01420543808490038 215.39300537109375
0.016104398295283318 0.016104398295283318 211.06692504882812
0.014797000214457512 0.014797000214457512 211.84857177734375
0.014637058600783348 0.014637058600783348 214.90357971191406
0.01463058590888977 0.01463058590888977 216.29653930664062
0.013769703917205334 0.013769703917205334 213.84658813476562
0.015076152980327606 0.015076152980327606 214.75143432617188
0.013471492566168308 0.013471492566168308 213.89222717285156
0.014512697234749794 0.014512697234749794 218.44497680664062
0.015146728605031967 0.015146728605031967 216.0113067626953
0.015658574178814888 0.015658574178814888 214.96200561523438
0.014557493850588799 0.014557493850588799 214.03152465820312
0.013999160379171371 0.013999160379171371 214.12173461914062
0.01424424722790718 0.01424424722790718 217.63040161132812
0.014595553278923035 0.014595553278923035 212.36782836914062
0.013691406697034836 0.013691406697034836 219.20843505859375
0.014495128765702248 0.014495128765702248 214.24691772460938
0.014030784368515015 0.014030784368515015 211.9988555908203
0.01455949991941452 0.01455949991941452 214.0664520263672
0.014098308980464935 0.014098308980464935 210.78500366210938
0.01362944021821022 0.01362944021821022 216.30531311035156
0.013293527998030186 0.013293527998030186 213.86231994628906
0.014010488986968994 0.014010488986968994 209.88150024414062
0.014024867676198483 0.014024867676198483 215.59353637695312
0.014371421188116074 0.014371421188116074 212.83218383789062
0.013431902043521404 0.013431902043521404 213.17630004882812
0.014745504595339298 0.014745504595339298 214.08474731445312
0.013350352644920349 0.013350352644920349 214.85194396972656
0.013001712039113045 0.013001712039113045 216.0305938720703
0.01421563234180212 0.01421563234180212 212.18624877929688
0.01434958167374134 0.01434958167374134 220.5152587890625
0.013716969639062881 0.013716969639062881 220.0328826904297
0.013669196516275406 0.013669196516275406 213.04241943359375
0.013485549949109554 0.013485549949109554 221.32379150390625
0.014422595500946045 0.014422595500946045 218.25552368164062
0.014600146561861038 0.014600146561861038 214.08021545410156
0.01436726562678814 0.01436726562678814 216.5352783203125
0.01374809630215168 0.01374809630215168 213.68624877929688
0.013845614157617092 0.013845614157617092 215.9872283935547
0.013357164338231087 0.013357164338231087 216.48129272460938
0.014946090057492256 0.014946090057492256 215.27294921875
0.014741567894816399 0.014741567894816399 215.19967651367188
0.013428779318928719 0.013428779318928719 214.8093719482422
0.013592313043773174 0.013592313043773174 212.49819946289062
0.013891158625483513 0.013891158625483513 212.87451171875
0.014177793636918068 0.014177793636918068 212.70851135253906
0.015306680463254452 0.015306680463254452 216.3523406982422
0.012719711288809776 0.012719711288809776 220.43634033203125
0.013568272814154625 0.013568272814154625 212.79617309570312
0.01401958242058754 0.01401958242058754 218.87704467773438
0.013322336599230766 0.013322336599230766 215.49020385742188
0.015189527533948421 0.015189527533948421 219.78765869140625
0.013344202190637589 0.013344202190637589 217.08819580078125
0.014633222483098507 0.014633222483098507 218.35308837890625
0.014694483019411564 0.014694483019411564 218.30728149414062
0.013214590959250927 0.013214590959250927 219.36309814453125
0.013148888945579529 0.013148888945579529 219.232666015625
0.013552574440836906 0.013552574440836906 215.6907958984375
0.013437109999358654 0.013437109999358654 217.2081298828125
0.013406975194811821 0.013406975194811821 217.9982452392578
0.014388056471943855 0.014388056471943855 218.21337890625
0.014307713136076927 0.014307713136076927 218.326904296875
0.01365144457668066 0.01365144457668066 218.28990173339844
0.013507379218935966 0.013507379218935966 219.48040771484375
0.0124792056158185 0.0124792056158185 218.7176513671875
0.01444847509264946 0.01444847509264946 218.79086303710938
0.013454481959342957 0.013454481959342957 218.9649200439453
0.01296799723058939 0.01296799723058939 217.39854431152344
0.014002926647663116 0.014002926647663116 213.86175537109375
0.014151478186249733 0.014151478186249733 212.30728149414062
0.014024571515619755 0.014024571515619755 215.6256103515625
0.012106435373425484 0.012106435373425484 219.6187286376953
0.01418693084269762 0.01418693084269762 216.64047241210938
0.013071339577436447 0.013071339577436447 217.95819091796875
0.012981862761080265 0.012981862761080265 224.26705932617188
0.01500195637345314 0.01500195637345314 216.81417846679688
0.013193679973483086 0.013193679973483086 214.77835083007812
0.015297509729862213 0.015297509729862213 219.79969787597656
0.013228122144937515 0.013228122144937515 218.23162841796875
0.014705438166856766 0.014705438166856766 216.4429931640625
0.014161108061671257 0.014161108061671257 217.23802185058594
0.014101086184382439 0.014101086184382439 218.85989379882812
0.014094854705035686 0.014094854705035686 219.88827514648438
0.012230300344526768 0.012230300344526768 221.38482666015625
0.013003461062908173 0.013003461062908173 217.1471405029297
0.013455739244818687 0.013455739244818687 221.54122924804688
0.013423936441540718 0.013423936441540718 221.00604248046875
0.014206591993570328 0.014206591993570328 217.66476440429688
0.015013530850410461 0.015013530850410461 213.81944274902344
0.01371304877102375 0.01371304877102375 223.73251342773438
0.013715446926653385 0.013715446926653385 221.22064208984375
0.013245418667793274 0.013245418667793274 221.59686279296875
0.012733520939946175 0.012733520939946175 219.0260009765625
0.013057700358331203 0.013057700358331203 224.27520751953125
0.012921690940856934 0.012921690940856934 219.87367248535156
0.014170053415000439 0.014170053415000439 219.06460571289062
0.013936241157352924 0.013936241157352924 220.79150390625
0.013166583143174648 0.013166583143174648 218.73342895507812
0.013130471110343933 0.013130471110343933 216.83566284179688
0.014594674110412598 0.014594674110412598 222.8970489501953
0.012613719329237938 0.012613719329237938 221.1800994873047
0.013313569128513336 0.013313569128513336 219.10992431640625
0.013193599879741669 0.013193599879741669 224.51092529296875
0.013047080487012863 0.013047080487012863 220.97775268554688
0.013245665468275547 0.013245665468275547 221.46713256835938
0.013650145381689072 0.013650145381689072 216.71884155273438
0.014753900468349457 0.014753900468349457 218.70526123046875
0.012942619621753693 0.012942619621753693 217.75674438476562
0.014071342535316944 0.014071342535316944 218.16177368164062
0.012749696150422096 0.012749696150422096 222.88177490234375
0.013899369165301323 0.013899369165301323 220.734619140625
0.013872398063540459 0.013872398063540459 219.92254638671875
0.013117250986397266 0.013117250986397266 220.262939453125
0.014574816450476646 0.014574816450476646 221.38323974609375
0.012416861020028591 0.012416861020028591 219.3728485107422
0.013071702793240547 0.013071702793240547 214.4961395263672
0.013204369693994522 0.013204369693994522 224.42398071289062
0.012622257694602013 0.012622257694602013 218.93551635742188
0.012946493923664093 0.012946493923664093 221.99285888671875
0.011991355568170547 0.011991355568170547 224.37574768066406
0.012938822619616985 0.012938822619616985 222.28440856933594
0.012063687667250633 0.012063687667250633 215.28256225585938
0.013487620279192924 0.013487620279192924 218.14613342285156
0.013591094873845577 0.013591094873845577 221.53231811523438
0.013372236862778664 0.013372236862778664 221.55316162109375
0.01272959541529417 0.01272959541529417 222.168212890625
0.013005893677473068 0.013005893677473068 221.51585388183594
0.012977160513401031 0.012977160513401031 222.99757385253906
0.012781308963894844 0.012781308963894844 222.82797241210938
0.012007755227386951 0.012007755227386951 220.3790283203125
0.012238441035151482 0.012238441035151482 220.56536865234375
0.012870282866060734 0.012870282866060734 222.33853149414062
0.013621553778648376 0.013621553778648376 222.04232788085938
0.013316011056303978 0.013316011056303978 220.5682373046875
0.012943853624165058 0.012943853624165058 222.48399353027344
0.013282371684908867 0.013282371684908867 219.5955047607422
0.012743271887302399 0.012743271887302399 225.3785400390625
0.011559141799807549 0.011559141799807549 222.65380859375
0.011522511020302773 0.011522511020302773 221.14291381835938
0.013842040672898293 0.013842040672898293 222.03399658203125
0.012882860377430916 0.012882860377430916 224.4224090576172
0.013437652960419655 0.013437652960419655 225.7349090576172
0.012743120081722736 0.012743120081722736 220.35191345214844
0.013233974575996399 0.013233974575996399 225.2797088623047
0.013040094636380672 0.013040094636380672 221.78623962402344
0.013153746724128723 0.013153746724128723 219.52685546875
0.01192257460206747 0.01192257460206747 229.34608459472656
0.01303885132074356 0.01303885132074356 222.6165771484375
0.013232149183750153 0.013232149183750153 226.57119750976562
0.013420512899756432 0.013420512899756432 226.6813201904297
0.011760453693568707 0.011760453693568707 225.45809936523438
0.013223385438323021 0.013223385438323021 223.05194091796875
0.013350825756788254 0.013350825756788254 223.7962188720703
0.012632708065211773 0.012632708065211773 225.68075561523438
0.012299751862883568 0.012299751862883568 220.90162658691406
0.012967178598046303 0.012967178598046303 225.63467407226562
0.014577404595911503 0.014577404595911503 226.28707885742188
0.013028306886553764 0.013028306886553764 226.978271484375
0.012514057569205761 0.012514057569205761 222.49795532226562
0.012352079153060913 0.012352079153060913 224.4010467529297
0.013748236000537872 0.013748236000537872 219.28485107421875
0.013344449922442436 0.013344449922442436 222.90286254882812
0.011520858854055405 0.011520858854055405 225.34934997558594
0.012324497103691101 0.012324497103691101 222.06146240234375
0.012443840503692627 0.012443840503692627 219.40357971191406
0.013063663616776466 0.013063663616776466 228.03469848632812
0.01264684833586216 0.01264684833586216 216.54190063476562
0.01184381078928709 0.01184381078928709 226.0435028076172
0.011985896155238152 0.011985896155238152 223.5791778564453
0.01303568109869957 0.01303568109869957 223.59188842773438
0.013301805593073368 0.013301805593073368 223.7926025390625
0.011409442871809006 0.011409442871809006 226.9182891845703
0.013769859448075294 0.013769859448075294 227.03948974609375
0.01193743571639061 0.01193743571639061 225.5220184326172
0.012442928738892078 0.012442928738892078 225.18634033203125
0.012047057040035725 0.012047057040035725 224.11532592773438
0.013233175501227379 0.013233175501227379 220.20187377929688
0.012740159407258034 0.012740159407258034 227.31976318359375
0.011170648969709873 0.011170648969709873 229.89474487304688
0.012410322204232216 0.012410322204232216 227.75714111328125
0.012277457863092422 0.012277457863092422 230.2690887451172
0.012071583420038223 0.012071583420038223 226.22930908203125
0.012205820530653 0.012205820530653 227.4687042236328
0.01252247579395771 0.01252247579395771 222.99737548828125
0.011912768706679344 0.011912768706679344 222.5914764404297
0.0134290661662817 0.0134290661662817 219.18148803710938
0.01170117687433958 0.01170117687433958 227.27102661132812
0.01164424791932106 0.01164424791932106 227.55224609375
0.013176367618143559 0.013176367618143559 226.17779541015625
0.012391319498419762 0.012391319498419762 221.78366088867188
0.0118136927485466 0.0118136927485466 227.38702392578125
0.01235966570675373 0.01235966570675373 221.6060791015625
0.012403039261698723 0.012403039261698723 226.82061767578125
0.012519285082817078 0.012519285082817078 226.3831787109375
0.01158122718334198 0.01158122718334198 229.005126953125
0.012000586837530136 0.012000586837530136 227.9374542236328
0.012642176821827888 0.012642176821827888 227.57696533203125
0.01162119209766388 0.01162119209766388 230.97494506835938
0.012453636154532433 0.012453636154532433 226.3338623046875
0.012691108509898186 0.012691108509898186 227.6195068359375
0.01261834055185318 0.01261834055185318 225.79714965820312
0.011203844100236893 0.011203844100236893 227.59152221679688
0.012924799695611 0.012924799695611 220.72036743164062
0.012233823537826538 0.012233823537826538 222.3221435546875
0.012790489010512829 0.012790489010512829 219.47195434570312
0.01235993206501007 0.01235993206501007 228.50051879882812
0.011998496949672699 0.011998496949672699 224.57684326171875
0.012407394126057625 0.012407394126057625 228.70968627929688
0.012844404205679893 0.012844404205679893 221.43099975585938
0.011841259896755219 0.011841259896755219 220.058837890625
0.01180289313197136 0.01180289313197136 229.5369873046875
0.011998454108834267 0.011998454108834267 221.4821319580078
0.012408597394824028 0.012408597394824028 229.61233520507812
0.012416033074259758 0.012416033074259758 225.08021545410156
0.012483526021242142 0.012483526021242142 229.89910888671875
0.011999605223536491 0.011999605223536491 226.8751220703125
0.01159924641251564 0.01159924641251564 225.80776977539062
0.011760944500565529 0.011760944500565529 229.2284393310547
0.012729862704873085 0.012729862704873085 225.2926025390625
0.011647362262010574 0.011647362262010574 226.8775634765625
0.012408621609210968 0.012408621609210968 229.80148315429688
0.013422328047454357 0.013422328047454357 231.34861755371094
0.012895353138446808 0.012895353138446808 225.20094299316406
0.01345144771039486 0.01345144771039486 230.21597290039062
0.011984625831246376 0.011984625831246376 224.16688537597656
0.012171890586614609 0.012171890586614609 222.58950805664062
0.012315970845520496 0.012315970845520496 223.0608673095703
0.012450862675905228 0.012450862675905228 228.026611328125
0.01204417459666729 0.01204417459666729 226.76300048828125
0.012399079278111458 0.012399079278111458 229.68600463867188
0.011558480560779572 0.011558480560779572 228.4652099609375
0.011946851387619972 0.011946851387619972 227.94956970214844
0.012538660317659378 0.012538660317659378 230.24880981445312
0.011862444691359997 0.011862444691359997 227.55819702148438
0.012173229828476906 0.012173229828476906 226.734619140625
0.011615265160799026 0.011615265160799026 228.09429931640625
0.012601485475897789 0.012601485475897789 227.31979370117188
0.011532627046108246 0.011532627046108246 224.55972290039062
0.011876171454787254 0.011876171454787254 226.23629760742188
0.012111618183553219 0.012111618183553219 225.54547119140625
0.01131398230791092 0.01131398230791092 229.22445678710938
0.011941488832235336 0.011941488832235336 227.38815307617188
0.0121289798989892 0.0121289798989892 226.21533203125
0.012143329717218876 0.012143329717218876 227.09591674804688
0.01215103454887867 0.01215103454887867 228.1377716064453
0.01261882483959198 0.01261882483959198 225.85964965820312
0.012847566977143288 0.012847566977143288 226.70135498046875
0.012866511940956116 0.012866511940956116 224.1182098388672
0.011495386250317097 0.011495386250317097 226.07171630859375
0.010944470763206482 0.010944470763206482 225.49581909179688
0.012934479862451553 0.012934479862451553 231.50794982910156
0.01173446886241436 0.01173446886241436 228.9293975830078
0.011633879505097866 0.011633879505097866 225.64639282226562
0.012520291842520237 0.012520291842520237 222.7093505859375
0.011162854731082916 0.011162854731082916 228.35684204101562
0.01161281205713749 0.01161281205713749 226.27090454101562
0.01250324584543705 0.01250324584543705 226.2173309326172
0.012932179495692253 0.012932179495692253 227.25613403320312
0.011940430849790573 0.011940430849790573 226.635986328125
0.011329574510455132 0.011329574510455132 225.22946166992188
0.012431208044290543 0.012431208044290543 227.68995666503906
0.012125413864850998 0.012125413864850998 221.5913543701172
0.011971401050686836 0.011971401050686836 230.27870178222656
0.01191423274576664 0.01191423274576664 228.6622314453125
0.011256927624344826 0.011256927624344826 231.86416625976562
0.011887017637491226 0.011887017637491226 228.906494140625
0.011152880266308784 0.011152880266308784 228.506591796875
0.011652392335236073 0.011652392335236073 230.5965118408203
0.012034459970891476 0.012034459970891476 234.1245574951172
0.010894128121435642 0.010894128121435642 230.38873291015625
0.011470086872577667 0.011470086872577667 229.622314453125
0.010645143687725067 0.010645143687725067 229.1251983642578
