0.33072173595428467 0.2690366804599762 12.337013244628906
0.2879789173603058 0.24619725346565247 8.356331825256348
0.2713952660560608 0.2355155646800995 7.175943374633789
0.25797557830810547 0.224338561296463 6.727404594421387
0.2691534161567688 0.23626559972763062 6.577566146850586
0.25305813550949097 0.22097763419151306 6.416098594665527
0.24098153412342072 0.20948821306228638 6.29866361618042
0.2321356236934662 0.2024679183959961 5.933539867401123
0.22676177322864532 0.1972154676914215 5.909262180328369
0.21949344873428345 0.19159068167209625 5.580554008483887
0.21000376343727112 0.18459394574165344 5.081964492797852
0.2039082944393158 0.17999935150146484 4.781789779663086
0.19229529798030853 0.16865912079811096 4.727236747741699
0.19600152969360352 0.17416930198669434 4.366445064544678
0.18372641503810883 0.16258510947227478 4.228261947631836
0.1762458235025406 0.1559610664844513 4.056951999664307
0.17704886198043823 0.1571899652481079 3.971780776977539
0.1592625081539154 0.14022371172904968 3.807760238647461
0.16556832194328308 0.147067129611969 3.700240135192871
0.1578441709280014 0.13989335298538208 3.5901641845703125
0.1544518917798996 0.13724380731582642 3.441617012023926
0.1504078209400177 0.1337447464466095 3.332613468170166
0.1452222317457199 0.12946659326553345 3.1511282920837402
0.14326968789100647 0.12752526998519897 3.1488847732543945
0.13640105724334717 0.12098684906959534 3.082841157913208
0.1335020512342453 0.1185949370265007 2.981421709060669
0.13106603920459747 0.11687738448381424 2.83773136138916
0.1277260184288025 0.11429588496685028 2.686025619506836
0.12532201409339905 0.11130282282829285 2.803838014602661
0.12484458833932877 0.11139479279518127 2.6899590492248535
0.11544866114854813 0.10335865616798401 2.4180006980895996
0.11347653716802597 0.10160782188177109 2.3737425804138184
0.12477636337280273 0.1121019572019577 2.5348806381225586
0.11206995695829391 0.10004784166812897 2.404423713684082
0.11313288658857346 0.10166086256504059 2.294405460357666
0.11763731390237808 0.10640379041433334 2.2467041015625
0.11500409990549088 0.10392507910728455 2.2158045768737793
0.11145837604999542 0.10017713904380798 2.2562475204467773
0.10710863023996353 0.09693347662687302 2.0350303649902344
0.10460153967142105 0.09470803290605545 1.9787017107009888
0.10021224617958069 0.09023000299930573 1.996448278427124
0.10370248556137085 0.09390121698379517 1.9602540731430054
0.10661937296390533 0.09658368676900864 2.0071372985839844
0.10478470474481583 0.09542524069547653 1.8718922138214111
0.09796398133039474 0.0892561748623848 1.7415611743927002
0.09783808141946793 0.08888551592826843 1.7905125617980957
0.09999732673168182 0.09159979969263077 1.6795053482055664
0.09733088314533234 0.08858896046876907 1.748384714126587
0.09796428680419922 0.08987323939800262 1.6182092428207397
0.09696481376886368 0.08895212411880493 1.6025382280349731
0.09827687591314316 0.09020403027534485 1.6145691871643066
0.09180782735347748 0.08386701345443726 1.588163137435913
0.09838609397411346 0.09037026017904282 1.6031665802001953
0.09266545623540878 0.08517236262559891 1.498618721961975
0.09409086406230927 0.08654282987117767 1.5096075534820557
0.08990241587162018 0.08214285969734192 1.55191171169281
0.09050922095775604 0.08333897590637207 1.4340484142303467
0.08964204043149948 0.08275841921567917 1.3767236471176147
0.09024138748645782 0.08321941643953323 1.404394507408142
0.0877533033490181 0.08114282786846161 1.3220946788787842
0.09108240902423859 0.08389398455619812 1.4376850128173828
0.08699455857276917 0.08023145794868469 1.352620244026184
0.08844219148159027 0.08185608685016632 1.31722092628479
0.08682327717542648 0.08008880913257599 1.3468931913375854
0.08705481886863708 0.08054833114147186 1.3012981414794922
0.08897428959608078 0.08240527659654617 1.3138022422790527
0.09131836146116257 0.08514483273029327 1.234705924987793
0.08431029319763184 0.07812127470970154 1.23780357837677
0.08447160571813583 0.07807169109582901 1.279982328414917
0.08525919169187546 0.07954984158277512 1.1418702602386475
0.07999911159276962 0.07402127981185913 1.1955664157867432
0.08592838048934937 0.08020327985286713 1.1450204849243164
0.08465022593736649 0.07911668717861176 1.1067081689834595
0.08568558096885681 0.08013513684272766 1.1100883483886719
0.076573945581913 0.0708559900522232 1.1435916423797607
0.08181172609329224 0.07634369283914566 1.093606948852539
0.07660986483097076 0.07066430151462555 1.1891121864318848
0.08316406607627869 0.07763554155826569 1.1057052612304688
0.07931312918663025 0.07379893958568573 1.1028380393981934
0.07710344344377518 0.07166948914527893 1.0867908000946045
0.0787520706653595 0.0735400915145874 1.0423961877822876
0.07749045640230179 0.07202363759279251 1.093363881111145
0.08202531933784485 0.07662846148014069 1.0793709754943848
0.0776246041059494 0.07226994633674622 1.0709309577941895
0.08375123888254166 0.07847588509321213 1.0550713539123535
0.07856015861034393 0.07317385822534561 1.0772594213485718
0.08133479207754135 0.07613782584667206 1.039393424987793
0.0784682184457779 0.07292880117893219 1.1078834533691406
0.0770779699087143 0.07185714691877365 1.0441648960113525
0.07833605259656906 0.07317633181810379 1.031943917274475
0.07620040327310562 0.07129061222076416 0.98195880651474
0.07867449522018433 0.07345079630613327 1.0447391271591187
0.07538006454706192 0.0705144852399826 0.9731165766716003
0.0805726870894432 0.07564286887645721 0.9859634041786194
0.07356714457273483 0.06817806512117386 1.0778164863586426
0.0763770192861557 0.07108136266469955 1.059131383895874
0.07477334141731262 0.06967803090810776 1.01906156539917
0.07794955372810364 0.07293105125427246 1.003700852394104
0.0711044892668724 0.06614449620246887 0.9919986724853516
0.0773630365729332 0.07253937423229218 0.9647330045700073
0.07122375816106796 0.06638951599597931 0.9668481349945068
0.07526442408561707 0.07037292420864105 0.9782995581626892
0.07036398351192474 0.06535957753658295 1.0008809566497803
0.0704735666513443 0.0654616504907608 1.0023829936981201
0.07249301671981812 0.06740670651197433 1.0172615051269531
0.07451695948839188 0.06949029862880707 1.0053318738937378
0.07374803721904755 0.06886953115463257 0.9757016897201538
0.0700942799448967 0.06486183404922485 1.0464893579483032
0.07452927529811859 0.06947062909603119 1.0117299556732178
0.06777329742908478 0.062445320188999176 1.0655958652496338
0.06967885047197342 0.06473100930452347 0.9895676970481873
0.06817588210105896 0.06322391331195831 0.9903939962387085
0.06841918081045151 0.06370504200458527 0.9428282976150513
0.06947112083435059 0.06479066610336304 0.936090350151062
0.07068575918674469 0.06609451770782471 0.918248176574707
0.07321742177009583 0.06839051842689514 0.9653803110122681
0.07084713131189346 0.06557328999042511 1.0547688007354736
0.06951846182346344 0.06375883519649506 1.1519255638122559
0.0682363212108612 0.06270944327116013 1.1053760051727295
0.07076018303632736 0.06574264168739319 1.0035083293914795
0.07041138410568237 0.0658889040350914 0.904496431350708
0.06779389828443527 0.06324675679206848 0.9094277024269104
0.06472660601139069 0.06010765582323074 0.9237899780273438
0.06703443825244904 0.0623139888048172 0.9440896511077881
0.06831178069114685 0.06358165293931961 0.9460254907608032
0.06544583290815353 0.06049058213829994 0.9910502433776855
0.06661173701286316 0.06161313131451607 0.9997206926345825
0.07050607353448868 0.06576325744390488 0.9485634565353394
0.07012706995010376 0.06541304290294647 0.9428055286407471
0.06511393934488297 0.06015520915389061 0.9917463660240173
0.06407224386930466 0.05917396396398544 0.9796561002731323
0.061863578855991364 0.05702914297580719 0.9668874144554138
0.07109040021896362 0.066592276096344 0.899624228477478
0.06526406109333038 0.06055308133363724 0.9421956539154053
0.06810654699802399 0.06355097144842148 0.9111154079437256
0.06777192652225494 0.0628466010093689 0.9850648641586304
0.06683248281478882 0.061782337725162506 1.0100289583206177
0.06781332194805145 0.06244643032550812 1.073378086090088
0.06422792375087738 0.05900699645280838 1.0441854000091553
0.0649019405245781 0.06025876849889755 0.928634524345398
0.06485568732023239 0.060459960252046585 0.879145085811615
0.06325706839561462 0.05888018757104874 0.8753763437271118
0.06371713429689407 0.05948662757873535 0.8461018800735474
0.0643584132194519 0.060163795948028564 0.8389230966567993
0.06666942685842514 0.06258026510477066 0.8178328275680542
0.06664937734603882 0.062227457761764526 0.8843836188316345
0.06178100407123566 0.05729477480053902 0.8972456455230713
0.06526697427034378 0.060768693685531616 0.8996555805206299
0.06633218377828598 0.06215526908636093 0.8353836536407471
0.05979013815522194 0.055316757410764694 0.8946762084960938
0.06896724551916122 0.06443175673484802 0.9070980548858643
0.061830777674913406 0.05733451992273331 0.899251401424408
0.06274441629648209 0.05842515826225281 0.8638520240783691
0.06686073541641235 0.06281571835279465 0.809002697467804
0.06231365352869034 0.05812070891261101 0.8385887145996094
0.06478157639503479 0.060263894498348236 0.9035359621047974
0.06533784419298172 0.06085112690925598 0.8973433971405029
0.06607112288475037 0.06155448406934738 0.9033280611038208
0.062357086688280106 0.05813613533973694 0.8441900014877319
0.06433963030576706 0.060431212186813354 0.7816833853721619
0.06022762134671211 0.05625598877668381 0.7943265438079834
0.06211037188768387 0.05798577517271042 0.8249191641807556
0.062431562691926956 0.05813164263963699 0.8599837422370911
0.061375975608825684 0.0568620041012764 0.9027941226959229
0.0601363331079483 0.05564995855093002 0.8972746133804321
0.06682278960943222 0.06274916231632233 0.8147261142730713
0.06357930600643158 0.05940631777048111 0.8345983028411865
0.05947820097208023 0.055307693779468536 0.8341013193130493
0.06224767118692398 0.05824458971619606 0.8006159067153931
0.06848422437906265 0.06470483541488647 0.7558783292770386
0.060288965702056885 0.05627606809139252 0.8025798797607422
0.06556017696857452 0.061550356447696686 0.8019639253616333
0.06382297724485397 0.059558235108852386 0.8529485464096069
0.06005942076444626 0.055757567286491394 0.8603707551956177
0.060935840010643005 0.056878939270973206 0.81138014793396
0.059214673936367035 0.055384378880262375 0.7660588026046753
0.06256591528654099 0.05895098298788071 0.7229862213134766
0.06443943083286285 0.06084698066115379 0.7184892892837524
0.06252560019493103 0.05866609513759613 0.7719017267227173
0.06106695160269737 0.056996189057826996 0.8141528367996216
0.06156720221042633 0.05721577629446983 0.8702853918075562
0.059597089886665344 0.055729158222675323 0.773586094379425
0.05960248038172722 0.05576547980308533 0.7674004435539246
0.0627496987581253 0.05949683114886284 0.65057373046875
0.06269459426403046 0.05920196324586868 0.6985256671905518
0.059782832860946655 0.056018270552158356 0.7529127597808838
0.059589825570583344 0.05549553036689758 0.8188587427139282
0.06076008826494217 0.056483637541532516 0.8552901148796082
0.05835229530930519 0.05451375991106033 0.7677067518234253
0.06149813160300255 0.05814041197299957 0.6715438961982727
0.06279974430799484 0.05969831347465515 0.6202861666679382
0.06265424937009811 0.05901983380317688 0.7268832921981812
0.06226905807852745 0.058510757982730865 0.7516598701477051
0.058868080377578735 0.05468586087226868 0.8364437818527222
0.06131836399435997 0.05737825483083725 0.7880216836929321
0.06185566633939743 0.05855013057589531 0.6611074209213257
0.0584837831556797 0.05511779710650444 0.6731970906257629
0.059490785002708435 0.05625815689563751 0.6465253829956055
0.0594569630920887 0.056081172078847885 0.6751583814620972
0.05816107243299484 0.05442225933074951 0.7477626204490662
0.059863876551389694 0.056139588356018066 0.7448579668998718
0.05922216922044754 0.05557738244533539 0.7289574146270752
0.058635808527469635 0.05500831454992294 0.7254986763000488
0.058811455965042114 0.05533292144536972 0.6957069635391235
0.06288523972034454 0.0595395490527153 0.6691380739212036
0.06247542053461075 0.059197261929512024 0.6556320786476135
0.061518460512161255 0.05797922611236572 0.7078472375869751
0.060499269515275955 0.056797340512275696 0.740385890007019
0.05996779724955559 0.05607443302869797 0.7786727547645569
0.05742025002837181 0.05389177054166794 0.7056958675384521
0.06164013221859932 0.05864502117037773 0.5990219116210938
0.05915932357311249 0.05611911788582802 0.608041524887085
0.057462938129901886 0.054530270397663116 0.5865331888198853
0.059607114642858505 0.05628640204668045 0.6641426086425781
0.06269831210374832 0.05912590026855469 0.7144829034805298
0.06300003826618195 0.05893125385046005 0.8137572407722473
0.059213243424892426 0.05489145219326019 0.8643584847450256
0.057638876140117645 0.05366944521665573 0.7938864827156067
0.06476686894893646 0.06156157702207565 0.6410579681396484
0.0570894256234169 0.05393591895699501 0.6307011842727661
0.06254947185516357 0.059562038630247116 0.5974864363670349
0.06012856587767601 0.05674039572477341 0.6776338815689087
0.05894237384200096 0.05521991848945618 0.7444913387298584
0.06068406254053116 0.057130903005599976 0.7106320261955261
0.05863238126039505 0.054907266050577164 0.7450230121612549
0.060705672949552536 0.05720699205994606 0.6997358798980713
0.06298515945672989 0.05983633175492287 0.6297653913497925
0.06281805783510208 0.05967357009649277 0.6288971900939941
0.057357221841812134 0.05420385301113129 0.6306735277175903
0.062016505748033524 0.058979012072086334 0.6074987053871155
0.057167328894138336 0.05373832583427429 0.6858005523681641
0.0631491169333458 0.059537623077631 0.7222981452941895
0.05855204910039902 0.05509670823812485 0.6910684108734131
0.05927768722176552 0.056090619415044785 0.6374132633209229
0.06032021343708038 0.057158537209033966 0.632335364818573
0.058851782232522964 0.055589497089385986 0.6524571180343628
0.05828869342803955 0.055423349142074585 0.5730686187744141
0.05534033477306366 0.05221613496541977 0.6248401403427124
0.05943426862359047 0.056339893490076065 0.6188750267028809
0.05993223190307617 0.056612081825733185 0.664030134677887
0.06142057850956917 0.05835731700062752 0.6126521229743958
0.059549301862716675 0.05615643039345741 0.6785742044448853
0.055677250027656555 0.05237220600247383 0.6610085368156433
0.05577157437801361 0.0525231771171093 0.6496797800064087
0.05976050719618797 0.05699604004621506 0.5528931617736816
0.05780552327632904 0.05507583171129227 0.5459386706352234
0.059888679534196854 0.05706961080431938 0.5638135075569153
0.058786824345588684 0.05548955500125885 0.6594535112380981
0.059083420783281326 0.055892668664455414 0.638150155544281
0.060564570128917694 0.05747722089290619 0.6174700260162354
0.058739010244607925 0.05592218041419983 0.5633662939071655
0.059846874326467514 0.056926604360342026 0.5840539932250977
0.0588548369705677 0.055964693427085876 0.5780285000801086
0.05884571373462677 0.05597233399748802 0.5746760368347168
0.05960309877991676 0.05652451515197754 0.615716814994812
0.06071196123957634 0.05776252597570419 0.5898869037628174
0.05381235480308533 0.05080394446849823 0.6016820669174194
0.056958429515361786 0.05408277362585068 0.575130820274353
0.05900939926505089 0.05630593001842499 0.5406938195228577
0.05891958624124527 0.056119341403245926 0.5600490570068359
0.0548078678548336 0.05184190720319748 0.593191921710968
0.05776678025722504 0.05471304431557655 0.6107473969459534
0.05914759263396263 0.05619236081838608 0.591046154499054
0.060060903429985046 0.057296015322208405 0.5529775023460388
0.058982014656066895 0.05627741292119026 0.5409201383590698
0.058324117213487625 0.0554252490401268 0.5797738432884216
0.0562799833714962 0.0532815083861351 0.5996949672698975
0.05888853967189789 0.055956631898880005 0.586381733417511
0.05442332476377487 0.051376473158597946 0.6093703508377075
0.06374887377023697 0.06103212386369705 0.5433502197265625
0.055774442851543427 0.05301061272621155 0.5527662038803101
0.05789581686258316 0.05506295710802078 0.5665717124938965
0.0553949810564518 0.05256662145256996 0.5656716823577881
0.0634840652346611 0.060704853385686874 0.5558429956436157
0.057002678513526917 0.05422256141901016 0.5560237169265747
0.05736173689365387 0.054538410156965256 0.5646650791168213
0.053640954196453094 0.05102183297276497 0.5238244533538818
0.055326782166957855 0.05267728865146637 0.5298986434936523
0.06125508248806 0.05886482074856758 0.47805240750312805
0.057803746312856674 0.055128343403339386 0.53508061170578
0.059820227324962616 0.05699623376131058 0.5647985935211182
0.059418030083179474 0.056536003947257996 0.5764051675796509
0.05392433702945709 0.05069214478135109 0.6464382410049438
0.05799403786659241 0.05535592511296272 0.5276225805282593
0.05898195877671242 0.0566367581486702 0.46904027462005615
0.0570068359375 0.05458302050828934 0.48476284742355347
0.05771492421627045 0.055352628231048584 0.4724588394165039
0.05702609941363335 0.05429333820939064 0.5465520620346069
0.058793339878320694 0.055786460638046265 0.6013756990432739
0.0560472309589386 0.05289868265390396 0.6297095417976379
0.055444587022066116 0.05259501188993454 0.569914698600769
0.057523466646671295 0.05491660162806511 0.5213733911514282
0.057370930910110474 0.05485942214727402 0.5023016929626465
0.0576670840382576 0.05505913496017456 0.5215901136398315
0.05635463073849678 0.05387597903609276 0.4957300126552582
0.056679531931877136 0.05404287576675415 0.5273312330245972
0.05801725760102272 0.055277369916439056 0.5479778051376343
0.05746320262551308 0.05465128272771835 0.5623838901519775
0.055154021829366684 0.052350252866744995 0.5607536435127258
0.05682487413287163 0.05413784459233284 0.5374057292938232
0.05568341910839081 0.05306330695748329 0.5240225791931152
0.053046245127916336 0.0506436750292778 0.4805139899253845
0.057797886431217194 0.055305954068899155 0.4983862638473511
0.0608518049120903 0.05824574828147888 0.5212113857269287
0.05609801039099693 0.053372014313936234 0.5451993346214294
0.056940097361803055 0.05412311479449272 0.5633962154388428
0.05878066271543503 0.05586010590195656 0.584111213684082
0.053058795630931854 0.05026214197278023 0.5593305230140686
0.05575985834002495 0.05341150611639023 0.4696706533432007
0.05945245176553726 0.05719718709588051 0.45105305314064026
0.0566757433116436 0.05435224622488022 0.4646992087364197
0.05703207850456238 0.05449267476797104 0.5078810453414917
0.0532345212996006 0.05055046081542969 0.5368121862411499
0.058925215154886246 0.05615117400884628 0.5548079013824463
0.05316906049847603 0.05062595754861832 0.5086206793785095
0.057095445692539215 0.05467129498720169 0.48482999205589294
0.05511346086859703 0.05295898765325546 0.43089449405670166
0.05482645705342293 0.05234890431165695 0.4955104887485504
0.055021293461322784 0.05254834145307541 0.49459028244018555
0.053720634430646896 0.05134902521967888 0.4743221700191498
0.055453430861234665 0.053025610744953156 0.485563725233078
0.05698901414871216 0.0543094202876091 0.5359184741973877
0.05490138381719589 0.05232611671090126 0.5150538086891174
0.05495867133140564 0.05248327553272247 0.49507880210876465
0.05698413774371147 0.054513782262802124 0.4940709173679352
0.057076845318078995 0.05484651029109955 0.4460671544075012
0.0567622035741806 0.054362379014492035 0.47996509075164795
0.056801632046699524 0.054211121052503586 0.5181025862693787
0.05504021421074867 0.05258195102214813 0.4916529059410095
0.05382569879293442 0.05124281346797943 0.516576886177063
0.054967574775218964 0.05259086191654205 0.4753422141075134
0.0554368793964386 0.05295352637767792 0.49667060375213623
0.05558275431394577 0.05302335321903229 0.5118800401687622
0.05813535302877426 0.05574450641870499 0.47816944122314453
0.05685904249548912 0.05418749898672104 0.5343084335327148
0.0559636652469635 0.053629547357559204 0.4668236970901489
0.05226768180727959 0.04988965392112732 0.475605845451355
0.05480620265007019 0.05251563340425491 0.4581140875816345
0.05607903376221657 0.053771886974573135 0.4614295959472656
0.05680910870432854 0.054294854402542114 0.5028505325317383
0.055255357176065445 0.05289291590452194 0.4724884331226349
0.05671832337975502 0.054503679275512695 0.44292882084846497
0.05731222778558731 0.054787538945674896 0.5049378275871277
0.05419675260782242 0.05166112259030342 0.507125735282898
0.05459219962358475 0.052079636603593826 0.5025128126144409
0.05586031451821327 0.053611986339092255 0.4496655762195587
0.05143759399652481 0.04899746924638748 0.48802489042282104
0.05628920719027519 0.05396842956542969 0.46415528655052185
0.056921690702438354 0.05439199134707451 0.505939781665802
0.05677086487412453 0.054524581879377365 0.4492565989494324
0.05543971061706543 0.05290364474058151 0.5072129964828491
0.05627371370792389 0.05379531532526016 0.4956793785095215
0.05590882897377014 0.05344071984291077 0.4936218857765198
0.05197214335203171 0.049506720155477524 0.4930846691131592
0.0542767308652401 0.0519665889441967 0.46202850341796875
0.05459640547633171 0.05228431522846222 0.46241772174835205
0.055508870631456375 0.053198911249637604 0.461991548538208
0.05689132958650589 0.054259032011032104 0.5264596939086914
0.053051695227622986 0.05053197592496872 0.5039440393447876
0.05587683618068695 0.05331921949982643 0.511523425579071
0.059260886162519455 0.05673453211784363 0.5052708387374878
0.055306196212768555 0.05270108953118324 0.5210212469100952
0.055591121315956116 0.053328365087509155 0.45255130529403687
0.05438768118619919 0.051839686930179596 0.5095986127853394
0.05484645441174507 0.052347615361213684 0.49976807832717896
0.057227157056331635 0.054928287863731384 0.45977354049682617
0.05419900268316269 0.05159679427742958 0.5204418301582336
0.057332322001457214 0.054776400327682495 0.5111842751502991
0.05487385392189026 0.052643854171037674 0.446000337600708
0.055489808320999146 0.05331633239984512 0.43469536304473877
0.05746638402342796 0.05511777102947235 0.4697223901748657
0.05462482199072838 0.05239660292863846 0.44564390182495117
0.0576091930270195 0.05530550330877304 0.4607377350330353
0.053159356117248535 0.050748858600854874 0.4820997416973114
0.054710157215595245 0.05250896140933037 0.4402390718460083
0.05500403791666031 0.05252518132328987 0.4957713484764099
0.053346555680036545 0.05109059810638428 0.45119184255599976
0.05503915250301361 0.052699629217386246 0.46790504455566406
0.05189329758286476 0.04981483891606331 0.4156918227672577
0.05821853503584862 0.05615219473838806 0.41326797008514404
0.05883194878697395 0.05642557144165039 0.4812755584716797
0.055838290601968765 0.05303880572319031 0.5598968863487244
0.055742356926202774 0.05314319580793381 0.5198320150375366
0.05252145230770111 0.05022955685853958 0.4583791494369507
0.0578821636736393 0.05567622184753418 0.4411884546279907
0.05846744030714035 0.056018151342868805 0.4898577630519867
0.05557446554303169 0.053063906729221344 0.502112090587616
0.05452917888760567 0.05197986215353012 0.5098636150360107
0.052115291357040405 0.04945915937423706 0.5312261581420898
0.05418344587087631 0.05168474465608597 0.4997401237487793
0.0552685372531414 0.053087763488292694 0.4361545145511627
0.0554608590900898 0.05323943868279457 0.4442838430404663
0.057523131370544434 0.05526074767112732 0.4524766206741333
0.05688716471195221 0.05465551093220711 0.44633054733276367
0.05867553874850273 0.05616068094968796 0.5029715299606323
0.05479314550757408 0.052476994693279266 0.4632300138473511
0.057480406016111374 0.05479709804058075 0.5366613864898682
0.054452091455459595 0.05183113366365433 0.5241913199424744
0.055396668612957 0.052902236580848694 0.4988863468170166
0.05383071303367615 0.051527589559555054 0.4606248736381531
0.06014212593436241 0.05770529806613922 0.48736536502838135
0.0584988035261631 0.056063003838062286 0.4871596693992615
0.058245863765478134 0.05557095631957054 0.5349816083908081
0.05460193753242493 0.051889777183532715 0.5424317717552185
0.054036371409893036 0.05112997442483902 0.5812795162200928
0.05682564154267311 0.05403624475002289 0.5578795671463013
0.05479200556874275 0.05255052074790001 0.4482967257499695
0.05584248527884483 0.053264737129211426 0.515549898147583
0.05925866961479187 0.056656233966350555 0.5204868316650391
0.05489237606525421 0.05225490778684616 0.5274932980537415
0.05202050134539604 0.04953065514564514 0.49796950817108154
0.055431004613637924 0.052843570709228516 0.5174869298934937
0.05446160212159157 0.05189676582813263 0.5129672288894653
0.05366307124495506 0.051162511110305786 0.5001122951507568
0.05283789709210396 0.05050187185406685 0.46720486879348755
0.060942694544792175 0.058508045971393585 0.4869295358657837
0.05593135207891464 0.053498849272727966 0.48650044202804565
0.05356943979859352 0.051455866545438766 0.4227144122123718
0.05093514919281006 0.04862792789936066 0.46144455671310425
0.05237831175327301 0.050255388021469116 0.4245850443840027
0.05541978403925896 0.05331655591726303 0.42064565420150757
0.05487353354692459 0.05249396711587906 0.47591349482536316
0.05283420905470848 0.05067798122763634 0.4312456548213959
0.0519876591861248 0.04972749203443527 0.45203328132629395
0.05206745117902756 0.049719326198101044 0.46962475776672363
0.05403055623173714 0.05139998346567154 0.5261147022247314
0.052809324115514755 0.0505046546459198 0.46093401312828064
0.05740244686603546 0.05522708594799042 0.4350722134113312
0.05599260702729225 0.053438425064086914 0.510836660861969
0.05393096059560776 0.05168578773736954 0.4490342438220978
0.05465804785490036 0.05230593681335449 0.4704223871231079
0.05848202854394913 0.05621877685189247 0.452650249004364
0.053721603006124496 0.051398009061813354 0.46471890807151794
0.054879140108823776 0.05247878283262253 0.4800717830657959
0.052449703216552734 0.05039249360561371 0.4114420413970947
0.05651870369911194 0.054259542375802994 0.4518320560455322
0.05479002743959427 0.052491866052150726 0.4596325755119324
0.05676950886845589 0.05468851327896118 0.4161987900733948
0.056185197085142136 0.053749486804008484 0.487141877412796
0.05755240470170975 0.05504429340362549 0.5016220808029175
0.05344010144472122 0.05126913636922836 0.43419331312179565
0.05565369874238968 0.05344479903578758 0.441780149936676
0.05480949208140373 0.05227857828140259 0.5061825513839722
0.05488647148013115 0.05275426059961319 0.42644235491752625
0.054079048335552216 0.051831845194101334 0.4494406580924988
0.05233828350901604 0.0500304289162159 0.46157097816467285
0.05419638380408287 0.051657818257808685 0.5077133774757385
0.056139104068279266 0.05372963100671768 0.48189473152160645
0.05572645366191864 0.05322869494557381 0.4995519518852234
0.053543396294116974 0.051149506121873856 0.47877827286720276
0.054076895117759705 0.05188480019569397 0.4384188652038574
0.05148124322295189 0.04936910793185234 0.4224269390106201
0.055657703429460526 0.05340714752674103 0.450111448764801
0.05383208021521568 0.05144203454256058 0.47800880670547485
0.053284309804439545 0.05104993283748627 0.4468754529953003
0.05888344720005989 0.056363724172115326 0.5039442777633667
0.05844596400856972 0.056072134524583817 0.47476595640182495
0.053136665374040604 0.05097132921218872 0.43306729197502136
0.05612244829535484 0.05365682765841484 0.4931241273880005
0.05703023448586464 0.05456157401204109 0.49373185634613037
0.0550907738506794 0.05269067734479904 0.4800190031528473
0.054518841207027435 0.05223464220762253 0.45683956146240234
0.05190243944525719 0.04952185973525047 0.47611600160598755
0.055339209735393524 0.05334913730621338 0.3980148434638977
0.053610753268003464 0.05142141133546829 0.4378686547279358
0.05306533724069595 0.0509093776345253 0.43119195103645325
0.052802540361881256 0.050755590200424194 0.4093902111053467
0.057137709110975266 0.05497320741415024 0.432900607585907
0.05477777123451233 0.052493128925561905 0.4569283723831177
0.051287032663822174 0.048777416348457336 0.5019232630729675
0.05464845895767212 0.05225960165262222 0.47777146100997925
0.05340050160884857 0.05109889805316925 0.46032100915908813
0.054883554577827454 0.05275123566389084 0.42646414041519165
0.054388709366321564 0.05196436122059822 0.4848695695400238
0.05638691782951355 0.053880225867033005 0.5013383030891418
0.051873400807380676 0.049497682601213455 0.4751437306404114
0.05114927887916565 0.048966385424137115 0.43657881021499634
0.05594049021601677 0.0537046417593956 0.4471698999404907
0.05431249737739563 0.05207639932632446 0.44721949100494385
0.05315563082695007 0.05110194906592369 0.41073673963546753
0.056615911424160004 0.054417625069618225 0.4396573305130005
0.05642575025558472 0.05367113649845123 0.550922691822052
0.05359894782304764 0.05117131024599075 0.48552775382995605
0.05389706417918205 0.05156538635492325 0.46633535623550415
0.053676072508096695 0.05157783627510071 0.4196469485759735
0.0540015734732151 0.051752351224422455 0.44984474778175354
0.052127715200185776 0.04999537765979767 0.426467627286911
0.053082000464200974 0.050987035036087036 0.4189932346343994
0.053198833018541336 0.051299646496772766 0.3798370361328125
0.05311497300863266 0.050895124673843384 0.4439694583415985
0.05222909897565842 0.050153881311416626 0.41504326462745667
0.05503449589014053 0.052885547280311584 0.42978978157043457
0.05631144344806671 0.05430445820093155 0.4013972282409668
0.05506281182169914 0.05304174870252609 0.4042127728462219
0.05251232907176018 0.050551578402519226 0.3921501636505127
0.051683370023965836 0.04960653930902481 0.4153660833835602
0.05299794301390648 0.05079256743192673 0.4410753846168518
0.054120805114507675 0.05181276798248291 0.4616072177886963
0.05238818749785423 0.050219349563121796 0.4337675869464874
0.050696101039648056 0.04862042888998985 0.41513413190841675
0.05532832071185112 0.05293439328670502 0.4787853956222534
0.05305653437972069 0.05078102648258209 0.455101877450943
0.05413559451699257 0.05204223096370697 0.41867300868034363
0.054258327931165695 0.052078649401664734 0.4359355568885803
0.054405927658081055 0.05242901295423508 0.3953828811645508
0.052147991955280304 0.050054263323545456 0.4187455475330353
0.05354650318622589 0.05126648023724556 0.4560045599937439
0.04959177225828171 0.04755020886659622 0.40831291675567627
0.052556127309799194 0.050558097660541534 0.3996056318283081
0.05433798208832741 0.05247557535767555 0.37248101830482483
0.051684677600860596 0.049558158963918686 0.4253038167953491
0.059563156217336655 0.0573149211704731 0.44964730739593506
0.055387359112501144 0.0529610812664032 0.4852554202079773
0.05408992990851402 0.0517650842666626 0.464969277381897
0.0551978163421154 0.0528622604906559 0.46711111068725586
0.054143618792295456 0.05182306095957756 0.46411165595054626
0.05444001406431198 0.05224128067493439 0.43974658846855164
0.05489572137594223 0.05275861173868179 0.4274219870567322
0.05590936541557312 0.05339386314153671 0.5031001567840576
0.05210242420434952 0.049940261989831924 0.43243274092674255
0.055568523705005646 0.05331416428089142 0.4508722424507141
0.055542852729558945 0.053086552768945694 0.491260290145874
0.052832238376140594 0.05055775120854378 0.4548976719379425
0.05259108170866966 0.05057442560791969 0.4033315181732178
0.05333893746137619 0.05123946815729141 0.4198938012123108
0.05063090845942497 0.048504333943128586 0.42531466484069824
0.05591588467359543 0.05391274392604828 0.4006279706954956
0.05400639772415161 0.05195735767483711 0.40980780124664307
0.05147877335548401 0.04921140521764755 0.45347335934638977
0.05249933898448944 0.05026720464229584 0.4464268684387207
0.054264090955257416 0.051739610731601715 0.5048962235450745
0.05296415835618973 0.05097639560699463 0.3975529074668884
0.05326554924249649 0.05072014033794403 0.5090814828872681
0.052814118564128876 0.05079026147723198 0.404771625995636
0.05664963647723198 0.05447293817996979 0.4353399872779846
0.050310272723436356 0.048437245190143585 0.37460583448410034
0.05304699018597603 0.05089332535862923 0.4307330548763275
0.053495924919843674 0.0515047088265419 0.39824336767196655
0.05492497235536575 0.05265762656927109 0.453469455242157
0.05557483807206154 0.053682051599025726 0.37855738401412964
0.057377513498067856 0.0553387776017189 0.40774744749069214
0.055234722793102264 0.053171634674072266 0.412617951631546
0.053926244378089905 0.05151352286338806 0.4825444221496582
0.052535735070705414 0.050413865596055984 0.42437395453453064
0.05193503201007843 0.04983939230442047 0.419127881526947
0.055639371275901794 0.0536477230489254 0.39832940697669983
0.05498300865292549 0.05284786969423294 0.4270279109477997
0.0524984709918499 0.050205297768116 0.4586349427700043
0.05456102639436722 0.05201578140258789 0.5090492963790894
0.052555810660123825 0.05037356913089752 0.43644803762435913
0.05511247739195824 0.05304786562919617 0.4129225015640259
0.054304223507642746 0.0521535761654377 0.4301297068595886
0.050509706139564514 0.048490218818187714 0.40389782190322876
0.05335438624024391 0.05124761536717415 0.4213540256023407
0.05159464851021767 0.049359846860170364 0.4469605088233948
0.05237594246864319 0.050248391926288605 0.4255097508430481
0.054393306374549866 0.05216803774237633 0.44505366683006287
0.05583426356315613 0.05348080396652222 0.47069165110588074
0.05414736643433571 0.052125103771686554 0.4044524133205414
0.050921306014060974 0.048857301473617554 0.4128008186817169
0.057429514825344086 0.05511182174086571 0.4635385274887085
0.055011432617902756 0.052870020270347595 0.4282822906970978
0.050209891051054 0.04796905070543289 0.44816821813583374
0.049183182418346405 0.04706180840730667 0.42427492141723633
0.05118498206138611 0.04921427741646767 0.39414116740226746
0.05532368645071983 0.05313495919108391 0.43774518370628357
0.053722161799669266 0.05158507078886032 0.42741841077804565
0.04942551255226135 0.04725901782512665 0.4332987070083618
0.05452697351574898 0.05256874859333038 0.39164480566978455
0.053850553929805756 0.051925599575042725 0.3849909007549286
0.05507151409983635 0.052903834730386734 0.43353593349456787
0.057760875672101974 0.05578060448169708 0.39605408906936646
0.05477340146899223 0.05263374000787735 0.4279320538043976
0.05452553182840347 0.0523088164627552 0.44334325194358826
0.05503365769982338 0.05292607843875885 0.42151591181755066
0.058073949068784714 0.05574698746204376 0.46539220213890076
0.05377197265625 0.05173971503973007 0.40645161271095276
0.0509139709174633 0.04867826774716377 0.44714057445526123
0.054575465619564056 0.05227441340684891 0.4602104425430298
0.05573524534702301 0.05343332886695862 0.46038368344306946
0.054014936089515686 0.05211913213133812 0.3791610896587372
0.05555069074034691 0.05323467031121254 0.46320393681526184
0.05557743459939957 0.05354180186986923 0.407126247882843
0.05385105684399605 0.051345787942409515 0.5010538697242737
0.05375770479440689 0.05146386846899986 0.45876747369766235
0.05178358778357506 0.04967128857970238 0.42246013879776
0.05050605535507202 0.048594530671834946 0.3823050260543823
0.054775629192590714 0.05263097584247589 0.4289303421974182
0.05223170667886734 0.05025196447968483 0.3959483504295349
0.050868045538663864 0.04879114776849747 0.41537952423095703
0.05069459602236748 0.048351652920246124 0.4685884118080139
0.052140913903713226 0.05007066950201988 0.414048969745636
0.053424399346113205 0.05138146132230759 0.40858736634254456
0.05655323714017868 0.0543777197599411 0.43510347604751587
0.05631842464208603 0.05417070537805557 0.42954397201538086
0.05170869827270508 0.049730099737644196 0.39572006464004517
0.05255236476659775 0.050442174077034 0.4220379889011383
0.05422016605734825 0.052205249667167664 0.40298324823379517
0.05375095084309578 0.05161621421575546 0.4269471764564514
0.04997130483388901 0.04770014435052872 0.454231858253479
0.04994544759392738 0.04768754541873932 0.451580286026001
0.05253692716360092 0.050271399319171906 0.453105628490448
0.05231039971113205 0.049892060458660126 0.4836675226688385
0.05040021613240242 0.04849271848797798 0.3814994990825653
0.0587160624563694 0.05671915411949158 0.39938196539878845
0.05554811656475067 0.053087566047906876 0.49210989475250244
0.05404769629240036 0.051798343658447266 0.4498702883720398
0.051763612776994705 0.04944707453250885 0.4633080065250397
0.05668293312191963 0.054559871554374695 0.42461222410202026
0.05235741659998894 0.05011674016714096 0.4481354355812073
0.05317508801817894 0.05105419456958771 0.4241783618927002
0.056414492428302765 0.05443073809146881 0.39675068855285645
0.05202685296535492 0.04983589053153992 0.43819236755371094
0.0518505722284317 0.04990757629275322 0.3885994851589203
0.05384208261966705 0.05161815509200096 0.44478556513786316
0.05378902703523636 0.05183548480272293 0.39070847630500793
0.0509185716509819 0.04915638267993927 0.35243791341781616
0.05223093926906586 0.050345152616500854 0.37715715169906616
0.05456089973449707 0.05278339982032776 0.35549962520599365
0.05182449519634247 0.04994440823793411 0.3760172426700592
0.05099954456090927 0.04918293282389641 0.3633221387863159
0.05436231940984726 0.05260344594717026 0.35177499055862427
0.05277864634990692 0.05089492350816727 0.3767446279525757
0.054223138839006424 0.05231534689664841 0.3815581500530243
0.054708387702703476 0.052716173231601715 0.39844316244125366
0.05353270471096039 0.05168652534484863 0.3692357838153839
0.05432341620326042 0.05236773192882538 0.39113664627075195
0.05102207139134407 0.049030423164367676 0.3983299434185028
0.05298418924212456 0.05119115859270096 0.3586059510707855
0.05580301955342293 0.053735751658678055 0.41345393657684326
0.05487416684627533 0.05245395004749298 0.4840434789657593
0.05346154794096947 0.05140901356935501 0.41050663590431213
0.05375313758850098 0.05161890387535095 0.42684638500213623
0.056130025535821915 0.05377554893493652 0.4708951711654663
0.050647687166929245 0.04842948913574219 0.44363933801651
0.051267437636852264 0.049060653895139694 0.4413566291332245
0.05315399914979935 0.05083782970905304 0.4632338285446167
0.05875250697135925 0.05663909763097763 0.42268162965774536
0.05342048779129982 0.051337093114852905 0.41667911410331726
0.054416678845882416 0.052143462002277374 0.45464375615119934
0.05282072350382805 0.05055884271860123 0.4523763358592987
0.051096897572278976 0.048996515572071075 0.42007607221603394
0.05185243487358093 0.04956930875778198 0.4566253423690796
0.05545234680175781 0.05294524133205414 0.5014210939407349
0.05363752320408821 0.051267728209495544 0.4739588499069214
0.053072165697813034 0.050943758338689804 0.4256811738014221
0.051932334899902344 0.04989420995116234 0.4076251983642578
0.05440247431397438 0.052206721156835556 0.4391503632068634
0.05517097935080528 0.05286448448896408 0.4612988829612732
0.05447990447282791 0.05233253911137581 0.42947331070899963
0.052698154002428055 0.05044200271368027 0.4512302875518799
0.053273797035217285 0.050922323018312454 0.4702949523925781
0.058596860617399216 0.056119825690984726 0.4954071640968323
0.05295034870505333 0.05054958164691925 0.480153352022171
0.05376671627163887 0.05140955001115799 0.4714336097240448
0.053394876420497894 0.05112418532371521 0.45413851737976074
0.049583908170461655 0.04729686677455902 0.45740818977355957
0.053845491260290146 0.05160391703248024 0.4483148455619812
0.05200670287013054 0.04998912662267685 0.4035152494907379
0.051981814205646515 0.050022635608911514 0.39183539152145386
0.048884470015764236 0.046875834465026855 0.40172678232192993
0.05303966999053955 0.05104328691959381 0.399276465177536
0.055344633758068085 0.05327266454696655 0.41439390182495117
0.0506901890039444 0.04871188849210739 0.39566028118133545
0.05296811833977699 0.050905629992485046 0.4124978184700012
0.05359124019742012 0.05124504119157791 0.46923965215682983
0.056545741856098175 0.05420650541782379 0.4678473174571991
0.05438903346657753 0.052283644676208496 0.42107778787612915
0.05425330996513367 0.05234289914369583 0.38208216428756714
0.053575821220874786 0.05114459991455078 0.4862441122531891
0.05278212949633598 0.050691209733486176 0.4181842505931854
0.050055261701345444 0.04825607314705849 0.35983747243881226
0.04986812546849251 0.04749790579080582 0.47404420375823975
0.05017237737774849 0.04784191772341728 0.46609169244766235
0.056941766291856766 0.05483963340520859 0.4204269051551819
0.05303725227713585 0.050912488251924515 0.42495307326316833
0.05405040085315704 0.051839157938957214 0.44224828481674194
0.05419183522462845 0.05214244872331619 0.4098770022392273
0.053047262132167816 0.051001038402318954 0.40924501419067383
0.051840681582689285 0.049850285053253174 0.39807915687561035
0.05475462228059769 0.05258214473724365 0.43449559807777405
0.05075259134173393 0.04879728704690933 0.39106112718582153
0.05453632399439812 0.05232620984315872 0.4420228600502014
0.0530301034450531 0.05095960572361946 0.41409924626350403
0.052585527300834656 0.05037866532802582 0.44137275218963623
0.05294138938188553 0.050870247185230255 0.41422849893569946
0.04869991913437843 0.04663822054862976 0.4123396873474121
0.05276965722441673 0.05052071809768677 0.44978806376457214
0.049965519458055496 0.047843970358371735 0.4243101477622986
0.055853262543678284 0.05383186414837837 0.40427935123443604
0.05366704612970352 0.05148974806070328 0.4354592561721802
0.05324019119143486 0.05147193744778633 0.35365092754364014
0.05348983407020569 0.05116962641477585 0.46404170989990234
0.05406881868839264 0.05188746750354767 0.43627020716667175
0.052576374262571335 0.05025842785835266 0.46358901262283325
0.051748041063547134 0.04954564571380615 0.44047898054122925
0.051056768745183945 0.0494312047958374 0.32511311769485474
0.05163266882300377 0.04963986948132515 0.3985597491264343
0.05117669701576233 0.04927660524845123 0.3800181448459625
0.052107296884059906 0.05018773674964905 0.38391223549842834
0.05341343209147453 0.051424141973257065 0.3978579640388489
0.04889050871133804 0.04674769937992096 0.4285617470741272
0.05184418708086014 0.04943668842315674 0.4814997613430023
0.05155433714389801 0.04964040219783783 0.38278692960739136
0.0528324656188488 0.050699956715106964 0.42650169134140015
0.052974335849285126 0.05096347630023956 0.4021720886230469
0.05366775020956993 0.05174309015274048 0.38493236899375916
0.055185433477163315 0.052749499678611755 0.48718690872192383
0.053416088223457336 0.05126066505908966 0.4310847520828247
0.05486324802041054 0.052607811987400055 0.45108717679977417
0.05772949755191803 0.05596466362476349 0.35296714305877686
0.049626510590314865 0.04765656590461731 0.39398905634880066
0.05215790122747421 0.05010763555765152 0.41005346179008484
0.05466974899172783 0.05294892191886902 0.3441653251647949
0.05330050364136696 0.050803203135728836 0.49945977330207825
0.05117245391011238 0.04899559170007706 0.4353727698326111
0.05164871737360954 0.04951287433505058 0.4271683692932129
0.05507606267929077 0.052712440490722656 0.4727240800857544
0.05125294253230095 0.049118977040052414 0.4267932176589966
0.05483824759721756 0.05244218558073044 0.47921222448349
0.05525984987616539 0.052969709038734436 0.45802801847457886
0.05055678263306618 0.048272762447595596 0.4568042457103729
0.050992704927921295 0.04889751598238945 0.41903775930404663
0.0554259717464447 0.05351577326655388 0.38203954696655273
0.05393706634640694 0.05154590308666229 0.4782324731349945
0.053029920905828476 0.05121401324868202 0.3631814420223236
0.05307288095355034 0.05107391998171806 0.3997924327850342
0.057789821177721024 0.05590764805674553 0.376434326171875
0.05011018365621567 0.048053812235593796 0.4112742841243744
0.05377849563956261 0.05170305445790291 0.4150879979133606
0.049905505031347275 0.04754803329706192 0.47149452567100525
0.056050240993499756 0.054015152156353 0.4070175290107727
0.05171684920787811 0.049817681312561035 0.3798333704471588
0.05690308287739754 0.054737385362386703 0.43313947319984436
0.05278157442808151 0.050844136625528336 0.38748735189437866
0.05400260165333748 0.05179550498723984 0.4414193332195282
0.05070658400654793 0.04880135506391525 0.3810460865497589
0.053564395755529404 0.051423266530036926 0.4282260835170746
0.0561487153172493 0.053986627608537674 0.4324173331260681
0.05247335880994797 0.050377387553453445 0.4191942512989044
0.0540652722120285 0.051916949450969696 0.4296642541885376
0.050319232046604156 0.048172131180763245 0.4294198155403137
0.054563041776418686 0.052453864365816116 0.42183566093444824
0.05253942310810089 0.05018901079893112 0.470082551240921
0.052342306822538376 0.05043087899684906 0.3822855055332184
0.048807382583618164 0.04652182012796402 0.4571124315261841
0.05289437994360924 0.05085301399230957 0.40827295184135437
0.05376638099551201 0.05151674151420593 0.44992801547050476
0.05353837460279465 0.05142076686024666 0.4235214591026306
0.05192308872938156 0.04970710724592209 0.44319599866867065
0.05136673152446747 0.0491180382668972 0.4497383236885071
0.054445307701826096 0.05215027183294296 0.45900726318359375
0.05382676050066948 0.05160471796989441 0.4444086253643036
0.0544583760201931 0.052723728120326996 0.34692955017089844
0.05309460684657097 0.050630971789360046 0.49272722005844116
0.05129289627075195 0.04917494207620621 0.4235911965370178
0.051291193813085556 0.0490499846637249 0.44824153184890747
0.04955870658159256 0.04723908007144928 0.46392548084259033
0.05717840790748596 0.05450041592121124 0.5355986952781677
0.05057869851589203 0.04848597198724747 0.41854530572891235
0.053125541657209396 0.05096566677093506 0.4319746494293213
0.05361632630228996 0.05134006589651108 0.45525187253952026
0.052476149052381516 0.050349436700344086 0.4253424406051636
0.053231775760650635 0.05111135542392731 0.42408397793769836
0.053620219230651855 0.051663272082805634 0.39138978719711304
0.05386720970273018 0.051823392510414124 0.40876340866088867
0.05102616176009178 0.048939019441604614 0.4174286127090454
0.053237996995449066 0.051036059856414795 0.440387487411499
0.05195596441626549 0.050085678696632385 0.3740568161010742
0.05295926332473755 0.05127277970314026 0.3372969627380371
0.05550627410411835 0.053626105189323425 0.3760336935520172
0.04729890450835228 0.04521869868040085 0.4160415232181549
0.050065018236637115 0.04796729236841202 0.41954535245895386
0.05021967738866806 0.048139721155166626 0.4159911274909973
0.05524272471666336 0.05301356315612793 0.44583240151405334
0.05251019820570946 0.05076293647289276 0.34945255517959595
0.05441189557313919 0.05256596952676773 0.3691850006580353
0.05214229226112366 0.05020841583609581 0.38677501678466797
0.0498097687959671 0.04763644188642502 0.43466511368751526
0.048825960606336594 0.047004248946905136 0.36434227228164673
0.04989931359887123 0.04812665283679962 0.3545321822166443
0.0524805448949337 0.0504041388630867 0.4152810573577881
0.05277802795171738 0.050787292420864105 0.39814746379852295
0.051461584866046906 0.048912547528743744 0.5098072290420532
0.0516965389251709 0.0495353639125824 0.4322347640991211
0.05227433517575264 0.050072479993104935 0.44037100672721863
0.053132254630327225 0.05091460794210434 0.4435291290283203
0.050751857459545135 0.04858691990375519 0.43298715353012085
0.050222933292388916 0.0481761172413826 0.40936291217803955
0.04986048489809036 0.047905340790748596 0.3910285532474518
0.05064176023006439 0.04846000298857689 0.43635159730911255
0.05364006757736206 0.0515335388481617 0.42130547761917114
0.054422155022621155 0.052558474242687225 0.37273654341697693
0.0528259314596653 0.05053538829088211 0.45810896158218384
0.050355762243270874 0.04855336248874664 0.3604797422885895
0.05161704495549202 0.049384042620658875 0.44660040736198425
0.054450687021017075 0.052247386425733566 0.44065988063812256
0.052110087126493454 0.04964190721511841 0.49363571405410767
0.05209396779537201 0.050276920199394226 0.3634093403816223
0.050803400576114655 0.048828527331352234 0.3949746787548065
0.05100357159972191 0.04875585436820984 0.4495433568954468
0.05436139926314354 0.052166908979415894 0.4388979971408844
0.05373258516192436 0.05178388953208923 0.38973933458328247
0.053764015436172485 0.05159422382712364 0.4339582920074463
0.055556800216436386 0.053515851497650146 0.4081900715827942
0.05254434794187546 0.050472892820835114 0.4142906665802002
0.05280834436416626 0.051043808460235596 0.3529074788093567
0.052530646324157715 0.05056795850396156 0.3925374448299408
0.05755779519677162 0.05547318607568741 0.41692161560058594
0.052800051867961884 0.050892286002635956 0.3815533220767975
0.05400025099515915 0.051756054162979126 0.44883960485458374
0.05251555144786835 0.05012557655572891 0.4779946506023407
0.0522291325032711 0.05030389130115509 0.38504791259765625
0.054116394370794296 0.05177188664674759 0.4689018130302429
0.053938284516334534 0.051875948905944824 0.41246676445007324
0.05105891823768616 0.0489787757396698 0.41602832078933716
0.05115783214569092 0.049044169485569 0.4227328300476074
0.0528930127620697 0.05063435435295105 0.4517315626144409
0.05506593734025955 0.05265587568283081 0.48201242089271545
0.04935087636113167 0.047348011285066605 0.40057313442230225
0.05411339923739433 0.0516984686255455 0.48298612236976624
0.05125264823436737 0.048945602029561996 0.461409330368042
0.05232292413711548 0.05024046078324318 0.4164923429489136
0.05426546931266785 0.05244146287441254 0.3648011088371277
0.05319897085428238 0.05100473016500473 0.43884849548339844
0.05026153102517128 0.04831056669354439 0.39019304513931274
0.05440523102879524 0.05239465460181236 0.4021155536174774
0.04863809794187546 0.04655802994966507 0.4160134792327881
0.055702704936265945 0.05369804427027702 0.400932252407074
0.0549464225769043 0.05291425436735153 0.40643349289894104
0.055462971329689026 0.05361238867044449 0.3701161742210388
0.05142079293727875 0.04939968138933182 0.404222697019577
0.054382529109716415 0.05232789367437363 0.41092684864997864
0.05061748996376991 0.04855331778526306 0.412834495306015
0.05322642624378204 0.051130734384059906 0.41913852095603943
0.05088146775960922 0.049103811383247375 0.3555314838886261
0.05233047157526016 0.0498838871717453 0.48931685090065
0.048483267426490784 0.0465245246887207 0.3917486369609833
0.05377591773867607 0.05191372334957123 0.37243854999542236
0.05447617545723915 0.052408501505851746 0.4135344624519348
0.05557182803750038 0.05302320048213005 0.5097253918647766
0.054647836834192276 0.05235012248158455 0.459542840719223
0.052536558359861374 0.05022229626774788 0.46285268664360046
0.05205538496375084 0.049795545637607574 0.45196765661239624
0.054119404405355453 0.05181919038295746 0.46004268527030945
0.05380677059292793 0.051343291997909546 0.49269548058509827
0.05174390971660614 0.049907997250556946 0.36718225479125977
0.05055636912584305 0.04792705178260803 0.5258634090423584
0.05195969343185425 0.04943615198135376 0.504707932472229
0.051755111664533615 0.04987138882279396 0.37674427032470703
0.05083387345075607 0.04876571148633957 0.41363203525543213
0.051543109118938446 0.04963257908821106 0.38210582733154297
0.053208671510219574 0.051224496215581894 0.3968350291252136
0.053699031472206116 0.05170079693198204 0.39964717626571655
0.051435962319374084 0.04944802075624466 0.3975883722305298
0.05149662122130394 0.04950662702322006 0.39799875020980835
0.05588376894593239 0.054212428629398346 0.33426833152770996
0.05432569980621338 0.05231592059135437 0.40195566415786743
0.052740875631570816 0.05045390501618385 0.457394003868103
0.05140313133597374 0.049446262419223785 0.3913740813732147
0.05210520327091217 0.04965844750404358 0.4893512725830078
0.05428020656108856 0.05170256271958351 0.5155289173126221
0.051326002925634384 0.049190815538167953 0.4270375370979309
0.04834946244955063 0.046310510486364365 0.4077906012535095
0.05299011990427971 0.05083654075860977 0.43071597814559937
0.0551837757229805 0.05310001224279404 0.4167523682117462
0.05367456376552582 0.051420360803604126 0.4508407711982727
0.05166177451610565 0.04913564398884773 0.5052260756492615
0.05269584432244301 0.0507030226290226 0.3985644578933716
0.05296284332871437 0.05078088492155075 0.4363916516304016
0.052965980023145676 0.050638794898986816 0.4654368758201599
0.05466502159833908 0.05195868760347366 0.5412667989730835
0.05292715132236481 0.050608888268470764 0.4636526107788086
0.054434336721897125 0.0524924211204052 0.38838285207748413
0.05081667751073837 0.048737164586782455 0.41590258479118347
0.05377640947699547 0.05188656225800514 0.37796929478645325
0.05069693177938461 0.04860487952828407 0.41841059923171997
0.050655487924814224 0.04842587560415268 0.4459221363067627
0.05427292361855507 0.052294448018074036 0.3956953287124634
0.05152459815144539 0.049556273967027664 0.3936648666858673
0.055236563086509705 0.05322468280792236 0.4023757874965668
0.052025627344846725 0.0502629354596138 0.3525383174419403
0.05221645161509514 0.049915432929992676 0.4602034389972687
0.05118326470255852 0.04947669059038162 0.3413149118423462
0.05555729568004608 0.05322662740945816 0.46613404154777527
0.05103278160095215 0.048670776188373566 0.47240114212036133
0.05101580545306206 0.04924542084336281 0.3540772795677185
0.05205930024385452 0.05002440884709358 0.40697813034057617
0.05373122915625572 0.051597967743873596 0.42665255069732666
0.05304579436779022 0.050854675471782684 0.43822354078292847
0.054626379162073135 0.052448347210884094 0.4356063902378082
0.0515751987695694 0.04953385517001152 0.4082687497138977
0.05317359417676926 0.05136389657855034 0.36193960905075073
0.05114409700036049 0.048927754163742065 0.4432685971260071
0.05336921289563179 0.050411663949489594 0.5915100574493408
0.0496588796377182 0.0477215014398098 0.3874755799770355
0.05100024864077568 0.048949871212244034 0.410075306892395
0.05228609964251518 0.04983922466635704 0.48937517404556274
0.050947852432727814 0.04877039045095444 0.43549251556396484
0.0551714226603508 0.05321911349892616 0.39046192169189453
0.052166204899549484 0.05005146935582161 0.4229467809200287
0.053232647478580475 0.051385242491960526 0.3694809079170227
0.05445042625069618 0.05218596011400223 0.452892929315567
0.051238615065813065 0.04912228137254715 0.4232666492462158
0.05029010772705078 0.04823121801018715 0.41177794337272644
0.05207781121134758 0.050154492259025574 0.38466376066207886
0.05343502014875412 0.0510992631316185 0.467151403427124
0.052830908447504044 0.050864897668361664 0.3932019770145416
0.0533759742975235 0.05140361189842224 0.394472599029541
0.0545375719666481 0.05241648480296135 0.42421770095825195
0.052731189876794815 0.05049406737089157 0.4474242329597473
0.05314749479293823 0.051112979650497437 0.40690329670906067
0.052540022879838943 0.05035004764795303 0.43799498677253723
0.051564473658800125 0.049884602427482605 0.3359740376472473
0.05353252962231636 0.05131206661462784 0.4440927505493164
0.05004251003265381 0.04782581329345703 0.44333964586257935
0.052427224814891815 0.050290681421756744 0.42730891704559326
0.05208086222410202 0.0496998131275177 0.4762098789215088
0.052240632474422455 0.04992605745792389 0.4629151523113251
0.052496057003736496 0.04989372938871384 0.5204658508300781
0.052034541964530945 0.04988645017147064 0.42961859703063965
0.05353612080216408 0.05184441804885864 0.33834022283554077
0.05422098934650421 0.05198114365339279 0.4479691982269287
0.05017215758562088 0.04783320426940918 0.46779051423072815
0.05043807625770569 0.048394277691841125 0.4087600111961365
0.053646691143512726 0.05173511803150177 0.3823143243789673
0.05633864924311638 0.05431998148560524 0.40373364090919495
0.05288469418883324 0.05059094727039337 0.45874911546707153
0.05105319246649742 0.04920220375061035 0.3701975643634796
0.05456389859318733 0.05246485024690628 0.4198095202445984
0.05324694514274597 0.051237691193819046 0.4018506407737732
0.051784589886665344 0.049735330045223236 0.40985190868377686
0.05083814635872841 0.048630811274051666 0.4414668083190918
0.055085439234972 0.05286429822444916 0.4442278742790222
0.052587442100048065 0.05029042065143585 0.4594044089317322
0.05241434648633003 0.05048585310578346 0.3856983482837677
0.052817873656749725 0.05045253410935402 0.4730682671070099
0.0508689358830452 0.04858887195587158 0.4560125172138214
