0.22579437494277954 0.1932515799999237 13.017121315002441
0.2065591812133789 0.18467175960540771 8.754968643188477
0.19690677523612976 0.1788119673728943 7.237920761108398
0.19004961848258972 0.17236149311065674 7.075248718261719
0.18573755025863647 0.167807936668396 7.171848297119141
0.17895974218845367 0.16102272272109985 7.174807548522949
0.17377574741840363 0.1555497944355011 7.290382385253906
0.16726098954677582 0.14967887103557587 7.032846927642822
0.16232895851135254 0.14526404440402985 6.825966835021973
0.1570771336555481 0.1404440551996231 6.653234004974365
0.15170124173164368 0.13558341562747955 6.4471282958984375
0.14713643491268158 0.13128912448883057 6.338923454284668
0.14525364339351654 0.1306643784046173 5.835705280303955
0.14040331542491913 0.12638193368911743 5.608554840087891
0.1352551132440567 0.12147820740938187 5.5107622146606445
0.13429653644561768 0.12109042704105377 5.282444953918457
0.13195151090621948 0.11899085342884064 5.184260368347168
0.1277930587530136 0.11536074429750443 4.972925186157227
0.12217424064874649 0.10987026244401932 4.921591758728027
0.12309513986110687 0.11135755479335785 4.695034027099609
0.12143251299858093 0.10962218046188354 4.72413444519043
0.11846207082271576 0.10660708695650101 4.741993427276611
0.11926814913749695 0.1078416183590889 4.57061243057251
0.1155296042561531 0.10411954671144485 4.564023971557617
0.12024223059415817 0.10808111727237701 4.864446640014648
0.10766520351171494 0.0958888828754425 4.710527420043945
0.11081625521183014 0.09912893176078796 4.674931049346924
0.11202125251293182 0.10007017850875854 4.780428886413574
0.09967069327831268 0.08779104053974152 4.751861572265625
0.11083567142486572 0.09906613826751709 4.707812786102295
0.10319690406322479 0.09207350760698318 4.449357509613037
0.10197723656892776 0.091122105717659 4.3420515060424805
0.09810416400432587 0.08714969456195831 4.381787300109863
0.09977613389492035 0.08909794688224792 4.271274089813232
0.09931706637144089 0.08887046575546265 4.178641319274902
0.09566721320152283 0.08492954820394516 4.295066833496094
0.0950576588511467 0.0848391130566597 4.087418556213379
0.09426166862249374 0.08426143229007721 4.000093936920166
0.0941578596830368 0.08408451825380325 4.029336452484131
0.09183938056230545 0.08211615681648254 3.8892900943756104
0.09845521301031113 0.08896233141422272 3.7971534729003906
0.08969570696353912 0.07998992502689362 3.8823130130767822
0.08768079429864883 0.07804755121469498 3.853297710418701
0.09095793962478638 0.08073051273822784 4.090970039367676
0.08602415025234222 0.07596499472856522 4.023663520812988
0.08585720509290695 0.0756276398897171 4.091826438903809
0.08772529661655426 0.07778438925743103 3.9763619899749756
0.08638021349906921 0.07653041183948517 3.9399194717407227
0.08516083657741547 0.0753808468580246 3.9119973182678223
0.08287074416875839 0.0733199492096901 3.820319175720215
0.08487892150878906 0.07541338354349136 3.786215305328369
0.08339980244636536 0.07468590140342712 3.4855599403381348
0.0853901132941246 0.07620953023433685 3.6722331047058105
0.08129934221506119 0.07194330543279648 3.7424135208129883
0.08648966997861862 0.07701905816793442 3.7882437705993652
0.08337616175413132 0.0735640674829483 3.924837112426758
0.08051814883947372 0.07099084556102753 3.8109211921691895
0.08009199798107147 0.07070620357990265 3.7543184757232666
0.08403822779655457 0.07453577220439911 3.800980806350708
0.07996582239866257 0.07092668116092682 3.6156558990478516
0.0775848850607872 0.06840875744819641 3.670450210571289
0.07592298090457916 0.06703533232212067 3.5550589561462402
0.0777759775519371 0.06920018792152405 3.4303159713745117
0.07482010126113892 0.06683249026536942 3.195044994354248
0.07636894285678864 0.06865474581718445 3.085679531097412
0.07446739077568054 0.0664651095867157 3.200913190841675
0.07567408680915833 0.06760556250810623 3.2274107933044434
0.07529032230377197 0.06673441082239151 3.422365427017212
0.07212582230567932 0.06343931704759598 3.4746029376983643
0.07648787647485733 0.06757372617721558 3.565659999847412
0.07375484704971313 0.0653773695230484 3.350989818572998
0.0720071792602539 0.06446094810962677 3.018493413925171
0.07214484363794327 0.06486079841852188 2.913619041442871
0.07383213192224503 0.06633641570806503 2.998286008834839
0.07098331302404404 0.06304050981998444 3.1771225929260254
0.07273533940315247 0.06483010947704315 3.162091016769409
0.07083246111869812 0.06253528594970703 3.31887149810791
0.06932123005390167 0.061356306076049805 3.185969829559326
0.07243730127811432 0.06454740464687347 3.1559574604034424
0.0749436765909195 0.06739909201860428 3.0178327560424805
0.0729629248380661 0.06529124081134796 3.068673610687256
0.06922439485788345 0.061112284660339355 3.244844436645508
0.070828877389431 0.06329897046089172 3.011963129043579
0.0711919367313385 0.06357130408287048 3.048252820968628
0.06840776652097702 0.061197925359010696 2.883937358856201
0.07129082828760147 0.0641743466258049 2.8465921878814697
0.07536527514457703 0.0681019127368927 2.905345916748047
0.06915890425443649 0.0615471750497818 3.044692039489746
0.06786700338125229 0.059804581105709076 3.224968433380127
0.07087678462266922 0.06322188675403595 3.061960220336914
0.06600820273160934 0.05839429795742035 3.045562267303467
0.06846224516630173 0.06125533580780029 2.8827626705169678
0.07111956924200058 0.06472126394510269 2.5593209266662598
0.06936152279376984 0.06301915645599365 2.5369479656219482
0.06811485439538956 0.061222292482852936 2.757023811340332
0.07215828448534012 0.0646565705537796 3.000685214996338
0.07370300590991974 0.06633520126342773 2.9471230506896973
0.06924480944871902 0.0616486631333828 3.038459300994873
0.07079952210187912 0.06348985433578491 2.9238667488098145
0.06909780949354172 0.062073711305856705 2.809638500213623
0.06558501720428467 0.05893417075276375 2.6603384017944336
0.06632260233163834 0.06014717370271683 2.470170497894287
0.06544198840856552 0.05918502062559128 2.5027875900268555
0.06559889763593674 0.05903976410627365 2.623652696609497
0.06719440221786499 0.06023894250392914 2.782184600830078
0.06711500138044357 0.06008528172969818 2.81188702583313
0.0637136772274971 0.05620768293738365 3.0023975372314453
0.06656623631715775 0.05969414487481117 2.748837947845459
0.06318844109773636 0.05672071874141693 2.5870893001556396
0.0676758885383606 0.061799634248018265 2.3505029678344727
0.06746457517147064 0.061712637543678284 2.300774097442627
0.06484215706586838 0.05821418762207031 2.651186943054199
0.06522683054208755 0.05808289349079132 2.8575758934020996
0.06477038562297821 0.05733811855316162 2.9729065895080566
0.06593342125415802 0.058413926512002945 3.0077967643737793
0.06400752067565918 0.05701693892478943 2.796232223510742
0.06459936499595642 0.058105118572711945 2.5976977348327637
0.06500402092933655 0.059417709708213806 2.2345240116119385
0.06069814786314964 0.05490522459149361 2.317169666290283
0.06440360099077225 0.058734431862831116 2.2676665782928467
0.068265400826931 0.06211669743061066 2.4594802856445312
0.06611020863056183 0.05913478881120682 2.7901694774627686
0.06471692025661469 0.05706380307674408 3.061246633529663
0.06694988161325455 0.05962764471769333 2.928893804550171
0.06714223325252533 0.06032669544219971 2.7262163162231445
0.062307290732860565 0.05608687549829483 2.4881668090820312
0.0663803294301033 0.06074785068631172 2.2529916763305664
0.06519070267677307 0.05978412926197052 2.162628173828125
0.06393959373235703 0.05841267481446266 2.2107667922973633
0.06410710513591766 0.05782163143157959 2.5141892433166504
0.062215063720941544 0.05533171445131302 2.753340244293213
0.06778546422719955 0.060795046389102936 2.796168565750122
0.0649072602391243 0.058494120836257935 2.5652544498443604
0.06150941923260689 0.05546332895755768 2.418435573577881
0.06162853538990021 0.055802252143621445 2.330512523651123
0.06337395310401917 0.0579824224114418 2.1566128730773926
0.06600307673215866 0.06022959202528 2.3093926906585693
0.06269452720880508 0.05679354816675186 2.360391616821289
0.06284549832344055 0.056576307862997055 2.5076770782470703
0.06021655723452568 0.053691647946834564 2.609963893890381
0.06345140188932419 0.05723167955875397 2.4878902435302734
0.06453807651996613 0.05850949138402939 2.4114346504211426
0.0636141300201416 0.05823145806789398 2.153069496154785
0.059715621173381805 0.054147105664014816 2.2274069786071777
0.06377729028463364 0.05851544067263603 2.104739189147949
0.06557093560695648 0.06003262847661972 2.215322494506836
0.06265199929475784 0.05602795630693436 2.6496171951293945
0.06012891232967377 0.05316395312547684 2.7859835624694824
0.0627712830901146 0.056136250495910645 2.6540119647979736
0.06075194478034973 0.054603539407253265 2.4593615531921387
0.06022024154663086 0.05499062314629555 2.0918467044830322
0.06361207365989685 0.058534808456897736 2.030907392501831
0.05917385220527649 0.05396014824509621 2.085481643676758
0.06013961881399155 0.054219864308834076 2.3679020404815674
0.0653638020157814 0.059051692485809326 2.5248429775238037
0.06216480955481529 0.05564121529459953 2.6094377040863037
0.06311100721359253 0.05668483301997185 2.5704689025878906
0.06127043068408966 0.05539771914482117 2.3490848541259766
0.06210333853960037 0.056778840720653534 2.1297991275787354
0.0600137896835804 0.05494982749223709 2.025585412979126
0.06314010918140411 0.058160338550806046 1.9919085502624512
0.05762585625052452 0.05198396369814873 2.2567570209503174
0.05810566991567612 0.0520305261015892 2.4300570487976074
0.05875614285469055 0.052636414766311646 2.4478914737701416
0.06054110452532768 0.05471624433994293 2.3299436569213867
0.06065331771969795 0.05524374544620514 2.1638288497924805
0.06006641313433647 0.05471492186188698 2.140596389770508
0.05964614078402519 0.054325588047504425 2.1282215118408203
0.059221599251031876 0.05336320027709007 2.3433589935302734
0.06425551325082779 0.05831887573003769 2.374655246734619
0.06051461026072502 0.0545491948723793 2.3861658573150635
0.055887725204229355 0.049895014613866806 2.3970839977264404
0.06318256258964539 0.05780518800020218 2.150951385498047
0.05911395698785782 0.05390109121799469 2.085145950317383
0.06123601272702217 0.055903851985931396 2.132864475250244
0.061130572110414505 0.055505167692899704 2.250161647796631
0.06190174072980881 0.05578700453042984 2.4458937644958496
0.059654735028743744 0.05334797874093056 2.52270245552063
0.061980072408914566 0.05591525137424469 2.425929069519043
0.06050601229071617 0.05467908829450607 2.3307700157165527
0.05999096482992172 0.054323747754096985 2.266887664794922
0.054585348814725876 0.049323637038469315 2.104685068130493
0.061294231563806534 0.05619722604751587 2.038802146911621
0.0639803484082222 0.058823585510253906 2.0627050399780273
0.06227221339941025 0.05623120069503784 2.4164047241210938
0.06349103897809982 0.057256922125816345 2.4936466217041016
0.05993448570370674 0.05397404730319977 2.3841757774353027
0.05824344605207443 0.052667513489723206 2.230372905731201
0.05836904048919678 0.053562529385089874 1.9226045608520508
0.057424116879701614 0.05283907800912857 1.8340158462524414
0.059910234063863754 0.05500823259353638 1.9608004093170166
0.05849786102771759 0.053355515003204346 2.056938886642456
0.0591452531516552 0.05326998606324196 2.350106954574585
0.059603333473205566 0.05303177237510681 2.6286239624023438
0.06209663674235344 0.055776529014110565 2.528043508529663
0.06321561336517334 0.05703803524374962 2.4710326194763184
0.05785876512527466 0.05207500606775284 2.3135037422180176
0.05923953279852867 0.05410768464207649 2.052739143371582
0.06183907389640808 0.05686990171670914 1.9876694679260254
0.06004426255822182 0.05486007779836655 2.0736734867095947
0.060611542314291 0.05484011769294739 2.3085694313049316
0.06187994033098221 0.055902719497680664 2.3908889293670654
0.05875472351908684 0.05240583419799805 2.5395562648773193
0.056190118193626404 0.049961380660533905 2.491494655609131
0.057813674211502075 0.05202144384384155 2.31689190864563
0.057662829756736755 0.05249672383069992 2.0664422512054443
0.058786213397979736 0.05387059599161148 1.9662463665008545
0.058562394231557846 0.05365762859582901 1.961906909942627
0.05743338167667389 0.05218520760536194 2.0992701053619385
0.05942373722791672 0.05356437712907791 2.3437447547912598
0.060166530311107635 0.05439169704914093 2.309934139251709
0.05649083852767944 0.0507621169090271 2.2914888858795166
0.05831627547740936 0.05325665697455406 2.0238471031188965
0.05650988221168518 0.05130089074373245 2.0835959911346436
0.0584995374083519 0.05347602069377899 2.0094072818756104
0.055411044508218765 0.05032085254788399 2.0360770225524902
0.0571066290140152 0.051690198481082916 2.166572093963623
0.058576613664627075 0.05274716764688492 2.3317790031433105
0.059438589960336685 0.05386875569820404 2.2279341220855713
0.05661964789032936 0.05097728222608566 2.256946563720703
0.0581207312643528 0.052596695721149445 2.2096140384674072
0.0569472461938858 0.05168358236551285 2.105465888977051
0.059239525347948074 0.053851447999477386 2.155230760574341
0.05928024277091026 0.05399719998240471 2.1132168769836426
0.057204000651836395 0.05154568701982498 2.2633256912231445
0.06015089154243469 0.05442313477396965 2.291102647781372
0.05693589895963669 0.05102495104074478 2.3643789291381836
0.06068497523665428 0.054624348878860474 2.4242501258850098
0.06102845445275307 0.055151697248220444 2.3507022857666016
0.05458121746778488 0.048962365835905075 2.2475411891937256
0.05795290693640709 0.05222490057349205 2.2912025451660156
0.05766737088561058 0.05204032361507416 2.250819206237793
0.05482505261898041 0.04924234747886658 2.233081579208374
0.059480324387550354 0.054343096911907196 2.054891586303711
0.05887620896100998 0.05375119671225548 2.0500054359436035
0.05729035288095474 0.05213702842593193 2.0613303184509277
0.05790496990084648 0.0524086132645607 2.1985421180725098
0.05814248323440552 0.05245475471019745 2.2750918865203857
0.05787082388997078 0.05225379019975662 2.246814012527466
0.056199811398983 0.05066929757595062 2.212205648422241
0.05579061433672905 0.050411418080329895 2.1516783237457275
0.057679612189531326 0.0524480976164341 2.0926060676574707
0.05582008138298988 0.05118726193904877 1.853128433227539
0.056989967823028564 0.05234751105308533 1.856982946395874
0.05304691940546036 0.04822533577680588 1.9286342859268188
0.05782679468393326 0.05260738730430603 2.0877630710601807
0.06338872760534286 0.05788500979542732 2.201486587524414
0.05562490597367287 0.04947839677333832 2.458604335784912
0.05508730933070183 0.048647746443748474 2.5758252143859863
0.05766334384679794 0.05174046754837036 2.369150161743164
0.05773221701383591 0.05267918482422829 2.0212130546569824
0.055802423506975174 0.05082519352436066 1.990891933441162
0.054483797401189804 0.049573592841625214 1.964081883430481
0.05938376858830452 0.05453380197286606 1.9399865865707397
0.05264502018690109 0.047356970608234406 2.115219831466675
0.057134293019771576 0.05134648084640503 2.315124273300171
0.05453983694314957 0.048639390617609024 2.3601791858673096
0.05564354360103607 0.05040229111909866 2.096501350402832
0.05068590119481087 0.045505739748477936 2.0720646381378174
0.059523407369852066 0.054844751954078674 1.8714616298675537
0.0584925152361393 0.05349821597337723 1.9977203607559204
0.05617464706301689 0.051149625331163406 2.0100090503692627
0.05610780790448189 0.05065352842211723 2.1817121505737305
0.06294334679841995 0.05696425586938858 2.391636371612549
0.05710906162858009 0.05112671107053757 2.392939805984497
0.059026844799518585 0.053149983286857605 2.3507442474365234
0.05405736714601517 0.048289284110069275 2.3072338104248047
0.054222989827394485 0.049410201609134674 1.9251151084899902
0.05545363202691078 0.050903066992759705 1.8202266693115234
0.056232430040836334 0.051892057061195374 1.736149549484253
0.055710569024086 0.050526294857263565 2.0737104415893555
0.05682678520679474 0.05140068009495735 2.1704421043395996
0.0568428598344326 0.051003798842430115 2.3356242179870605
0.05796365067362785 0.051719922572374344 2.4974911212921143
0.05631410330533981 0.050642408430576324 2.2686777114868164
0.056594301015138626 0.05103743076324463 2.2227487564086914
0.057502731680870056 0.05243301019072533 2.0278878211975098
0.05466241389513016 0.04964929074048996 2.0052490234375
0.054739467799663544 0.05007736384868622 1.864842414855957
0.056084588170051575 0.051041699945926666 2.0171549320220947
0.05354585498571396 0.04843558743596077 2.044106960296631
0.056235816329717636 0.05054548755288124 2.2761316299438477
0.05669697746634483 0.05084369704127312 2.3413119316101074
0.05419332534074783 0.048043183982372284 2.460056781768799
0.057891540229320526 0.052576325833797455 2.1260862350463867
0.05712752416729927 0.05207072198390961 2.0227208137512207
0.05369514226913452 0.048371896147727966 2.1292977333068848
0.0542307011783123 0.04898957908153534 2.0964484214782715
0.054740060120821 0.04977200925350189 1.9872207641601562
0.056147120893001556 0.05063769221305847 2.2037715911865234
0.056232161819934845 0.05024895444512367 2.3932833671569824
0.05404987186193466 0.048594310879707336 2.1822242736816406
0.055250175297260284 0.04981151223182678 2.1754660606384277
0.05528772994875908 0.049991752952337265 2.1183905601501465
0.056337855756282806 0.05129103735089302 2.0187268257141113
0.054538294672966 0.04914578050374985 2.1570050716400146
0.05666976422071457 0.05135975033044815 2.1240062713623047
0.055234238505363464 0.049858152866363525 2.1504344940185547
0.056436698883771896 0.05120476335287094 2.0927748680114746
0.052646998316049576 0.04716291278600693 2.193633794784546
0.05388409644365311 0.04866773635149002 2.0865445137023926
0.054465290158987045 0.0492573156952858 2.083190441131592
0.05540414899587631 0.05077441409230232 1.8518931865692139
0.051299870014190674 0.046107370406389236 2.077000141143799
0.0570005401968956 0.05243043228983879 1.8280431032180786
0.055133335292339325 0.050069332122802734 2.0256009101867676
0.0519772432744503 0.04708484560251236 1.956958532333374
0.05731966719031334 0.051752012223005295 2.2270615100860596
0.057010821998119354 0.05184248089790344 2.0673365592956543
0.05421881377696991 0.04907526448369026 2.057420015335083
0.05643649771809578 0.0512426495552063 2.0775394439697266
0.05571921542286873 0.05040554702281952 2.125466823577881
0.05410046875476837 0.048902787268161774 2.079073429107666
0.05255025625228882 0.04764657840132713 1.9614704847335815
0.05622943490743637 0.05126355215907097 1.986352562904358
0.05646688863635063 0.051718518137931824 1.8993477821350098
0.05663887783885002 0.051295310258865356 2.1374270915985107
0.05686322972178459 0.05151604861021042 2.1388726234436035
0.05327248573303223 0.04774259030818939 2.211958169937134
0.051681287586688995 0.04614035412669182 2.2163736820220947
0.05266592651605606 0.047165267169475555 2.2002644538879395
0.05312441289424896 0.0480969101190567 2.0110011100769043
0.05247773230075836 0.04779770225286484 1.8720113039016724
0.0552813783288002 0.05072186142206192 1.8238073587417603
0.0549970306456089 0.049886614084243774 2.0441672801971436
0.05146704986691475 0.04653695970773697 1.9720361232757568
0.05355082452297211 0.04820415377616882 2.138669013977051
0.05770272761583328 0.05241788923740387 2.113935947418213
0.05499524623155594 0.04988480359315872 2.044177770614624
0.053328096866607666 0.04803977161645889 2.115330934524536
0.05460814759135246 0.04967715963721275 1.9723950624465942
0.053404681384563446 0.0487021878361702 1.880998134613037
0.05313071981072426 0.04843657463788986 1.8776578903198242
0.05140794813632965 0.04637807235121727 2.0119504928588867
0.052763570100069046 0.04790765047073364 1.9423681497573853
0.053207434713840485 0.048381105065345764 1.9305322170257568
0.053827229887247086 0.04859963059425354 2.0910401344299316
0.052038490772247314 0.047391362488269806 1.8588520288467407
0.05313708633184433 0.04845471680164337 1.872948408126831
0.05408443138003349 0.04935569316148758 1.8914952278137207
0.050149668008089066 0.045447178184986115 1.880995512008667
0.05274451524019241 0.047776978462934494 1.9870140552520752
0.0549362450838089 0.04983467236161232 2.0406298637390137
0.05516234040260315 0.04975316673517227 2.1636691093444824
0.05305435508489609 0.04778221249580383 2.1088571548461914
0.05244912579655647 0.047144629061222076 2.121798515319824
0.05469847097992897 0.049400243908166885 2.119290351867676
0.05364661663770676 0.04895878583192825 1.8751320838928223
0.054993145167827606 0.0499291829764843 2.025585651397705
0.05475896969437599 0.050077468156814575 1.8726004362106323
0.05373479053378105 0.048464179039001465 2.1082446575164795
0.05189546197652817 0.04673052579164505 2.0659737586975098
0.055433884263038635 0.05057071894407272 1.9452660083770752
0.05363541096448898 0.04844775050878525 2.075063705444336
0.05445224046707153 0.0496872216463089 1.9060068130493164
0.05367211624979973 0.048426881432533264 2.0980935096740723
0.053571123629808426 0.048120804131031036 2.1801273822784424
0.055527135729789734 0.05078050494194031 1.8986529111862183
0.05459105968475342 0.049959056079387665 1.8528014421463013
0.05409897118806839 0.0489688441157341 2.052051544189453
0.054867103695869446 0.04952036216855049 2.1386964321136475
0.05475558340549469 0.049655571579933167 2.040004253387451
0.05533675104379654 0.05013829469680786 2.0793819427490234
0.05323772504925728 0.04769628494977951 2.2165756225585938
0.05371320620179176 0.048689279705286026 2.009571075439453
0.056039776653051376 0.05057646334171295 2.1853256225585938
0.05267005041241646 0.0473012812435627 2.1475071907043457
0.05553152412176132 0.05021383985877037 2.1270742416381836
0.05502825602889061 0.049933478236198425 2.0379116535186768
0.0542343333363533 0.04914762079715729 2.0346856117248535
0.053278326988220215 0.047808971256017685 2.1877427101135254
0.053737226873636246 0.04845220223069191 2.1140098571777344
0.05345424637198448 0.04802275449037552 2.1725971698760986
0.05366046354174614 0.04787826910614967 2.312877655029297
0.056754548102617264 0.05158285051584244 2.068678855895996
0.05359666049480438 0.04788150638341904 2.2860617637634277
0.05436800420284271 0.04879559576511383 2.2289626598358154
0.05325617641210556 0.04772018641233444 2.214395761489868
0.05323832482099533 0.047713927924633026 2.20975923538208
0.053437359631061554 0.04866603761911392 1.9085290431976318
0.05565795302391052 0.050754811614751816 1.9612561464309692
0.05457829684019089 0.04960084706544876 1.9909791946411133
0.050949085503816605 0.045780301094055176 2.0675134658813477
0.056053824722766876 0.05111265555024147 1.9764684438705444
0.05601958930492401 0.05100264772772789 2.0067765712738037
0.05360150337219238 0.049035750329494476 1.826301097869873
0.05162665992975235 0.04623112082481384 2.1582162380218506
0.05312955006957054 0.04788389801979065 2.0982608795166016
0.052719131112098694 0.04767494648694992 2.017674684524536
0.0535791739821434 0.04867986962199211 1.9597220420837402
0.05222401022911072 0.04716603457927704 2.023190498352051
0.05149368941783905 0.0467156246304512 1.9112257957458496
0.05625741556286812 0.0514867901802063 1.9082508087158203
0.05234229937195778 0.04733261838555336 2.003872871398926
0.054160915315151215 0.049220118671655655 1.976319432258606
0.05214983969926834 0.04711733013391495 2.0130043029785156
0.052872855216264725 0.0480295866727829 1.9373074769973755
0.050807010382413864 0.04605722799897194 1.8999134302139282
0.05295763909816742 0.048421382904052734 1.814502239227295
0.05500134825706482 0.05054705590009689 1.7817168235778809
0.053037770092487335 0.048087526112794876 1.9800969362258911
0.056665897369384766 0.051342494785785675 2.129361867904663
0.05258489027619362 0.04715937376022339 2.1702065467834473
0.053531546145677567 0.0482449010014534 2.1146578788757324
0.053909044712781906 0.04829020798206329 2.247534990310669
0.056907184422016144 0.05176611244678497 2.056429624557495
0.05489794909954071 0.049584150314331055 2.125519275665283
0.053259655833244324 0.04819786921143532 2.0247139930725098
0.05110672116279602 0.04598648101091385 2.0480966567993164
0.05497770011425018 0.04956042394042015 2.166909694671631
0.0516793392598629 0.04640612751245499 2.1092844009399414
0.050322484225034714 0.04487510770559311 2.1789512634277344
0.05221102386713028 0.046710237860679626 2.200314521789551
0.05353034287691116 0.048423945903778076 2.042558193206787
0.05062467232346535 0.04521501436829567 2.163862705230713
0.05120030790567398 0.045279018580913544 2.3685154914855957
0.053249843418598175 0.047843653708696365 2.162475109100342
0.053970854729413986 0.0488118976354599 2.063582420349121
0.05131625011563301 0.046012088656425476 2.121664524078369
0.05332600325345993 0.048401474952697754 1.9698119163513184
0.05170535296201706 0.04609241336584091 2.245175361633301
0.05534302815794945 0.05027756094932556 2.026186466217041
0.054955437779426575 0.050181515514850616 1.909569501876831
0.053663767874240875 0.04879043996334076 1.9493305683135986
0.050201769918203354 0.044520653784275055 2.2724461555480957
0.051079608500003815 0.04586146026849747 2.0872600078582764
0.052581243216991425 0.04730219393968582 2.111618995666504
0.05511215329170227 0.04992172122001648 2.0761728286743164
0.053484346717596054 0.0484536737203598 2.0122692584991455
0.05277476832270622 0.047454483807086945 2.1281137466430664
0.051508381962776184 0.04585915803909302 2.2596888542175293
0.05337976664304733 0.04812489077448845 2.1019504070281982
0.05205293372273445 0.046790800988674164 2.104853630065918
0.05356123298406601 0.048543550074100494 2.007073402404785
0.05224930867552757 0.04720448702573776 2.017928123474121
0.05261223763227463 0.04748187214136124 2.0521464347839355
0.053122587502002716 0.04793575778603554 2.0747315883636475
0.05101504549384117 0.04524610564112663 2.3075757026672363
0.05205763503909111 0.04663991928100586 2.167086601257324
0.05175356566905975 0.04646160453557968 2.1167848110198975
0.05009382218122482 0.04478190839290619 2.124764919281006
0.04884786158800125 0.044120728969573975 1.8908525705337524
0.05439020320773125 0.049237824976444244 2.060950756072998
0.050208136439323425 0.045412883162498474 1.9181008338928223
0.0518115758895874 0.046571701765060425 2.095949411392212
0.054458774626255035 0.049099504947662354 2.143707275390625
0.050450608134269714 0.04563137888908386 1.9276924133300781
0.05321180075407028 0.048379458487033844 1.9329373836517334
0.052324265241622925 0.0470961295068264 2.091254472732544
0.05317237600684166 0.047850996255874634 2.1285524368286133
0.05284145474433899 0.047553107142448425 2.1153388023376465
0.0509081706404686 0.045793332159519196 2.0459351539611816
0.051518119871616364 0.04649898782372475 2.0076522827148438
0.05482681095600128 0.04989832267165184 1.9713951349258423
0.051308903843164444 0.04640832170844078 1.9602323770523071
0.050625428557395935 0.04552567005157471 2.039903402328491
0.05241468548774719 0.04705524444580078 2.1437771320343018
0.05613938346505165 0.05049705132842064 2.2569332122802734
0.053970817476511 0.04861530661582947 2.142204523086548
0.050799980759620667 0.045497827231884 2.1208608150482178
0.0498676598072052 0.044549088925123215 2.1274287700653076
0.051471829414367676 0.046555452048778534 1.9665513038635254
0.05202925205230713 0.04739481210708618 1.8537752628326416
0.05283468961715698 0.048090651631355286 1.8976154327392578
0.051562242209911346 0.04634839668869972 2.085538387298584
0.051659487187862396 0.046505436301231384 2.0616202354431152
0.053230736404657364 0.047697387635707855 2.21333909034729
0.05112554877996445 0.04560824856162071 2.2069196701049805
0.049651797860860825 0.04437834769487381 2.109379768371582
0.050279922783374786 0.04483618587255478 2.177494764328003
0.05028016120195389 0.04498550668358803 2.1178624629974365
0.04935690015554428 0.04434192553162575 2.0059900283813477
0.04983902722597122 0.0448097363114357 2.0117170810699463
0.052730005234479904 0.04778579622507095 1.9776830673217773
0.05220361799001694 0.04686868190765381 2.133974313735962
0.053895004093647 0.04849957674741745 2.1581716537475586
0.054117098450660706 0.049014389514923096 2.041083335876465
0.05407196283340454 0.04818860441446304 2.3533437252044678
0.054002512246370316 0.04875481501221657 2.09907865524292
0.04939577355980873 0.044089481234550476 2.1225171089172363
0.05094253271818161 0.04565436393022537 2.115266799926758
0.05277685075998306 0.04796155169606209 1.9261196851730347
0.05421874299645424 0.04908830672502518 2.0521745681762695
0.051374342292547226 0.046266086399555206 2.043302536010742
0.0547371506690979 0.0496586337685585 2.0314061641693115
0.05358390882611275 0.04838357865810394 2.0801327228546143
0.050164490938186646 0.045058105140924454 2.0425539016723633
0.055728405714035034 0.05050280690193176 2.0902390480041504
0.05357673764228821 0.04838884621858597 2.0751571655273438
0.04818102717399597 0.04284993186593056 2.1324381828308105
0.05019610747694969 0.04471269249916077 2.1933658123016357
0.05138000100851059 0.046013861894607544 2.146456241607666
0.05198736488819122 0.04674851521849632 2.0955398082733154
0.051783837378025055 0.04677259176969528 2.004498243331909
0.051648519933223724 0.04662057384848595 2.0111782550811768
0.052276089787483215 0.047594472765922546 1.8726468086242676
0.05200180411338806 0.046756476163864136 2.0981311798095703
0.049054842442274094 0.04353470727801323 2.208054542541504
0.05286812409758568 0.04747975990176201 2.1553454399108887
0.05072804540395737 0.04558439925312996 2.0574586391448975
0.05325021222233772 0.04773581773042679 2.2057578563690186
0.05026378482580185 0.04530245065689087 1.9845340251922607
0.04960693418979645 0.044077444821596146 2.211796283721924
0.05101737007498741 0.04550131782889366 2.206421136856079
0.05130138620734215 0.046020425856113434 2.1123836040496826
0.05433022975921631 0.04941479116678238 1.966174840927124
0.05347761511802673 0.04824846237897873 2.0916614532470703
0.05520132929086685 0.05001694709062576 2.073753595352173
0.05507824197411537 0.04956427216529846 2.205587863922119
0.051815591752529144 0.04675256460905075 2.0252108573913574
0.05012569576501846 0.045047126710414886 2.0314273834228516
0.05090055614709854 0.04529803991317749 2.241007089614868
0.05065561830997467 0.04551561921834946 2.055999279022217
0.05518632382154465 0.05014029145240784 2.018413543701172
0.0543682798743248 0.04909530282020569 2.1091911792755127
0.049929942935705185 0.044900503009557724 2.0117759704589844
0.050384826958179474 0.04505329951643944 2.1326117515563965
0.051229946315288544 0.045217618346214294 2.4049315452575684
0.053402021527290344 0.04773552343249321 2.266599416732788
0.05399778485298157 0.04854590818285942 2.1807498931884766
0.05278332531452179 0.04702584072947502 2.3029932975769043
0.05310994014143944 0.04794446378946304 2.066190719604492
0.05015696957707405 0.04474005103111267 2.1667675971984863
0.05224278196692467 0.0468154102563858 2.1709485054016113
0.051297806203365326 0.04665571451187134 1.8568364381790161
0.04993036016821861 0.04495877027511597 1.9886362552642822
0.04985600709915161 0.04475080966949463 2.042078971862793
0.050579749047756195 0.04506126046180725 2.2073960304260254
0.052090004086494446 0.04665904492139816 2.1723835468292236
0.05270323157310486 0.04769688844680786 2.002537727355957
0.05531686916947365 0.04989293962717056 2.169572114944458
0.050454702228307724 0.04503636807203293 2.1673331260681152
0.05128343775868416 0.04558702930808067 2.278563976287842
0.051955822855234146 0.04647204279899597 2.193511962890625
0.05325496941804886 0.04775208234786987 2.2011542320251465
0.050717856734991074 0.045415863394737244 2.1207971572875977
0.05033780634403229 0.045316167175769806 2.0086562633514404
0.050260987132787704 0.044997021555900574 2.105586051940918
0.054145049303770065 0.04882398620247841 2.1284258365631104
0.05150482431054115 0.045999668538570404 2.2020628452301025
0.04857347533106804 0.043291300535202026 2.112870454788208
0.051162220537662506 0.04582866281270981 2.1334228515625
0.05276256054639816 0.04777634143829346 1.9944875240325928
0.052115797996520996 0.04680737853050232 2.123368263244629
0.04882553964853287 0.04382563382387161 1.999962568283081
0.05363975837826729 0.04775281250476837 2.354778289794922
0.05208209529519081 0.04692975804209709 2.060934543609619
0.05178819224238396 0.04666386544704437 2.0497303009033203
0.049957383424043655 0.04493601620197296 2.0085463523864746
0.052565380930900574 0.047215886414051056 2.139798164367676
0.051825955510139465 0.04597223550081253 2.341487407684326
0.05294734984636307 0.047769974917173386 2.0709500312805176
0.051095254719257355 0.04537452012300491 2.2882936000823975
0.05033458024263382 0.044929251074790955 2.1621322631835938
0.05174439772963524 0.046275824308395386 2.1874289512634277
0.053005192428827286 0.04683683440089226 2.467343807220459
0.05020608752965927 0.04464057832956314 2.226202964782715
0.05108574405312538 0.045235566794872284 2.340071201324463
0.04972558468580246 0.04425738379359245 2.1872811317443848
0.05125025659799576 0.04593043029308319 2.127930164337158
0.04729593172669411 0.04196252301335335 2.133363723754883
0.0505104660987854 0.04541010409593582 2.040144443511963
0.04964429885149002 0.04419172555208206 2.1810288429260254
0.05603792518377304 0.050899017602205276 2.055563449859619
0.05323701724410057 0.04798884689807892 2.0992684364318848
0.0514238141477108 0.04599878564476967 2.170011281967163
0.05113096535205841 0.04550011083483696 2.2523417472839355
0.048224106431007385 0.0429811030626297 2.097200870513916
0.048592258244752884 0.043422356247901917 2.0679612159729004
0.05194744095206261 0.04622430354356766 2.289254665374756
0.0494045689702034 0.04384550079703331 2.223628044128418
0.05183517932891846 0.04655085504055023 2.113729476928711
0.05045722797513008 0.04532662779092789 2.0522396564483643
0.05314774066209793 0.047279879450798035 2.3471450805664062
0.05307499319314957 0.047547146677970886 2.2111384868621826
0.0497918538749218 0.044503532350063324 2.115328788757324
0.0519864559173584 0.046898338943719864 2.0352468490600586
0.05073631927371025 0.045044008642435074 2.276923656463623
0.050841350108385086 0.0453360378742218 2.202125072479248
0.051959842443466187 0.046895332634449005 2.025803565979004
0.04962038993835449 0.04445074498653412 2.0678586959838867
0.05121390148997307 0.046440184116363525 1.9094867706298828
0.05014355108141899 0.04504512995481491 2.0393688678741455
0.054367247968912125 0.049015432596206665 2.1407268047332764
0.05511316657066345 0.0496988482773304 2.165726661682129
0.052216362208127975 0.046650923788547516 2.2261757850646973
0.05178079381585121 0.04623159021139145 2.219681739807129
0.04949214681982994 0.04430832341313362 2.07352876663208
0.05420166626572609 0.04896162077784538 2.0960183143615723
0.050607796758413315 0.04533505439758301 2.109097480773926
0.04933596029877663 0.04397529363632202 2.1442666053771973
0.049271292984485626 0.0441138856112957 2.062962532043457
0.047716960310935974 0.042676955461502075 2.0160021781921387
0.050208430737257004 0.045080333948135376 2.051238536834717
0.04864624887704849 0.04287419840693474 2.3088207244873047
0.05202028900384903 0.04645736515522003 2.2251698970794678
0.050963275134563446 0.04586346074938774 2.039926528930664
0.05515195429325104 0.04920179769396782 2.3800621032714844
0.051763877272605896 0.046623773872852325 2.056041955947876
0.05201921984553337 0.047029465436935425 1.9959022998809814
0.04768970608711243 0.042116887867450714 2.229128122329712
0.05122411623597145 0.046271733939647675 1.9809534549713135
0.04806594178080559 0.043186794966459274 1.951659083366394
0.05041687935590744 0.04472419619560242 2.277073860168457
0.05033388361334801 0.04493546485900879 2.159367322921753
0.05091458186507225 0.04567230865359306 2.0969090461730957
0.05119320750236511 0.045824695378541946 2.1474051475524902
0.050074391067028046 0.045023366808891296 2.0204102993011475
0.051175639033317566 0.04635116457939148 1.929789662361145
0.04974420368671417 0.044899094849824905 1.9380435943603516
0.0527559258043766 0.04715767502784729 2.239300012588501
0.04868128523230553 0.04354400560259819 2.0549120903015137
0.04936306178569794 0.044258613139390945 2.0417792797088623
0.05252324044704437 0.04693438857793808 2.2355408668518066
0.051973309367895126 0.04662295803427696 2.140141010284424
0.05408686399459839 0.048492588102817535 2.2377099990844727
0.0502503477036953 0.0444972887635231 2.3012242317199707
0.05192136764526367 0.046263739466667175 2.263051986694336
0.04913269728422165 0.043267976492643356 2.345888137817383
0.051446106284856796 0.046030767261981964 2.16613507270813
0.051167573779821396 0.04598236083984375 2.0740854740142822
0.04928778484463692 0.04344126582145691 2.3386073112487793
0.049179282039403915 0.04370405897498131 2.1900887489318848
0.05006459727883339 0.04444887116551399 2.246290445327759
0.04922119900584221 0.044048771262168884 2.0689706802368164
0.04957246407866478 0.04372939467430115 2.3372280597686768
0.048705827444791794 0.04338689148426056 2.1275742053985596
0.051302697509527206 0.046214595437049866 2.035240888595581
0.04728136211633682 0.04228438809514046 1.9987894296646118
0.0516822375357151 0.04627230763435364 2.1639723777770996
0.0495939776301384 0.044303879141807556 2.1160390377044678
0.050718069076538086 0.045901305973529816 1.9267048835754395
0.05080341547727585 0.045423656702041626 2.1519041061401367
0.05004585161805153 0.045069850981235504 1.9904000759124756
0.05392709746956825 0.048421941697597504 2.2020626068115234
0.04932762309908867 0.04349283128976822 2.3339173793792725
0.05105847865343094 0.046043604612350464 2.005949020385742
0.049522027373313904 0.04455751180648804 1.985806941986084
0.04965796694159508 0.04491407424211502 1.8975574970245361
0.05203058198094368 0.046600133180618286 2.17218017578125
0.05119723826646805 0.046074479818344116 2.0491034984588623
0.04828841611742973 0.04313737154006958 2.060418128967285
0.0554780438542366 0.050249192863702774 2.0915396213531494
0.04911389946937561 0.04368837550282478 2.1702089309692383
0.05325368419289589 0.04830772429704666 1.9783835411071777
0.04905222728848457 0.04387585073709488 2.0705504417419434
0.05155320465564728 0.0461188480257988 2.17374324798584
0.04822860658168793 0.04279628396034241 2.1729297637939453
0.05049067363142967 0.04532304406166077 2.0670523643493652
0.052185770124197006 0.04690307006239891 2.11307954788208
0.0516408234834671 0.04580142721533775 2.335758686065674
0.05161522328853607 0.04646047204732895 2.0619006156921387
0.051833346486091614 0.04579564556479454 2.4150805473327637
0.051094718277454376 0.045642558485269547 2.180863857269287
0.049376461654901505 0.04418390244245529 2.077023983001709
0.05077651888132095 0.04548494517803192 2.116629123687744
0.05250323936343193 0.04690099507570267 2.2408981323242188
0.05612881854176521 0.05083891376852989 2.115962266921997
0.05492032691836357 0.04871106892824173 2.48370361328125
0.050192445516586304 0.04409698024392128 2.4381861686706543
0.04961086064577103 0.04341994225978851 2.476367235183716
0.04781024158000946 0.04171030595898628 2.4399735927581787
0.04976055398583412 0.04413451626896858 2.2504148483276367
0.053163159638643265 0.04770534485578537 2.183126449584961
0.05027295649051666 0.045151181519031525 2.048710346221924
0.05055892467498779 0.04486057907342911 2.2793385982513428
0.04946878179907799 0.04414966702461243 2.1276464462280273
0.04894044250249863 0.043356072157621384 2.233748435974121
0.04933171719312668 0.043869130313396454 2.1850345134735107
0.04921868070960045 0.04383926838636398 2.151764392852783
0.051986437290906906 0.04698232188820839 2.001645565032959
0.04878334328532219 0.043758705258369446 2.0098557472229004
0.05180976539850235 0.046764157712459564 2.018242597579956
0.052083373069763184 0.047291047871112823 1.916930913925171
0.05194488540291786 0.046611487865448 2.133359670639038
0.05196511745452881 0.04665447771549225 2.124256134033203
0.04850887507200241 0.043149132281541824 2.143897294998169
0.04932451620697975 0.043827734887599945 2.198712110519409
0.05213361233472824 0.04693415015935898 2.079784393310547
0.05049411579966545 0.044822707772254944 2.268563747406006
0.048104993999004364 0.04246876761317253 2.254491090774536
0.051546476781368256 0.0462971031665802 2.0997493267059326
0.05013618618249893 0.044202450662851334 2.3734946250915527
0.052796464413404465 0.04721610248088837 2.232144832611084
0.04958806931972504 0.0441911555826664 2.1587653160095215
0.04851793870329857 0.043187178671360016 2.1323041915893555
0.048657868057489395 0.04309770092368126 2.224067211151123
0.04659339040517807 0.04116601496934891 2.170949935913086
0.049366313964128494 0.04429567977786064 2.0282530784606934
0.05133621022105217 0.04587133601307869 2.18595027923584
0.05115310847759247 0.04593589901924133 2.0868842601776123
0.047545600682497025 0.042333200573921204 2.0849599838256836
0.04995309188961983 0.04486125335097313 2.036736011505127
0.04848543554544449 0.04301684349775314 2.187437057495117
0.04928731545805931 0.04416158050298691 2.0502939224243164
0.04899115860462189 0.04393630847334862 2.021939277648926
0.050668857991695404 0.045458100736141205 2.084303379058838
0.05125861614942551 0.045756302773952484 2.200925588607788
0.04738663509488106 0.042088832706213 2.1191210746765137
0.04753394052386284 0.04196329414844513 2.2282586097717285
0.048254337161779404 0.04295995831489563 2.1177518367767334
0.05244613438844681 0.04670547693967819 2.296262502670288
0.04969705641269684 0.04392610117793083 2.3083817958831787
0.052020829170942307 0.04713565856218338 1.9540677070617676
0.05025679990649223 0.04493637755513191 2.128169536590576
0.05130889266729355 0.045926667749881744 2.152890205383301
0.04856778681278229 0.0432928092777729 2.1099908351898193
0.05083364620804787 0.04539617896080017 2.174987316131592
0.04782921075820923 0.042397357523441315 2.1727421283721924
0.049388203769922256 0.04429861158132553 2.035837173461914
0.050457894802093506 0.04543557018041611 2.008930206298828
0.04988332465291023 0.044084444642066956 2.319551944732666
0.049932148307561874 0.04492393136024475 2.0032873153686523
0.04532838985323906 0.03986212611198425 2.186505079269409
0.05135621130466461 0.046059899032115936 2.118525505065918
0.05024968087673187 0.044679515063762665 2.2280666828155518
0.05146157369017601 0.04586413502693176 2.2389752864837646
0.051141783595085144 0.045937441289424896 2.0817365646362305
0.05350656807422638 0.04828157648444176 2.089996337890625
0.05074417218565941 0.04528789967298508 2.182509422302246
0.04907294735312462 0.043704062700271606 2.1475541591644287
0.04470962658524513 0.03918253630399704 2.21083664894104
0.04772798717021942 0.042484890669584274 2.097238063812256
0.05446573719382286 0.04914971441030502 2.126408576965332
0.049518659710884094 0.04437930881977081 2.05574107170105
0.049381520599126816 0.04365282133221626 2.29148006439209
0.051459383219480515 0.04614913463592529 2.1240997314453125
0.04913559928536415 0.044008802622556686 2.0507185459136963
0.050869401544332504 0.04570603370666504 2.0653467178344727
0.047925032675266266 0.042606160044670105 2.127549171447754
0.04888486862182617 0.04368811845779419 2.078700542449951
0.050170157104730606 0.04484229162335396 2.131145715713501
0.051771700382232666 0.04641375690698624 2.1431772708892822
0.049381133168935776 0.043869324028491974 2.2047231197357178
0.051466044038534164 0.0463140606880188 2.060793399810791
0.04832474887371063 0.043026089668273926 2.119464159011841
0.048660676926374435 0.04341544583439827 2.0980923175811768
0.050262413918972015 0.044995494186878204 2.106767177581787
0.05257934704422951 0.04746583104133606 2.0454068183898926
0.05164329707622528 0.046759121119976044 1.9536705017089844
0.05148621276021004 0.045155756175518036 2.5321826934814453
0.05018430948257446 0.04408390820026398 2.4401607513427734
0.05210432410240173 0.046460285782814026 2.257614850997925
0.04904501512646675 0.043697379529476166 2.139054775238037
0.053387343883514404 0.047742657363414764 2.257874011993408
0.04901916906237602 0.04368726909160614 2.1327595710754395
0.05052906647324562 0.04510226100683212 2.170722723007202
0.05308344587683678 0.047840315848588943 2.0972518920898438
0.049857884645462036 0.043943699449300766 2.3656744956970215
0.047202106565237045 0.041318073868751526 2.3536128997802734
0.04932918772101402 0.04381226748228073 2.206768751144409
0.04551766812801361 0.040075186640024185 2.176992416381836
0.04871702566742897 0.04278068244457245 2.374537944793701
0.048884015530347824 0.0438760407269001 2.003190279006958
0.05055587366223335 0.044950466603040695 2.2421624660491943
0.05045429244637489 0.04497997835278511 2.189725875854492
0.05165214091539383 0.046167951077222824 2.193676471710205
0.048546433448791504 0.04293065518140793 2.2463111877441406
0.05047145485877991 0.04495522379875183 2.2064919471740723
0.050696033984422684 0.045268714427948 2.170928478240967
0.04749799519777298 0.0422317236661911 2.106508731842041
0.05281566455960274 0.04748409986495972 2.1326253414154053
0.05089014396071434 0.045823048800230026 2.0268378257751465
0.05040069669485092 0.044891972094774246 2.2034902572631836
0.05245351418852806 0.046781282871961594 2.268892288208008
0.05083025246858597 0.04526762664318085 2.225050449371338
0.0487474650144577 0.04321981593966484 2.211060047149658
0.051257871091365814 0.04609839618206024 2.063790798187256
0.04843038693070412 0.04280654713511467 2.2495365142822266
0.04907336086034775 0.04372139647603035 2.1407861709594727
0.050708871334791183 0.04549025371670723 2.087447166442871
0.05069033429026604 0.0449775755405426 2.2851037979125977
0.051618460565805435 0.045716650784015656 2.3607234954833984
0.05296893045306206 0.047243788838386536 2.2900567054748535
0.049692198634147644 0.04397840052843094 2.285519599914551
0.05117100849747658 0.0460706502199173 2.0401434898376465
0.05034744367003441 0.04419171065092087 2.462293863296509
0.05011149123311043 0.04417339339852333 2.3752388954162598
0.048980630934238434 0.04321637004613876 2.3057045936584473
0.05329449102282524 0.04772043600678444 2.2296221256256104
0.0486711747944355 0.04306865856051445 2.2410058975219727
0.05015096068382263 0.044609762728214264 2.216479539871216
0.049958378076553345 0.04382319748401642 2.4540717601776123
0.05054131895303726 0.044740818440914154 2.3202009201049805
0.050829093903303146 0.045441605150699615 2.1549954414367676
0.05049518123269081 0.0449935644865036 2.20064640045166
0.04866251349449158 0.04292859882116318 2.293565273284912
0.05109400302171707 0.04536307230591774 2.292371988296509
0.04963970556855202 0.0440475195646286 2.236875057220459
0.05127023532986641 0.044500939548015594 2.7077181339263916
0.047631584107875824 0.0419517457485199 2.2719359397888184
0.04969315975904465 0.04397272318601608 2.288174629211426
0.0483531579375267 0.042295705527067184 2.4229812622070312
0.049489740282297134 0.0437081977725029 2.312617063522339
0.05100240930914879 0.04525589942932129 2.2986040115356445
0.04740843176841736 0.041476622223854065 2.3727235794067383
0.04944958537817001 0.043609168380498886 2.3361666202545166
0.05069920793175697 0.04511342942714691 2.234311580657959
0.04775206372141838 0.041581470519304276 2.4682374000549316
0.051136910915374756 0.045295268297195435 2.336657762527466
0.051056455820798874 0.04439019039273262 2.666506767272949
0.04891572147607803 0.04317349195480347 2.2968921661376953
0.05088801681995392 0.04480058327317238 2.4349730014801025
0.05024624988436699 0.044579118490219116 2.266852617263794
0.051258303225040436 0.04507976025342941 2.471416473388672
0.05126790329813957 0.045697376132011414 2.22821044921875
0.04796479269862175 0.04202062264084816 2.377668619155884
0.047426987439394 0.041511788964271545 2.366079807281494
0.05234275758266449 0.047030553221702576 2.1248817443847656
0.049607209861278534 0.04377145320177078 2.334303379058838
0.052206382155418396 0.04668246954679489 2.2095651626586914
0.050246819853782654 0.0446944385766983 2.2209527492523193
0.051225509494543076 0.044737398624420166 2.5952444076538086
0.05071401596069336 0.04480811208486557 2.3623619079589844
0.04903266206383705 0.04356619715690613 2.1865861415863037
0.049515385180711746 0.04361699894070625 2.359354257583618
0.046390168368816376 0.04110658913850784 2.113431453704834
0.047273121774196625 0.04239990934729576 1.949285626411438
0.04881601780653 0.0427335649728775 2.432981491088867
0.04907114803791046 0.04346371069550514 2.2429747581481934
0.05140693485736847 0.045790307223796844 2.2466506958007812
0.05040326714515686 0.04449237138032913 2.3643579483032227
0.052577730268239975 0.046932466328144073 2.258106231689453
0.04944761469960213 0.0440589040517807 2.155484199523926
0.051118701696395874 0.045571308583021164 2.2189579010009766
0.05047067627310753 0.0448136106133461 2.262826681137085
0.050462640821933746 0.04459928721189499 2.3453421592712402
0.047808680683374405 0.04249673709273338 2.124777317047119
0.04957165941596031 0.04425773024559021 2.1255714893341064
0.05034753680229187 0.044883981347084045 2.185422897338867
0.05017559975385666 0.044393379241228104 2.3128881454467773
0.04933930188417435 0.04320884495973587 2.452183246612549
0.049930524080991745 0.04419703781604767 2.293394088745117
0.04727235063910484 0.041775111109018326 2.1988964080810547
0.04868175834417343 0.04325830191373825 2.1693830490112305
0.05113464966416359 0.04588022828102112 2.1017680168151855
0.05217529088258743 0.047260113060474396 1.966070532798767
0.049406498670578 0.04390205070376396 2.2017786502838135
0.04916916415095329 0.043246231973171234 2.369173526763916
0.04874015972018242 0.04333389550447464 2.162505865097046
0.04945233464241028 0.04428087919950485 2.068582057952881
0.04887281358242035 0.04322511702775955 2.2590789794921875
0.045378535985946655 0.03999719023704529 2.152538776397705
0.04644427448511124 0.04089948534965515 2.2179157733917236
0.049908094108104706 0.044085197150707245 2.3291590213775635
0.05100223049521446 0.04577846825122833 2.0895044803619385
0.04833880811929703 0.042891621589660645 2.1788740158081055
0.050831109285354614 0.04541660100221634 2.1658029556274414
0.04895191267132759 0.043807096779346466 2.057926654815674
0.052065905183553696 0.04664341360330582 2.1689963340759277
0.04933944344520569 0.043570518493652344 2.307570219039917
0.04897899180650711 0.04339715838432312 2.2327332496643066
0.04855017736554146 0.04338066652417183 2.0678038597106934
0.05090726912021637 0.04432188719511032 2.634153366088867
0.05241996422410011 0.046510249376297 2.3638863563537598
0.0528285838663578 0.04706794396042824 2.3042564392089844
0.04819634556770325 0.04237772524356842 2.327448844909668
0.051421720534563065 0.04467493295669556 2.6987156867980957
0.048792023211717606 0.043132372200489044 2.2638607025146484
0.04874948784708977 0.04243118688464165 2.527320623397827
0.049374110996723175 0.043790366500616074 2.2334985733032227
0.04991932585835457 0.04405437782406807 2.3459787368774414
0.05374252051115036 0.047626033425331116 2.4465956687927246
0.05180475115776062 0.045890312641859055 2.3657755851745605
0.051813043653964996 0.04645121842622757 2.1447298526763916
0.05246058478951454 0.045561179518699646 2.759762763977051
0.048917848616838455 0.04360395669937134 2.1255574226379395
0.0495181605219841 0.04368431121110916 2.333540439605713
0.04735511541366577 0.042126063257455826 2.0916213989257812
0.04719601944088936 0.041628818958997726 2.2268807888031006
0.04768937826156616 0.042089033871889114 2.2401371002197266
0.048873987048864365 0.043585680425167084 2.1153225898742676
0.04944807291030884 0.043696947395801544 2.3004510402679443
0.04725508391857147 0.041791416704654694 2.18546724319458
0.050257664173841476 0.045213691890239716 2.017589569091797
0.052360597997903824 0.04703106731176376 2.131812810897827
0.0496981255710125 0.0441996194422245 2.1994028091430664
0.05024605244398117 0.044979847967624664 2.10648250579834
0.05086074024438858 0.0450466014444828 2.3256561756134033
0.05037359148263931 0.044541485607624054 2.3328418731689453
0.04939832165837288 0.0438988097012043 2.1998047828674316
0.04980841279029846 0.04401475563645363 2.31746244430542
0.04857303202152252 0.042820774018764496 2.3009033203125
0.050742264837026596 0.043979257345199585 2.7052035331726074
0.04851608723402023 0.042854614555835724 2.264589786529541
0.0497748889029026 0.04398258402943611 2.316922426223755
0.04738009721040726 0.04150935262441635 2.3482980728149414
0.052335016429424286 0.04669066518545151 2.2577412128448486
0.04754570871591568 0.041894711554050446 2.2603983879089355
0.047032445669174194 0.04168963059782982 2.1371254920959473
0.047923147678375244 0.04186232388019562 2.4243297576904297
0.050031229853630066 0.04452367126941681 2.2030227184295654
0.04829660803079605 0.042775221168994904 2.20855450630188
0.04910605028271675 0.04346223920583725 2.2575249671936035
0.050482384860515594 0.044809408485889435 2.269191265106201
0.0490112341940403 0.04389117658138275 2.048022747039795
0.050963111221790314 0.04543435573577881 2.2115015983581543
0.05192066356539726 0.04520770534873009 2.685183525085449
0.05149261653423309 0.045739755034446716 2.301145315170288
0.05173506215214729 0.04564382880926132 2.436493396759033
0.05556224659085274 0.05002427473664284 2.215188980102539
0.049271486699581146 0.04365240037441254 2.2476346492767334
0.048529110848903656 0.04270484298467636 2.329706907272339
0.04719112068414688 0.041846733540296555 2.1377546787261963
0.04998013749718666 0.044625796377658844 2.1417367458343506
0.04751795530319214 0.04214441776275635 2.1494152545928955
0.04831017553806305 0.04253445193171501 2.310289144515991
0.049136944115161896 0.043139033019542694 2.3991641998291016
0.04900015890598297 0.043309591710567474 2.27622652053833
0.04910792410373688 0.04388710856437683 2.0883264541625977
0.04972660541534424 0.043973345309495926 2.301304340362549
0.05074458569288254 0.044806480407714844 2.375241756439209
0.04959600046277046 0.04338632524013519 2.483869791030884
0.04478980973362923 0.03921084851026535 2.2315845489501953
0.050882309675216675 0.04517350345849991 2.2835230827331543
0.05108309164643288 0.0458037294447422 2.1117453575134277
0.04839307814836502 0.042703062295913696 2.2760062217712402
0.048853158950805664 0.043483491986989975 2.147866725921631
0.04847794771194458 0.04290764778852463 2.2281200885772705
0.0498230904340744 0.04436261206865311 2.1841917037963867
0.04757341742515564 0.04220603033900261 2.1469550132751465
0.04693670570850372 0.041317179799079895 2.247809886932373
0.04977712035179138 0.04413771629333496 2.255760908126831
0.054640498012304306 0.04920150712132454 2.175595998764038
0.049213558435440063 0.043130628764629364 2.4331724643707275
0.0530068576335907 0.047091737389564514 2.3660476207733154
0.04954937845468521 0.04330163449048996 2.4990978240966797
0.04752445966005325 0.04124695807695389 2.5110011100769043
0.04934106394648552 0.04316442459821701 2.4706554412841797
0.04835421219468117 0.04293407127261162 2.168056011199951
0.049234867095947266 0.043276891112327576 2.3831911087036133
0.04920206218957901 0.04333005100488663 2.348804235458374
0.048900898545980453 0.04267827421426773 2.4890494346618652
0.04719206690788269 0.04100540280342102 2.474666118621826
0.048359036445617676 0.04275680333375931 2.2408933639526367
0.049340780824422836 0.043648868799209595 2.2767648696899414
0.049464933574199677 0.043602101504802704 2.34513258934021
0.046778734773397446 0.041575826704502106 2.0811634063720703
