0.3050634562969208 0.19314786791801453 4.47662353515625
0.25677791237831116 0.18978147208690643 2.6798572540283203
0.23522496223449707 0.18326732516288757 2.078305721282959
0.23024868965148926 0.17746302485466003 2.11142635345459
0.22741839289665222 0.17250749468803406 2.1964359283447266
0.21772578358650208 0.16149798035621643 2.249112367630005
0.21374362707138062 0.1571348011493683 2.264352798461914
0.20188391208648682 0.15269872546195984 1.9674071073532104
0.1922054886817932 0.145734041929245 1.8588578701019287
0.1885053962469101 0.14615321159362793 1.6940873861312866
0.1760793924331665 0.13660486042499542 1.5789810419082642
0.17421293258666992 0.13772077858448029 1.459686279296875
0.15633779764175415 0.12301699817180634 1.332831859588623
0.17073321342468262 0.1375546157360077 1.3271440267562866
0.16166618466377258 0.12866394221782684 1.320089340209961
0.15626606345176697 0.12499850988388062 1.250702142715454
0.15213164687156677 0.12080742418766022 1.2529690265655518
0.1489204466342926 0.11793223023414612 1.239528775215149
0.1497536599636078 0.11910994350910187 1.2257486581802368
0.1375080645084381 0.10907246172428131 1.137424349784851
0.137658029794693 0.11142384260892868 1.0493674278259277
0.13151678442955017 0.10708338022232056 0.9773362278938293
0.1372089982032776 0.11282903701066971 0.9751982688903809
0.13330622017383575 0.10843183100223541 0.9949758052825928
0.13526232540607452 0.11054869741201401 0.9885449409484863
0.131670281291008 0.1070619523525238 0.9843333959579468
0.12664809823036194 0.10443528741598129 0.888512372970581
0.12836791574954987 0.10682535916566849 0.861702024936676
0.12449704855680466 0.10336334258317947 0.8453482985496521
0.12212368100881577 0.1013043224811554 0.8327743411064148
0.12460573762655258 0.10364381968975067 0.8384767174720764
0.12251846492290497 0.10244115442037582 0.8030924797058105
0.11275099962949753 0.09379450976848602 0.7582595944404602
0.11863027513027191 0.1011643335223198 0.6986376047134399
0.11884438991546631 0.101885586977005 0.6783521175384521
0.11199936270713806 0.09450608491897583 0.6997309923171997
0.11440873146057129 0.09754760563373566 0.6744450330734253
0.11418486386537552 0.09637411683797836 0.7124298810958862
0.11133726686239243 0.0957573652267456 0.6231959462165833
0.1093946248292923 0.09368099272251129 0.6285451054573059
0.10895347595214844 0.09318497776985168 0.6307398676872253
0.11010603606700897 0.09394261986017227 0.646536648273468
0.10687389969825745 0.09074591845273972 0.645119309425354
0.1072482168674469 0.09209232777357101 0.6062356233596802
0.10612872987985611 0.09130659699440002 0.5928851962089539
0.10771612823009491 0.09271084517240524 0.6002113819122314
0.1005338653922081 0.085545614361763 0.599530041217804
0.10633070021867752 0.09070949256420135 0.6248482465744019
0.09942404180765152 0.08535391092300415 0.5628053545951843
0.10342280566692352 0.08993871510028839 0.5393636226654053
0.10170833766460419 0.08840244263410568 0.5322357416152954
0.09424345195293427 0.08110880851745605 0.525385856628418
0.09856799244880676 0.0850665271282196 0.5400586128234863
0.09648703783750534 0.08421608805656433 0.4908379912376404
0.09790440648794174 0.08618538081645966 0.4687610864639282
0.09976410865783691 0.08790792524814606 0.47424745559692383
0.09592097997665405 0.08390779793262482 0.48052728176116943
0.09634029865264893 0.08457349240779877 0.47067224979400635
0.09220954775810242 0.0809747576713562 0.44939151406288147
0.09086696058511734 0.07992644608020782 0.43762046098709106
0.0940965786576271 0.08257609605789185 0.46081918478012085
0.09114450961351395 0.08013860881328583 0.44023603200912476
0.09091674536466599 0.07971273362636566 0.4481603503227234
0.09015665203332901 0.07944702357053757 0.42838525772094727
0.08800917863845825 0.07733222097158432 0.4270784556865692
0.0935814380645752 0.08315346390008926 0.4171190857887268
0.08694218099117279 0.07670072466135025 0.4096583127975464
0.09226866811513901 0.08238054811954498 0.395524799823761
0.08609355986118317 0.0762026458978653 0.3956364393234253
0.08637473732233047 0.07704971730709076 0.3730008006095886
0.08708122372627258 0.07797485589981079 0.36425480246543884
0.08766025304794312 0.07834232598543167 0.372717022895813
0.08696527034044266 0.07621986418962479 0.4298163652420044
0.08452137559652328 0.07527342438697815 0.3699181079864502
0.07848787307739258 0.07055921107530594 0.31714633107185364
0.08457610756158829 0.0752914547920227 0.37138602137565613
0.08301681280136108 0.07441096752882004 0.3442339301109314
0.0866653248667717 0.0779474601149559 0.3487146198749542
0.07821840792894363 0.06958267092704773 0.34542959928512573
0.07799997925758362 0.06968750059604645 0.33249911665916443
0.08242686837911606 0.07460550963878632 0.3128542900085449
0.08189471065998077 0.07400782406330109 0.3154755234718323
0.08054213225841522 0.07260744273662567 0.3173877000808716
0.07981471717357635 0.0714254304766655 0.3355714678764343
0.0801815465092659 0.0725468322634697 0.3053886294364929
0.07796423882246017 0.07000382244586945 0.31841662526130676
0.07809488475322723 0.07044056057929993 0.30617302656173706
0.07966408878564835 0.07232731580734253 0.29347094893455505
0.08011110126972198 0.07248476147651672 0.3050534427165985
0.07398206740617752 0.0667526051402092 0.2891784906387329
0.07217530906200409 0.06504552066326141 0.2851915657520294
0.07385614514350891 0.06650331616401672 0.29411324858665466
0.0736982673406601 0.06613142788410187 0.3026736378669739
0.07333909720182419 0.06634275615215302 0.2798537611961365
0.07292996346950531 0.0657043606042862 0.28902411460876465
0.07755737006664276 0.07007985562086105 0.2991006076335907
0.07454263418912888 0.06790436804294586 0.2655307650566101
0.0697115883231163 0.06297826766967773 0.2693329453468323
0.07119842618703842 0.06441511958837509 0.271332323551178
0.07454846054315567 0.0681227520108223 0.2570282220840454
0.07581713050603867 0.06925508379936218 0.2624819278717041
0.06983086466789246 0.06374267488718033 0.24352745711803436
0.07007132470607758 0.06352555751800537 0.2618306279182434
0.06871592253446579 0.06230076029896736 0.25660648941993713
0.07165983319282532 0.06554549187421799 0.24457362294197083
0.07055971771478653 0.06448674201965332 0.24291890859603882
0.06969982385635376 0.06375513970851898 0.2377873659133911
0.0719311535358429 0.0653461217880249 0.2634012997150421
0.06951144337654114 0.06354646384716034 0.23859913647174835
0.07146590948104858 0.06500749289989471 0.25833672285079956
0.06830301135778427 0.0623801052570343 0.23691630363464355
0.06823958456516266 0.06230941414833069 0.23720695078372955
0.0707312747836113 0.06487593799829483 0.23421353101730347
0.06844279915094376 0.06278295814990997 0.22639362514019012
0.06555069983005524 0.05988599359989166 0.22658811509609222
0.06872157752513885 0.06291646510362625 0.2322046458721161
0.07220450788736343 0.06636003404855728 0.2337789088487625
0.06505035609006882 0.059288036078214645 0.23049277067184448
0.067449651658535 0.06211297586560249 0.21346692740917206
0.07080555707216263 0.06540683656930923 0.21594879031181335
0.06980771571397781 0.06411674618721008 0.22763881087303162
0.06704066693782806 0.061737846583127975 0.21211273968219757
0.06840964406728745 0.06311385333538055 0.2118317037820816
0.06562040746212006 0.06043018028140068 0.2076091766357422
0.06629136204719543 0.06101956591010094 0.21087175607681274
0.0672009140253067 0.062127843499183655 0.20292289555072784
0.06649824976921082 0.06161842122673988 0.19519320130348206
0.06564406305551529 0.06053125113248825 0.20451238751411438
0.06591878086328506 0.06108899042010307 0.19319167733192444
0.06494447588920593 0.06007295846939087 0.19486069679260254
0.06380092352628708 0.05897833779454231 0.19290342926979065
0.06317944824695587 0.0583672970533371 0.19248592853546143
0.06545277684926987 0.06037918105721474 0.20294389128684998
0.06604345142841339 0.06123913452029228 0.19217264652252197
0.06690333038568497 0.06224658340215683 0.1862698793411255
0.061711229383945465 0.057316020131111145 0.17580831050872803
0.064302958548069 0.059641096740961075 0.18647459149360657
0.06472177058458328 0.06025628000497818 0.1786196231842041
0.0648232027888298 0.060075290501117706 0.1899164319038391
0.06386876851320267 0.05905246362090111 0.19265221059322357
0.06511778384447098 0.0603199377655983 0.19191387295722961
0.06242372468113899 0.05787884443998337 0.18179520964622498
0.06657908111810684 0.06172624230384827 0.19411343336105347
0.065376415848732 0.06100644916296005 0.17479851841926575
0.0623636469244957 0.05791370943188667 0.17799757421016693
0.06660514324903488 0.06219623610377312 0.17635616660118103
0.062299326062202454 0.05824156105518341 0.16231060028076172
0.065898597240448 0.06153468042612076 0.17455679178237915
0.06262252479791641 0.05817316845059395 0.17797419428825378
0.06308507174253464 0.058882128447294235 0.16811780631542206
0.0638589933514595 0.05986088514328003 0.15992441773414612
0.06535129249095917 0.061016298830509186 0.1733996570110321
0.06156349554657936 0.05767427384853363 0.15556885302066803
0.06284566223621368 0.0586996003985405 0.16584256291389465
0.05881321057677269 0.05480295419692993 0.1604103147983551
0.060472406446933746 0.05654061585664749 0.15727154910564423
0.06418925523757935 0.06019245833158493 0.15987180173397064
0.06306914985179901 0.059378962963819504 0.14760762453079224
0.060826484113931656 0.057171713560819626 0.1461908519268036
0.059313103556632996 0.0554683618247509 0.153789684176445
0.06261482834815979 0.05886068195104599 0.15016582608222961
0.06291364133358002 0.05884823948144913 0.16261610388755798
0.06393832713365555 0.06018008664250374 0.15032969415187836
0.06384162604808807 0.05980512499809265 0.1614600419998169
0.06286273896694183 0.05917839705944061 0.1473737210035324
0.06024867296218872 0.05647746101021767 0.15084844827651978
0.06190727278590202 0.058193664997816086 0.1485443413257599
0.061280786991119385 0.057759810239076614 0.14083904027938843
0.060679078102111816 0.056999921798706055 0.1471661925315857
0.06305322796106339 0.059551820158958435 0.14005637168884277
0.0605071485042572 0.05689438804984093 0.14451034367084503
0.0618220716714859 0.05805617570877075 0.15063586831092834
0.06100768223404884 0.05754733830690384 0.13841372728347778
0.06106539070606232 0.057496801018714905 0.1427435427904129
0.0596906803548336 0.056276556104421616 0.1365649402141571
0.06104728579521179 0.05755741149187088 0.1395949423313141
0.06120028719305992 0.0576544813811779 0.14183223247528076
0.060573507100343704 0.05693480372428894 0.14554810523986816
0.06358037143945694 0.06019321084022522 0.1354864239692688
0.0635024905204773 0.060104914009571075 0.13590320944786072
0.06049066036939621 0.057172343134880066 0.13273273408412933
0.05964691564440727 0.05616685748100281 0.1392023265361786
0.057560380548238754 0.05415228381752968 0.1363239288330078
0.05787895247340202 0.05477644503116608 0.12410031259059906
0.06107490882277489 0.057666826993227005 0.1363232135772705
0.06066381558775902 0.05752890557050705 0.12539634108543396
0.05720863863825798 0.05406380817294121 0.1257932037115097
0.06207796186208725 0.058994244784116745 0.12334860861301422
0.062945157289505 0.059524424374103546 0.13682934641838074
0.05811496078968048 0.05502918362617493 0.12343102693557739
0.058861009776592255 0.05557076632976532 0.1316097378730774
0.059151843190193176 0.05570731312036514 0.13778118789196014
0.058206431567668915 0.05498149245977402 0.1289975345134735
0.060510553419589996 0.05747227370738983 0.12153114378452301
0.05941572040319443 0.05656486377120018 0.1140342727303505
0.06041400134563446 0.057160891592502594 0.13012436032295227
0.057897936552762985 0.05497795715928078 0.11679910868406296
0.057109806686639786 0.05410972982645035 0.12000307440757751
0.06237567588686943 0.05918509513139725 0.12762321531772614
0.05815068259835243 0.055069755762815475 0.12323705852031708
0.057405199855566025 0.05458323657512665 0.1128784716129303
0.05920810624957085 0.056390680372714996 0.1126970574259758
0.05752519890666008 0.05459921807050705 0.11703916639089584
0.05767536908388138 0.05465642735362053 0.12075771391391754
0.05986399203538895 0.05715124309062958 0.10850988328456879
0.05945051088929176 0.056552425026893616 0.11592350155115128
0.059998832643032074 0.05713585764169693 0.11451897025108337
0.057053279131650925 0.05415717884898186 0.1158440113067627
0.05825519934296608 0.055406730622053146 0.11393880844116211
0.06474492698907852 0.06166674941778183 0.1231270581483841
0.058940451592206955 0.05609862506389618 0.11367299407720566
0.05609291419386864 0.05347687751054764 0.10464146733283997
0.05847665295004845 0.055638596415519714 0.11352229118347168
0.05588400363922119 0.05314217135310173 0.10967335104942322
0.060475390404462814 0.05759374797344208 0.11526566743850708
0.0581115297973156 0.055386707186698914 0.10899296402931213
0.05602665990591049 0.05328492820262909 0.10966934263706207
0.06355617940425873 0.060946956276893616 0.10436904430389404
0.06180981174111366 0.05922253057360649 0.10349118709564209
0.0568220280110836 0.05426258221268654 0.10237777233123779
0.05757090821862221 0.05471903830766678 0.11407472938299179
0.061040401458740234 0.05829599127173424 0.10977635532617569
0.06258124113082886 0.05992117524147034 0.10640256106853485
0.05675996094942093 0.0541832372546196 0.10306898504495621
0.058857761323451996 0.05629479140043259 0.1025187224149704
0.057956017553806305 0.055387288331985474 0.10274918377399445
0.05691108852624893 0.05431573465466499 0.10381422936916351
0.055751554667949677 0.05310063064098358 0.10603703558444977
0.057029515504837036 0.05440819263458252 0.10485289990901947
0.05886498838663101 0.056249313056468964 0.10462705790996552
0.06006921827793121 0.05765482038259506 0.09657596051692963
0.05970868468284607 0.0571257546544075 0.10331721603870392
0.05739991366863251 0.05490656569600105 0.0997338742017746
0.05613046884536743 0.053922973573207855 0.08829988539218903
0.05746355280280113 0.05509715527296066 0.09465587884187698
0.05673263967037201 0.05447256937623024 0.09040281176567078
0.058278705924749374 0.05567716062068939 0.1040617823600769
0.05634802579879761 0.05419853329658508 0.08597971498966217
0.05637913569808006 0.05405804514884949 0.09284365177154541
0.0567755326628685 0.05436869338154793 0.09627355635166168
0.05498497560620308 0.05259595066308975 0.09556098282337189
0.056544993072748184 0.05404351279139519 0.10005922615528107
0.056182924658060074 0.053804341703653336 0.09514333307743073
0.0586102232336998 0.056301578879356384 0.09234584122896194
0.05655277520418167 0.05437490716576576 0.08711466193199158
0.0568268820643425 0.054403118789196014 0.0969504565000534
0.05513659492135048 0.052827075123786926 0.0923808217048645
0.05643397942185402 0.05426493287086487 0.08676189184188843
0.059925518929958344 0.05759614706039429 0.09317491948604584
0.05842301622033119 0.056400418281555176 0.08090397715568542
0.0544082336127758 0.052197378128767014 0.08843425661325455
0.057953543961048126 0.05579563230276108 0.08631642907857895
0.058634549379348755 0.05622727796435356 0.09629091620445251
0.05817365273833275 0.05609416589140892 0.08317947387695312
0.057047538459300995 0.05483968183398247 0.08831432461738586
0.05565757676959038 0.05341464653611183 0.08971720933914185
0.05543054640293121 0.05318375676870346 0.08987163007259369
0.0584866963326931 0.05620406195521355 0.09130534529685974
0.05801204591989517 0.05581861361861229 0.08773722499608994
0.05370589345693588 0.0516403391957283 0.08262212574481964
0.057616040110588074 0.055435921996831894 0.087204709649086
0.055240653455257416 0.05321108549833298 0.08118274807929993
0.057532038539648056 0.0553257092833519 0.08825322985649109
0.05747270584106445 0.05513427034020424 0.09353737533092499
0.05802979692816734 0.05597098916769028 0.08235231041908264
0.05487552285194397 0.052858106791973114 0.08069656789302826
0.060685209929943085 0.05859414488077164 0.08364260196685791
0.057154253125190735 0.05505426228046417 0.08399970829486847
0.05724957212805748 0.05514656379818916 0.08412034809589386
0.05618639662861824 0.05398949235677719 0.08787614107131958
0.052477817982435226 0.05039156228303909 0.08345021307468414
0.05758284032344818 0.055518899112939835 0.0825575739145279
0.05611532926559448 0.054134901612997055 0.07921713590621948
0.05666004866361618 0.054883576929569244 0.07105891406536102
0.05788816511631012 0.055911045521497726 0.07908472418785095
0.05540618672966957 0.05331985652446747 0.08345318585634232
0.05739330127835274 0.055298395454883575 0.08379624783992767
0.05652506276965141 0.05462420731782913 0.07603426277637482
0.060409605503082275 0.05836036801338196 0.08196953684091568
0.058441728353500366 0.056527234613895416 0.07657977938652039
0.05432797223329544 0.052458878606557846 0.07476375252008438
0.056134529411792755 0.05429644137620926 0.07352349162101746
0.0572870671749115 0.05534005165100098 0.07788056135177612
0.05325402319431305 0.05138755589723587 0.07465865463018417
0.05478578805923462 0.05281851440668106 0.07869091629981995
0.05735083296895027 0.05536739528179169 0.07933751493692398
0.05759419873356819 0.055534347891807556 0.08239401876926422
0.05429690703749657 0.05225921422243118 0.08150764554738998
0.05671531707048416 0.05487750470638275 0.073512502014637
0.055654529482126236 0.05387286841869354 0.07126637548208237
0.055871713906526566 0.05393771082162857 0.07736010104417801
0.057256750762462616 0.05542660504579544 0.07320576161146164
0.053783051669597626 0.05217323452234268 0.06439261883497238
0.057252608239650726 0.05519293248653412 0.08238710463047028
0.05510016530752182 0.05318921059370041 0.07643817365169525
0.0560896098613739 0.05423553287982941 0.07416312396526337
0.05639345198869705 0.05462063103914261 0.07091285288333893
0.055320072919130325 0.05349356681108475 0.07306021451950073
0.05369960889220238 0.052057184278964996 0.06569701433181763
0.05553135275840759 0.053779348731040955 0.07008013129234314
0.05625540763139725 0.05442675203084946 0.07314620167016983
0.05529420077800751 0.053461380302906036 0.07331288605928421
0.05948859453201294 0.057730868458747864 0.07030905038118362
0.05431805178523064 0.05266279727220535 0.06621018052101135
0.05399157851934433 0.05222509801387787 0.07065922021865845
0.05474245175719261 0.053057942539453506 0.0673803836107254
0.053947821259498596 0.05234839394688606 0.06397716701030731
0.055253420025110245 0.053445637226104736 0.07231131196022034
0.051963988691568375 0.05025610327720642 0.06831547617912292
0.05651479959487915 0.05474098026752472 0.07095271348953247
0.05822700634598732 0.05636991560459137 0.0742836743593216
0.05597849562764168 0.05437398701906204 0.064180389046669
0.055932432413101196 0.05413271486759186 0.07198864221572876
0.0569932758808136 0.055208757519721985 0.07138074934482574
0.05586346238851547 0.05412024259567261 0.06972884386777878
0.05244028568267822 0.05081409215927124 0.06504766643047333
0.05532422289252281 0.05359131097793579 0.06931645423173904
0.05651692673563957 0.054885245859622955 0.06526724994182587
0.05820527300238609 0.05665791407227516 0.061894387006759644
0.05454407259821892 0.05271506309509277 0.07316040992736816
0.056179169565439224 0.05452919006347656 0.06599923968315125
0.05707106739282608 0.05532926321029663 0.06967222690582275
0.05761261284351349 0.055877435952425 0.06940704584121704
0.055903445929288864 0.05428409203886986 0.06477414071559906
0.05652270466089249 0.05485824868083 0.066578209400177
0.058618415147066116 0.05690137296915054 0.06868167221546173
0.05763070285320282 0.05596588924527168 0.06659255921840668
0.05638647824525833 0.05482696741819382 0.06238047778606415
0.055782169103622437 0.05417340248823166 0.06435060501098633
0.055125657469034195 0.053604722023010254 0.06083746999502182
0.05696142092347145 0.05533967539668083 0.06486985087394714
0.053087275475263596 0.051468126475811005 0.06476597487926483
0.055881716310977936 0.054255396127700806 0.06505288183689117
0.05627990886569023 0.05465926229953766 0.0648258775472641
0.05512632057070732 0.0535275824368 0.06394948065280914
0.05765524506568909 0.05606967955827713 0.06342262774705887
0.05680513009428978 0.055251266807317734 0.062154561281204224
0.05407754331827164 0.05254386365413666 0.0613471120595932
0.05380915850400925 0.052244365215301514 0.06259171664714813
0.05636400356888771 0.05483769625425339 0.06105230003595352
0.0540221706032753 0.05250510573387146 0.06068260222673416
0.05714018642902374 0.055519893765449524 0.06481163948774338
0.056097257882356644 0.05469147861003876 0.05623117834329605
0.0566551499068737 0.05494871735572815 0.06825734674930573
0.05552322044968605 0.05411173775792122 0.05645928904414177
0.05576623976230621 0.054349325597286224 0.056676555424928665
0.05708783492445946 0.05557350069284439 0.06057343631982803
0.05936262384057045 0.057830486446619034 0.06128556281328201
0.05338773876428604 0.051926881074905396 0.05843435600399971
0.05483133718371391 0.0534941740334034 0.053486526012420654
0.05271810293197632 0.05135530233383179 0.054511990398168564
0.05386549234390259 0.05235936865210533 0.06024501100182533
0.05409441143274307 0.052727170288562775 0.05468970537185669
0.056417062878608704 0.05484127253293991 0.06303165853023529
0.053710825741291046 0.05232388153672218 0.055477697402238846
0.054046910256147385 0.052650973200798035 0.055837471038103104
0.051487457007169724 0.05008615553379059 0.05605204775929451
0.05290357023477554 0.05144151672720909 0.05848214030265808
0.056116554886102676 0.05464812368154526 0.05873724818229675
0.05378931760787964 0.052462510764598846 0.053072262555360794
0.05794217437505722 0.056499212980270386 0.05771845579147339
0.05274118855595589 0.051314711570739746 0.057059016078710556
0.05312294512987137 0.051750849932432175 0.05488385260105133
0.05332956463098526 0.051923274993896484 0.05625162273645401
0.055937815457582474 0.05454196780920029 0.055833958089351654
0.057513341307640076 0.05616159364581108 0.05406986549496651
0.05374755337834358 0.052362460643053055 0.055403679609298706
0.05227689817547798 0.050949275493621826 0.053104884922504425
0.05609765276312828 0.0548316165804863 0.05064140632748604
0.054645754396915436 0.05333919823169708 0.05226224660873413
0.05271805077791214 0.051456160843372345 0.05047565698623657
0.057259272783994675 0.05580955743789673 0.05798862501978874
0.05593628063797951 0.05451010912656784 0.05704681575298309
0.057335201650857925 0.05591019615530968 0.05700020492076874
0.053894009441137314 0.05251813679933548 0.055034879595041275
0.05760814622044563 0.05620027333498001 0.056314866989851
0.05818575620651245 0.05678766965866089 0.055923521518707275
0.05429517477750778 0.053121428936719894 0.04694978892803192
0.05581819638609886 0.05451454594731331 0.052146028727293015
0.05314110964536667 0.051685407757759094 0.05822806805372238
0.06046514958143234 0.0589744970202446 0.05962603911757469
0.055801887065172195 0.05446139723062515 0.05361965298652649
0.05546875670552254 0.054119255393743515 0.05398007109761238
0.05494611710309982 0.053594719618558884 0.05405595898628235
0.05504380911588669 0.053710781037807465 0.05332105606794357
0.051668472588062286 0.05037376284599304 0.051788438111543655
0.05336260050535202 0.05201373249292374 0.053954772651195526
0.0527828112244606 0.05159015953540802 0.047706007957458496
0.05492781475186348 0.05358855053782463 0.05357058718800545
0.05077271908521652 0.049498818814754486 0.05095607042312622
0.05895107612013817 0.05759895592927933 0.05408480018377304
0.05434320867061615 0.05304556339979172 0.051905807107686996
0.05532284080982208 0.0540233850479126 0.05197827145457268
0.053884461522102356 0.05255448818206787 0.0531989149749279
0.05389110743999481 0.05263829231262207 0.05011258274316788
0.05131139978766441 0.050173576921224594 0.04551294445991516
0.05708051845431328 0.055750153958797455 0.05321451649069786
0.056202422827482224 0.05511915683746338 0.04333062842488289
0.05367392301559448 0.05256380885839462 0.04440460354089737
0.05684247612953186 0.05559803545475006 0.049777574837207794
0.05740467086434364 0.05607984960079193 0.052992817014455795
0.05312112346291542 0.051862649619579315 0.05033893883228302
0.05092279613018036 0.049722373485565186 0.048016905784606934
0.052196204662323 0.051066722720861435 0.045179303735494614
0.055693767964839935 0.054467376321554184 0.04905572533607483
0.05277096852660179 0.051510997116565704 0.05039891600608826
0.05477321147918701 0.053546614944934845 0.04906386882066727
0.05107591301202774 0.0498465821146965 0.049173254519701004
0.054653849452733994 0.05342266708612442 0.049247365444898605
0.05200256407260895 0.05085347592830658 0.04596356302499771
0.054462797939777374 0.05333009362220764 0.04530823230743408
0.05442654713988304 0.05326608568429947 0.046418413519859314
0.05545051395893097 0.054228149354457855 0.04889463633298874
0.05506101995706558 0.05397530272603035 0.043428704142570496
0.05479172617197037 0.05366992950439453 0.04487188160419464
0.05822225287556648 0.05696400627493858 0.050329893827438354
0.05544876679778099 0.05425795912742615 0.04763229191303253
0.056088849902153015 0.05488685891032219 0.04807956516742706
0.052270978689193726 0.051100581884384155 0.04681587964296341
0.054299838840961456 0.053186435252428055 0.044536203145980835
0.052974503487348557 0.05182891711592674 0.045823484659194946
0.057201072573661804 0.05607260391116142 0.04513868689537048
0.05352077633142471 0.052458737045526505 0.04248157888650894
0.05808205157518387 0.056770458817481995 0.052463654428720474
0.053087618201971054 0.051960211247205734 0.04509630426764488
0.05592251941561699 0.05474314093589783 0.04717519134283066
0.053127773106098175 0.05198903754353523 0.045549456030130386
0.05477801337838173 0.05374763906002045 0.041214942932128906
0.05513422563672066 0.053855687379837036 0.05114157497882843
0.05345731973648071 0.0523417592048645 0.04462239518761635
0.05392200127243996 0.05284435302019119 0.04310597851872444
0.05259932205080986 0.0515778511762619 0.04085879027843475
0.05321456491947174 0.05195954442024231 0.050200846046209335
0.052315033972263336 0.05116846412420273 0.04586276412010193
0.05596540495753288 0.05480411648750305 0.04645158350467682
0.05443427711725235 0.05333976447582245 0.04378044232726097
0.05757470056414604 0.05643976479768753 0.04539737105369568
0.05405011028051376 0.05289198458194733 0.04632508382201195
0.05703424662351608 0.055858176201581955 0.0470428392291069
0.054559700191020966 0.053367145359516144 0.04770215228199959
0.0571756474673748 0.05594760924577713 0.04912149906158447
0.054033033549785614 0.05288846790790558 0.04578268527984619
0.05490000545978546 0.05392513796687126 0.038994766771793365
0.05098239332437515 0.049877479672431946 0.04419655352830887
0.052202045917510986 0.051160670816898346 0.04165507107973099
0.053710367530584335 0.05258960276842117 0.0448305681347847
0.05146385729312897 0.05039778724312782 0.04264285787940025
0.05265975743532181 0.051610592752695084 0.04196661710739136
0.052029307931661606 0.05097370222210884 0.04222424700856209
0.055164553225040436 0.05414632335305214 0.040729232132434845
0.05896772816777229 0.05773194134235382 0.04943147301673889
0.05556797608733177 0.05450005456805229 0.04271689057350159
0.05488593131303787 0.053759075701236725 0.04507416486740112
0.055521413683891296 0.05444853752851486 0.04291509836912155
0.05336596816778183 0.052292607724666595 0.042934343218803406
0.052204106003046036 0.05115288496017456 0.04204884544014931
0.0546347014605999 0.05354263260960579 0.043682761490345
0.05482528358697891 0.05372787266969681 0.04389647766947746
0.05299640819430351 0.051962509751319885 0.04135594516992569
0.053269319236278534 0.05217147618532181 0.04391375184059143
0.05226198211312294 0.051289044320583344 0.03891756385564804
0.0552256815135479 0.05416387319564819 0.04247226566076279
0.05139126628637314 0.05032958462834358 0.042467325925827026
0.052333585917949677 0.05124612897634506 0.04349830001592636
0.05436066538095474 0.05333628132939339 0.04097529500722885
0.05648049712181091 0.05550028011202812 0.03920866549015045
0.056544482707977295 0.05540042743086815 0.04576214402914047
0.05149032175540924 0.050509385764598846 0.039237432181835175
0.05536581575870514 0.054213546216487885 0.046090856194496155
0.05340217426419258 0.052435435354709625 0.038669586181640625
0.05612923949956894 0.05503105744719505 0.043927282094955444
0.050577644258737564 0.049668215215206146 0.03637709468603134
0.05447361618280411 0.05349290370941162 0.039228543639183044
0.05393671989440918 0.05295376852154732 0.03931809961795807
0.05533970147371292 0.05428996682167053 0.04198931157588959
0.05382062494754791 0.05278945341706276 0.041246868669986725
0.05169752612709999 0.05076102167367935 0.03746022284030914
0.053181521594524384 0.052248578518629074 0.03731777146458626
0.0592624805867672 0.0582171231508255 0.041814256459474564
0.054778724908828735 0.05373257026076317 0.04184624180197716
0.05516575649380684 0.05410274118185043 0.04252056032419205
0.0530405193567276 0.05207178741693497 0.0387493297457695
0.053339917212724686 0.052329350262880325 0.04042268916964531
0.05448737367987633 0.053460538387298584 0.04107339680194855
0.059614598751068115 0.05861624702811241 0.03993411734700203
0.055929481983184814 0.0548829585313797 0.04186088964343071
0.05412512645125389 0.0530770905315876 0.04192142188549042
0.050842542201280594 0.0498606413602829 0.03927602991461754
0.053655367344617844 0.0527428537607193 0.03650059551000595
0.050946179777383804 0.04999127238988876 0.038196247071027756
0.05276931822299957 0.0517694354057312 0.03999536857008934
0.05231834948062897 0.05140969902276993 0.03634604066610336
0.05776136368513107 0.056646060198545456 0.04461221396923065
0.053197793662548065 0.05217168480157852 0.04104439169168472
0.05538846552371979 0.054399605840444565 0.03955445811152458
0.05554530769586563 0.054522402584552765 0.040916137397289276
0.058248840272426605 0.05725522339344025 0.039744630455970764
0.05316982790827751 0.05220790207386017 0.03847700357437134
0.05394354835152626 0.05297327786684036 0.038810845464468
0.052974242717027664 0.05200784653425217 0.03865586966276169
0.05042874440550804 0.0493808388710022 0.04191623255610466
0.05366948992013931 0.0526459738612175 0.04094066470861435
0.05423476919531822 0.053262174129486084 0.03890383616089821
0.05531400814652443 0.05436909198760986 0.037796590477228165
0.052863236516714096 0.051948241889476776 0.03659979999065399
0.05584574490785599 0.05483900383114815 0.040269635617733
0.05293641611933708 0.05190715193748474 0.04117061197757721
0.05144617706537247 0.05051826685667038 0.03711641579866409
0.052626390010118484 0.05169939994812012 0.037079617381095886
0.05380118638277054 0.05283680558204651 0.03857520967721939
0.05151699110865593 0.05067521333694458 0.03367111459374428
0.05253976210951805 0.05153246968984604 0.04029176011681557
0.05498272925615311 0.054031290113925934 0.038057565689086914
0.05237623676657677 0.051455046981573105 0.036847569048404694
0.05330367758870125 0.05231231078505516 0.03965463489294052
0.05494973435997963 0.05407145619392395 0.035131171345710754
0.053867876529693604 0.052816689014434814 0.04204743728041649
0.05430147051811218 0.05339459702372551 0.036274880170822144
0.05539100617170334 0.05451275408267975 0.035130083560943604
0.055352017283439636 0.05443718284368515 0.03659337759017944
0.05696788430213928 0.056029196828603745 0.03754756599664688
0.05429037660360336 0.05341473966836929 0.03502541780471802
0.05741368979215622 0.05652090162038803 0.03571155294775963
0.05213942751288414 0.051272790879011154 0.03466544300317764
0.05545228347182274 0.054588668048381805 0.034544687718153
0.052864622324705124 0.051968418061733246 0.035848211497068405
0.055503249168395996 0.054570272564888 0.037319060415029526
0.05120881646871567 0.05029638484120369 0.036497265100479126
0.055127255618572235 0.05424686521291733 0.035215653479099274
0.05344247445464134 0.05252493917942047 0.03670145571231842
0.05341669172048569 0.0526193231344223 0.03189469873905182
0.05624711886048317 0.05535975843667984 0.035494450479745865
0.05298224464058876 0.0520610474050045 0.036847908049821854
0.05755167454481125 0.056535400450229645 0.040650948882102966
0.05403324216604233 0.05317138507962227 0.03447422385215759
0.053785018622875214 0.052752330899238586 0.0413074716925621
0.053528036922216415 0.05265996605157852 0.03472281992435455
0.05324213579297066 0.052377186715602875 0.03459795191884041
0.05667763203382492 0.05575404316186905 0.03694348782300949
0.051658980548381805 0.05088113248348236 0.03111397847533226
0.0536256842315197 0.052747130393981934 0.03514214605093002
0.05651382729411125 0.0556228868663311 0.03563756123185158
0.05313609540462494 0.052288446575403214 0.03390602022409439
0.05671868100762367 0.055800944566726685 0.03670940548181534
0.053150419145822525 0.05230779945850372 0.03370480239391327
0.0554799847304821 0.05462711304426193 0.03411480039358139
0.05266768857836723 0.051770396530628204 0.03589167073369026
0.05534615367650986 0.05448576807975769 0.03441543132066727
0.055735327303409576 0.054854616522789 0.03522844985127449
0.052457503974437714 0.05154718831181526 0.036412570625543594
0.05560141056776047 0.05467550456523895 0.03703630715608597
0.056096240878105164 0.0552162304520607 0.03520035743713379
0.05288923904299736 0.051998622715473175 0.03562465310096741
0.05146794766187668 0.050650905817747116 0.03268171846866608
0.05370703712105751 0.0528440997004509 0.03451751917600632
0.05060257390141487 0.0498223751783371 0.031207909807562828
0.055469758808612823 0.054601266980171204 0.03473973274230957
0.05577636882662773 0.05491417646408081 0.034487735480070114
0.05759143829345703 0.05674123764038086 0.03400804474949837
0.0559229701757431 0.055071789771318436 0.034047260880470276
0.05199102684855461 0.051230430603027344 0.03042386658489704
0.051432542502880096 0.050660163164138794 0.030895210802555084
0.05246073007583618 0.051632124930620193 0.03314421325922012
0.05230384320020676 0.05146443843841553 0.033576205372810364
0.05613074451684952 0.05535023659467697 0.031220346689224243
0.05350879207253456 0.05272480845451355 0.03135927766561508
0.05400483310222626 0.053102750331163406 0.036083318293094635
0.05411389470100403 0.053329769521951675 0.03136502206325531
0.05742967873811722 0.056630898267030716 0.03195120394229889
0.05344417318701744 0.05259811878204346 0.03384215384721756
0.0541558638215065 0.053265031427145004 0.03563329204916954
0.052069514989852905 0.05137412250041962 0.027815716341137886
0.05555449798703194 0.05468558147549629 0.0347566157579422
0.05382053181529045 0.05297880247235298 0.03366922587156296
0.05337003245949745 0.05259184539318085 0.031127426773309708
0.05058318376541138 0.04972860962152481 0.03418298065662384
0.0545307993888855 0.05366310477256775 0.03470785170793533
0.0516270287334919 0.05078762024641037 0.0335763618350029
0.05146566405892372 0.05058426409959793 0.03525597229599953
0.05034785717725754 0.04959850758314133 0.029973961412906647
0.05273948609828949 0.05196826159954071 0.030849017202854156
0.0522027388215065 0.051397282630205154 0.03221827745437622
0.05387464165687561 0.05305299162864685 0.032865945249795914
0.0541037917137146 0.05323181673884392 0.03487904742360115
0.05299253761768341 0.05215582996606827 0.03346832096576691
0.05462784320116043 0.05376487970352173 0.0345185250043869
0.054756589233875275 0.05397813767194748 0.0311380997300148
0.05506057292222977 0.05421529710292816 0.0338110476732254
0.048346277326345444 0.04764030501246452 0.02823885716497898
0.05436277762055397 0.053594641387462616 0.030725402757525444
0.0531994104385376 0.05243820324540138 0.03044823370873928
0.05407431349158287 0.053291186690330505 0.031325045973062515
0.05472865328192711 0.0539824515581131 0.02984805777668953
0.05179270729422569 0.05097547173500061 0.032689452171325684
0.05494564399123192 0.05411190539598465 0.03334956616163254
0.05262986570596695 0.051852211356163025 0.031106099486351013
0.052639998495578766 0.05187235027551651 0.03070598468184471
0.05151522532105446 0.05072543025016785 0.03159186244010925
0.05158320814371109 0.050838448107242584 0.029790423810482025
0.05330226570367813 0.052544862031936646 0.030296118929982185
0.05594201385974884 0.055146392434835434 0.03182484209537506
0.057328127324581146 0.05648276209831238 0.03381457179784775
0.050667691975831985 0.04990597814321518 0.030468594282865524
0.054672352969646454 0.05385025590658188 0.032883841544389725
0.05634843185544014 0.05562072992324829 0.02910807728767395
0.05383111909031868 0.053093962371349335 0.029486339539289474
0.051540594547986984 0.050825342535972595 0.028610141947865486
0.05182349309325218 0.051079463213682175 0.029761213809251785
0.054176222532987595 0.0534018874168396 0.030973367393016815
0.05399574339389801 0.053318265825510025 0.02709917724132538
0.049080412834882736 0.048322055488824844 0.030334319919347763
0.055941615253686905 0.05519356206059456 0.029922164976596832
0.05525287240743637 0.05447449907660484 0.03113498166203499
0.054436393082141876 0.05361790210008621 0.03273961693048477
0.05331568792462349 0.0524982251226902 0.03269857540726662
0.052447665482759476 0.051708120852708817 0.02958180382847786
0.053153783082962036 0.05239197984337807 0.03047219291329384
0.05176159739494324 0.05109773203730583 0.026554647833108902
0.05600409954786301 0.055267564952373505 0.029461363330483437
0.05225782096385956 0.051518335938453674 0.029579386115074158
0.053457967936992645 0.05271357297897339 0.029775729402899742
0.05560130625963211 0.054878462105989456 0.028913825750350952
0.05502557009458542 0.054256364703178406 0.030768215656280518
0.0536453016102314 0.05295581370592117 0.027579504996538162
0.05213119462132454 0.051423296332359314 0.028315914794802666
0.05792021006345749 0.05714506655931473 0.031005697324872017
0.0545731745660305 0.05382842570543289 0.029789982363581657
0.05479421466588974 0.05410502105951309 0.02756781503558159
0.05324287712574005 0.052555255591869354 0.0275049339979887
0.05293203890323639 0.05224044248461723 0.02766392007470131
0.05092940852046013 0.050245966762304306 0.027337703853845596
0.051702793687582016 0.05096754431724548 0.029410041868686676
0.05581183731555939 0.05502309277653694 0.031549714505672455
0.0550098791718483 0.05428001284599304 0.029194675385951996
0.054877858608961105 0.054124608635902405 0.030129972845315933
0.05549200251698494 0.05474703758955002 0.02979852817952633
0.05410071834921837 0.053404487669467926 0.027849256992340088
0.05449877306818962 0.053745657205581665 0.030124640092253685
0.054203107953071594 0.05345727503299713 0.029833300039172173
0.053576141595840454 0.05286206305027008 0.02856319583952427
0.055477678775787354 0.05475741624832153 0.028810497373342514
0.051309119910001755 0.050580963492393494 0.029126251116394997
0.050969500094652176 0.05023375526070595 0.029429776594042778
0.056722432374954224 0.055983275175094604 0.02956635318696499
0.052158452570438385 0.051452018320560455 0.028257304802536964
0.05144163593649864 0.050756096839904785 0.027421532198786736
0.055829357355833054 0.055120110511779785 0.028369907289743423
0.05121883004903793 0.050558947026729584 0.026395294815301895
0.057187922298908234 0.056447066366672516 0.02963424287736416
0.05366995558142662 0.05298197269439697 0.027519267052412033
0.04994617775082588 0.04926944524049759 0.027069369331002235
0.05318829417228699 0.0525188148021698 0.02677922137081623
0.05154215171933174 0.05085941404104233 0.027309516444802284
0.0564122349023819 0.055652156472206116 0.03040315955877304
0.052441637963056564 0.05177298188209534 0.02674620971083641
0.052238766103982925 0.05155225098133087 0.027460558339953423
0.05593515932559967 0.05523393303155899 0.028049113228917122
0.05134283006191254 0.050651006400585175 0.027672898024320602
0.054099831730127335 0.053325120359659195 0.030988523736596107
0.05608242750167847 0.05537255108356476 0.0283950362354517
0.05227057635784149 0.05153834819793701 0.029289137572050095
0.05203543230891228 0.05136469751596451 0.026829371228814125
0.056475475430488586 0.05576604977250099 0.028377078473567963
0.055477116256952286 0.05475969240069389 0.028696926310658455
0.05279393121600151 0.052136313170194626 0.0263046994805336
0.051942724734544754 0.05130017176270485 0.025702163577079773
0.05061880871653557 0.04995418339967728 0.026584984734654427
0.05378606170415878 0.05313657969236374 0.02597924694418907
0.0524815209209919 0.05180368199944496 0.02711350843310356
0.04974891245365143 0.049087658524513245 0.026450201869010925
0.054029788821935654 0.05339056998491287 0.02556871995329857
0.05093161761760712 0.05034948140382767 0.023285506293177605
0.05422660708427429 0.053575098514556885 0.026060286909341812
0.05513722077012062 0.05439547449350357 0.02966991439461708
0.054247040301561356 0.053582340478897095 0.02658805251121521
0.053921833634376526 0.053171928972005844 0.029996177181601524
0.051594700664281845 0.0509515181183815 0.025727342814207077
0.05292999744415283 0.05228453129529953 0.025818699970841408
0.05209280923008919 0.05143309757113457 0.02638840116560459
0.052137341350317 0.0514998659491539 0.025499066337943077
0.05381731688976288 0.053143210709095 0.026964226737618446
0.0512092262506485 0.05062107369303703 0.023526111617684364
0.05241210386157036 0.05178331211209297 0.02515166997909546
0.05333925411105156 0.05265062302350998 0.02754518762230873
0.053660936653614044 0.0530659481883049 0.023799486458301544
0.055033180862665176 0.05436460301280022 0.026743073016405106
0.05521334335207939 0.05453778803348541 0.027022238820791245
0.055388666689395905 0.05470021069049835 0.02753831446170807
0.055775903165340424 0.055068835616111755 0.028282666578888893
0.04991279914975166 0.04923589900135994 0.02707594260573387
0.0513763464987278 0.05077148973941803 0.024194281548261642
0.054146114736795425 0.053608596324920654 0.02150072157382965
0.056029606610536575 0.0553816556930542 0.025918109342455864
0.05138499662280083 0.05073702707886696 0.025918826460838318
0.0530383326113224 0.05241519212722778 0.024925675243139267
0.052500467747449875 0.051818739622831345 0.02726910263299942
0.054360080510377884 0.05367171764373779 0.027534455060958862
0.055370815098285675 0.05471944063901901 0.026054950430989265
0.05671950802206993 0.05597490817308426 0.02978406473994255
0.052857499569654465 0.052225224673748016 0.025291012600064278
0.05425678566098213 0.05360766500234604 0.025964850559830666
0.05614158883690834 0.05548284947872162 0.026349617168307304
0.04913593456149101 0.04862523451447487 0.02042795531451702
0.052306320518255234 0.05166774243116379 0.025543078780174255
0.04796876385807991 0.04735678434371948 0.024479161947965622
0.05408458784222603 0.05341961234807968 0.02659894898533821
0.04963289573788643 0.04908125102519989 0.022065777331590652
0.04993840679526329 0.04931440204381943 0.024960236623883247
0.054169911891222 0.05358652025461197 0.023335713893175125
0.05177128687500954 0.05118224024772644 0.023561852052807808
0.047197550535202026 0.04660649597644806 0.023642167448997498
0.0567362979054451 0.056095026433467865 0.025650879368185997
0.05168363079428673 0.05101843178272247 0.026607966050505638
0.055838849395513535 0.055205147713422775 0.02534802071750164
0.05095995217561722 0.05037569999694824 0.023370036855340004
0.05183406546711922 0.05125129967927933 0.023310646414756775
0.05923761427402496 0.058637991547584534 0.023984946310520172
0.05425548180937767 0.05359795689582825 0.026301030069589615
0.05150829255580902 0.05094707012176514 0.022448940202593803
0.05223029479384422 0.051617980003356934 0.0244925394654274
0.04798233509063721 0.047392383217811584 0.023598048835992813
0.05058041960000992 0.050005167722702026 0.02301013469696045
0.054020512849092484 0.05342571809887886 0.023791808634996414
0.0563005656003952 0.05569513142108917 0.02421729266643524
0.05603518709540367 0.055420152842998505 0.024601303040981293
0.052884291857481 0.05226755514740944 0.024669520556926727
0.049681201577186584 0.049035120755434036 0.025843240320682526
0.05343468859791756 0.05288837105035782 0.021852772682905197
0.05341919884085655 0.05289391055703163 0.02101159654557705
0.053456615656614304 0.052867382764816284 0.023569289594888687
0.051675330847501755 0.05110329017043114 0.022881681099534035
0.0554632693529129 0.054842643439769745 0.024825042113661766
0.0555749237537384 0.054949529469013214 0.02501581981778145
0.05236736685037613 0.05180971324443817 0.02230607159435749
0.05101597681641579 0.05048864707350731 0.0210932157933712
0.05265991762280464 0.05204816162586212 0.024470260366797447
0.05586441233754158 0.055275797843933105 0.02354455552995205
0.054766297340393066 0.054156336933374405 0.02439846843481064
0.054210927337408066 0.05361339822411537 0.023901138454675674
0.053303975611925125 0.0526895746588707 0.024576084688305855
0.05277036875486374 0.052192360162734985 0.023120306432247162
0.05391058325767517 0.053228024393320084 0.02730228565633297
0.05506439134478569 0.05447065830230713 0.02374928444623947
0.052837077528238297 0.05228935927152634 0.021908748894929886
0.05236678943037987 0.051792651414871216 0.022965505719184875
0.05709733068943024 0.056511133909225464 0.023447809740900993
0.0525471493601799 0.05197940766811371 0.02270963415503502
0.05350365862250328 0.05292725935578346 0.02305600233376026
0.05350024253129959 0.052924253046512604 0.02303953468799591
0.054223012179136276 0.053558435291051865 0.0265831109136343
0.0537923127412796 0.05317021533846855 0.0248839370906353
0.05207253620028496 0.05152511224150658 0.02189699187874794
0.05532798171043396 0.05473361164331436 0.023774821311235428
0.053189199417829514 0.05258730798959732 0.024075724184513092
0.055528681725263596 0.05487195402383804 0.026269100606441498
0.054785627871751785 0.05412144213914871 0.02656744234263897
0.0500979870557785 0.04952434077858925 0.022945862263441086
0.049952469766139984 0.04941410943865776 0.021534409373998642
0.05301501601934433 0.05243125557899475 0.023350432515144348
0.05545656010508537 0.05481741577386856 0.02556570991873741
0.05511672794818878 0.05452348291873932 0.02372981421649456
0.05243970453739166 0.0518932044506073 0.02185998111963272
0.05285244435071945 0.05231517553329468 0.021490825340151787
0.05162863805890083 0.05113036930561066 0.01993081346154213
0.05755200609564781 0.057001546025276184 0.022018400952219963
0.05271946266293526 0.05216539651155472 0.02216261252760887
0.0550471656024456 0.05451890826225281 0.021130289882421494
0.055490314960479736 0.05491006374359131 0.023210078477859497
0.05200079828500748 0.05143788829445839 0.022516371682286263
0.05088944733142853 0.050369322299957275 0.020804952830076218
0.05434926599264145 0.05379335582256317 0.02223633974790573
0.05870616436004639 0.05804392695426941 0.026489567011594772
0.05253523588180542 0.05193927884101868 0.0238383486866951
0.05400855094194412 0.053470440208911896 0.02152435854077339
0.051863230764865875 0.051273785531520844 0.023577775806188583
0.05272835120558739 0.05214565247297287 0.02330799214541912
0.055846866220235825 0.055243778973817825 0.02412346377968788
0.05546881631016731 0.05488036200404167 0.02353818714618683
0.054907795041799545 0.05436757206916809 0.021608883515000343
0.0517953485250473 0.051215607672929764 0.023189572617411613
0.05084523931145668 0.050283461809158325 0.022471047937870026
0.053943537175655365 0.05333777889609337 0.024230297654867172
0.050222981721162796 0.04969334974884987 0.02118532732129097
0.05187798663973808 0.051327936351299286 0.022002002224326134
0.05558395013213158 0.05503398925065994 0.02199847623705864
0.049146778881549835 0.04857439547777176 0.022895336151123047
0.054644640535116196 0.054083824157714844 0.022432638332247734
0.05459185317158699 0.05402782931923866 0.022560909390449524
0.05054520070552826 0.049974098801612854 0.022844113409519196
0.05306868627667427 0.05251544713973999 0.022129550576210022
0.05639268085360527 0.0558282844722271 0.022575892508029938
0.05258602276444435 0.052060551941394806 0.021018851548433304
0.05630411207675934 0.05569935962557793 0.024190038442611694
0.05384398251771927 0.053299564868211746 0.021776676177978516
0.052385225892066956 0.05184143781661987 0.021751560270786285
0.05118614435195923 0.050669290125370026 0.0206742063164711
0.053867097944021225 0.05325734615325928 0.024390043690800667
0.05395396426320076 0.05336736887693405 0.023463742807507515
0.04980909079313278 0.04926200211048126 0.02188357152044773
0.054256174713373184 0.05369555950164795 0.022424645721912384
0.05290859192609787 0.05236564949154854 0.021717652678489685
0.05198786035180092 0.05145837366580963 0.02117944322526455
0.052730802446603775 0.05218037962913513 0.022016912698745728
0.05510914325714111 0.054540298879146576 0.022753819823265076
0.05219634994864464 0.05169948935508728 0.019874364137649536
0.055725838989019394 0.05515392869710922 0.022876448929309845
0.051860835403203964 0.051312752068042755 0.021923266351222992
0.05016031861305237 0.04960738867521286 0.02211715094745159
0.05161399766802788 0.05111408978700638 0.01999635249376297
0.05490648001432419 0.054343126714229584 0.022534089162945747
0.05454658716917038 0.053993772715330124 0.0221126489341259
0.05193019658327103 0.05129149556159973 0.025548044592142105
0.052671827375888824 0.05214332416653633 0.021140137687325478
0.05394299700856209 0.053377896547317505 0.02260398119688034
0.05024542286992073 0.04974611476063728 0.019972335547208786
0.051416896283626556 0.050907380878925323 0.020380554720759392
0.05183897912502289 0.05130307376384735 0.021436193957924843
0.054785892367362976 0.0542261078953743 0.02239135466516018
0.05407549440860748 0.05352335423231125 0.022085588425397873
0.055539246648550034 0.05499376729130745 0.02181912213563919
0.05317513272166252 0.05268744379281998 0.019507527351379395
0.05163644626736641 0.05112246796488762 0.020559098571538925
0.052422091364860535 0.0518697127699852 0.022095173597335815
0.0542725995182991 0.05374728515744209 0.021012598648667336
0.05240833759307861 0.051920004189014435 0.019533317536115646
0.05171332508325577 0.05126374214887619 0.017983345314860344
0.052130766212940216 0.051659878343343735 0.01883557438850403
0.05180962383747101 0.05130786448717117 0.020070351660251617
0.0520784929394722 0.051595889031887054 0.019304148852825165
0.05322910100221634 0.05267876386642456 0.02201354317367077
0.0504915826022625 0.049984537065029144 0.020281756296753883
0.053346261382102966 0.052812106907367706 0.021366212517023087
0.05366107448935509 0.05311582237482071 0.021810147911310196
0.053319480270147324 0.05275242030620575 0.02268238365650177
0.05477084591984749 0.05429326742887497 0.019103212282061577
0.0542878583073616 0.05376448482275009 0.02093498408794403
0.05319495126605034 0.05269071087241173 0.020169556140899658
0.05054226145148277 0.050067827105522156 0.018977399915456772
0.04965057596564293 0.049212999641895294 0.017503079026937485
0.05291198566555977 0.052386365830898285 0.021024761721491814
0.05506901815533638 0.05453522503376007 0.021351760253310204
0.05597229301929474 0.05553551763296127 0.01747101917862892
0.05467784404754639 0.05415009334683418 0.02111009880900383
0.05356211960315704 0.05304190516471863 0.020808624103665352
0.05009809508919716 0.049655504524707794 0.01770363189280033
0.050997454673051834 0.05049743130803108 0.02000095322728157
0.05536295101046562 0.054821718484163284 0.02164928801357746
0.05358727276325226 0.053039006888866425 0.0219306368380785
0.052195847034454346 0.05168137699365616 0.020578820258378983
0.05148434638977051 0.0509774424135685 0.020276151597499847
0.052700236439704895 0.052209045737981796 0.019647646695375443
0.0545700378715992 0.05409308522939682 0.019078169018030167
0.05274146422743797 0.05222707986831665 0.020575392991304398
0.05333817005157471 0.05285422503948212 0.019357753917574883
0.05420156568288803 0.05369824171066284 0.020133022218942642
0.04789792746305466 0.04741131514310837 0.01946444623172283
0.05460023880004883 0.05409487336874008 0.020214589312672615
0.052988551557064056 0.05248955264687538 0.019959956407546997
0.05433838814496994 0.05384412780404091 0.019770480692386627
0.057617079466581345 0.05704580247402191 0.022851066663861275
0.05200770124793053 0.051534757018089294 0.018917758017778397
0.051619283854961395 0.051094457507133484 0.02099299430847168
0.05196528136730194 0.051358141005039215 0.02428561821579933
0.05615103244781494 0.05558222904801369 0.022752201184630394
0.05233211815357208 0.051881175488233566 0.018037758767604828
0.05507749319076538 0.054583340883255005 0.019766028970479965
0.055003389716148376 0.05452677607536316 0.019064581021666527
0.05063116177916527 0.050176989287137985 0.01816689223051071
0.051488976925611496 0.05104927718639374 0.01758795604109764
0.054255999624729156 0.05376047641038895 0.0198209211230278
0.05060281977057457 0.05012299120426178 0.01919315755367279
0.053461793810129166 0.05296264961361885 0.019965793937444687
0.04935924708843231 0.048907551914453506 0.018067874014377594
0.04978865012526512 0.049334559589624405 0.018163666129112244
0.05069806054234505 0.050210125744342804 0.019517438486218452
0.05103028193116188 0.05057211220264435 0.018326755613088608
0.052728619426488876 0.052262745797634125 0.01863490417599678
0.05355159938335419 0.053080759942531586 0.01883351430296898
0.0502137690782547 0.04976900666952133 0.01779046654701233
0.051950931549072266 0.05144964158535004 0.020051613450050354
0.053720321506261826 0.053239159286022186 0.0192465428262949
0.05121532455086708 0.05077560618519783 0.0175887830555439
0.05547666177153587 0.05498421937227249 0.019697679206728935
0.053187016397714615 0.05270987004041672 0.01908588781952858
0.05041699483990669 0.04995112866163254 0.018634626641869545
0.05488806217908859 0.054440874606370926 0.01788748800754547
0.052956826984882355 0.052505701780319214 0.018045011907815933
0.054427362978458405 0.05395937338471413 0.018719639629125595
0.05276782438158989 0.05231127515435219 0.018261944875121117
0.0556616447865963 0.05515186861157417 0.020391080528497696
0.05252203717827797 0.052028950303792953 0.019723501056432724
0.05479288101196289 0.05431746691465378 0.019016623497009277
0.05073912441730499 0.05025956779718399 0.019182279706001282
0.052195955067873 0.05173134803771973 0.018584342673420906
0.05137747898697853 0.05091278254985809 0.018587904050946236
0.05267324298620224 0.052230700850486755 0.017701681703329086
0.05100923404097557 0.05051608756184578 0.019725818186998367
0.04755755141377449 0.04711470752954483 0.01771371439099312
0.05435775965452194 0.05387474596500397 0.019320499151945114
0.051721055060625076 0.05129946023225784 0.016863763332366943
0.05456721410155296 0.05408897250890732 0.019129598513245583
0.05308661237359047 0.05260720103979111 0.01917640119791031
0.05162845179438591 0.05119256675243378 0.01743544638156891
0.05312887579202652 0.05267273634672165 0.018245616927742958
0.05524146184325218 0.05479460954666138 0.01787411794066429
0.05193113535642624 0.051503196358680725 0.017117634415626526
0.05293473228812218 0.052525125443935394 0.01638421043753624
0.053924113512039185 0.05347733572125435 0.01787104457616806
0.05010450631380081 0.049675945192575455 0.017142457887530327
0.05235512554645538 0.05193415284156799 0.01683897152543068
0.055445484817028046 0.05497461184859276 0.018834857270121574
0.056204818189144135 0.05576764792203903 0.01748688519001007
0.053410500288009644 0.052955515682697296 0.018199453130364418
0.05140456557273865 0.05095396935939789 0.018023785203695297
0.05331580713391304 0.05281589925289154 0.01999625936150551
0.051564786583185196 0.051072534173727036 0.01969010755419731
0.05330013483762741 0.0527973473072052 0.02011151798069477
0.05245503783226013 0.05196870490908623 0.0194532573223114
0.054630767554044724 0.054174669086933136 0.018243897706270218
0.05264733359217644 0.05219101160764694 0.018252938985824585
0.054872822016477585 0.05441803112626076 0.018191605806350708
0.05239132046699524 0.05194848030805588 0.01771353930234909
0.051488958299160004 0.05101008713245392 0.01915481872856617
0.05391237512230873 0.05344441905617714 0.01871817745268345
0.04958253726363182 0.049129024147987366 0.018140489235520363
0.05223047733306885 0.05178586393594742 0.017784548923373222
0.05086677148938179 0.050395842641592026 0.018837206065654755
0.050855837762355804 0.0504116453230381 0.017767729237675667
0.049643948674201965 0.04922844469547272 0.016620095819234848
0.054778072983026505 0.05434202402830124 0.01744198426604271
0.05220022797584534 0.05171264708042145 0.019503239542245865
0.052459653466939926 0.05201011151075363 0.01798171177506447
0.055977173149585724 0.055519282817840576 0.01831565424799919
0.05227895453572273 0.05187077820301056 0.016326982527971268
0.05354240909218788 0.05312582850456238 0.01666322723031044
0.050611067563295364 0.05019703134894371 0.016561420634388924
0.05318637192249298 0.05274985730648041 0.01746058277785778
0.05483414977788925 0.05441025644540787 0.016955755650997162
