0.22363030910491943 0.20253944396972656 8.4363431930542
0.20008434355258942 0.18501998484134674 6.0257415771484375
0.1950189471244812 0.18218311667442322 5.134333610534668
0.18245463073253632 0.16966257989406586 5.116819858551025
0.17742455005645752 0.16444197297096252 5.193029403686523
0.1732349693775177 0.16033926606178284 5.158278942108154
0.16673696041107178 0.15418696403503418 5.01999568939209
0.16593439877033234 0.15423686802387238 4.679012298583984
0.16681019961833954 0.1556052714586258 4.48197078704834
0.15826910734176636 0.14721912145614624 4.4199934005737305
0.15400363504886627 0.1440061330795288 3.9990010261535645
0.14735330641269684 0.13792306184768677 3.7720999717712402
0.14594244956970215 0.13642185926437378 3.8082356452941895
0.1439315527677536 0.13474518060684204 3.6745495796203613
0.14171183109283447 0.13240714371204376 3.7218732833862305
0.13594987988471985 0.12696696817874908 3.5931649208068848
0.13642947375774384 0.1274229884147644 3.602592945098877
0.13363853096961975 0.1251911222934723 3.3789613246917725
0.1342000663280487 0.12562134861946106 3.431485176086426
0.12902596592903137 0.12084931135177612 3.2706642150878906
0.1325540542602539 0.12444400787353516 3.2440168857574463
0.12695184350013733 0.11911927163600922 3.1330268383026123
0.12448842078447342 0.11669622361660004 3.116877555847168
0.12458577752113342 0.11729440093040466 2.9165501594543457
0.12742333114147186 0.1199001669883728 3.0092644691467285
0.12024596333503723 0.11322260648012161 2.8093419075012207
0.12162371724843979 0.11449066549539566 2.8532216548919678
0.1143103688955307 0.1070556566119194 2.901885509490967
0.11411751061677933 0.10691651701927185 2.8803961277008057
0.11694623529911041 0.1094130128622055 3.013289451599121
0.11569279432296753 0.10845077037811279 2.896811008453369
0.11055538058280945 0.10322418808937073 2.9324769973754883
0.11663693934679031 0.10919468104839325 2.9769020080566406
0.10832540690898895 0.10123034566640854 2.8380255699157715
0.1126973032951355 0.1052447110414505 2.9810357093811035
0.10703068971633911 0.0999838337302208 2.8187427520751953
0.10650178790092468 0.09913377463817596 2.9472060203552246
0.10686922818422318 0.09964942932128906 2.8879199028015137
0.10283401608467102 0.09547538310289383 2.9434545040130615
0.10394289344549179 0.09666027128696442 2.9130477905273438
0.1007576510310173 0.0933905839920044 2.9468276500701904
0.10404075682163239 0.09686459600925446 2.8704628944396973
0.10102738440036774 0.09376618266105652 2.904481887817383
0.09757304191589355 0.0901714563369751 2.96063494682312
0.09313569962978363 0.0858604833483696 2.9100873470306396
0.0950765535235405 0.0878409594297409 2.8942389488220215
0.09333305805921555 0.08611320704221725 2.8879408836364746
0.09531284123659134 0.08789901435375214 2.965531826019287
0.09236960113048553 0.08509576320648193 2.909534454345703
0.09167515486478806 0.08412165939807892 3.0213983058929443
0.0907941535115242 0.08315680921077728 3.054936647415161
0.09128060191869736 0.08330900222063065 3.1886394023895264
0.08754633367061615 0.07953529059886932 3.204418420791626
0.08601675182580948 0.07826615124940872 3.1002416610717773
0.08430075645446777 0.07664928585290909 3.060588836669922
0.08278746902942657 0.07515797019004822 3.0518007278442383
0.08608287572860718 0.07870647311210632 2.9505605697631836
0.0835384875535965 0.07619351148605347 2.9379892349243164
0.07986757159233093 0.07260762155056 2.903979778289795
0.0862521231174469 0.0790553092956543 2.878725528717041
0.08337835967540741 0.07626456022262573 2.845520496368408
0.07990819960832596 0.07253485918045044 2.949335813522339
0.08157738298177719 0.07398901879787445 3.0353453159332275
0.08439012616872787 0.0768924430012703 2.9990720748901367
0.07793984562158585 0.07045106589794159 2.9955132007598877
0.07637002319097519 0.068669892847538 3.0800511837005615
0.07951371371746063 0.07151807844638824 3.1982533931732178
0.07955899834632874 0.07155945152044296 3.1998190879821777
0.08027024567127228 0.07268621772527695 3.0336101055145264
0.0765693336725235 0.06883236765861511 3.0947866439819336
0.07981409877538681 0.07258395850658417 2.892056465148926
0.07627285271883011 0.06934583187103271 2.7708077430725098
0.07563240081071854 0.06849901378154755 2.853353977203369
0.0736696794629097 0.0661470890045166 3.0090348720550537
0.07969731837511063 0.0723707377910614 2.930631637573242
0.07724088430404663 0.06996859610080719 2.9089150428771973
0.07658116519451141 0.06889096647500992 3.076080322265625
0.07325350493192673 0.0655546635389328 3.079535484313965
0.07219287753105164 0.06479300558567047 2.959947347640991
0.07196606695652008 0.06463810801506042 2.931183338165283
0.07032755762338638 0.06331347674131393 2.805633544921875
0.07561222463846207 0.06872452795505524 2.7550790309906006
0.06954013556241989 0.0624680332839489 2.8288397789001465
0.07237622141838074 0.06520433723926544 2.8687543869018555
0.06674066185951233 0.05943813920021057 2.9210095405578613
0.06925979256629944 0.06256692111492157 2.677150011062622
0.06908471137285233 0.062429867684841156 2.6619362831115723
0.07231747359037399 0.0657401829957962 2.630917549133301
0.06790977716445923 0.061299338936805725 2.644176483154297
0.06973051279783249 0.06271664798259735 2.8055453300476074
0.07036324590444565 0.06312617659568787 2.8948287963867188
0.07066348195075989 0.06337989866733551 2.9134321212768555
0.06893683969974518 0.06211676448583603 2.7280311584472656
0.0702248215675354 0.06378661096096039 2.5752837657928467
0.06750597059726715 0.061445679515600204 2.4241156578063965
0.0698259174823761 0.06369385123252869 2.4528255462646484
0.06809883564710617 0.06191395968198776 2.473949670791626
0.06886221468448639 0.0622696578502655 2.637023448944092
0.06798796355724335 0.06052228435873985 2.986271858215332
0.070274718105793 0.06257772445678711 3.078798294067383
0.06783145666122437 0.060065142810344696 3.1065263748168945
0.0672728568315506 0.05998706445097923 2.914318561553955
0.06955210119485855 0.06285975128412247 2.676941394805908
0.06520836055278778 0.059188105165958405 2.4081032276153564
0.0640297681093216 0.05833268165588379 2.2788333892822266
0.06286851316690445 0.05699349194765091 2.350008487701416
0.0653788223862648 0.05966644361615181 2.2849509716033936
0.06669439375400543 0.06084991246461868 2.3377931118011475
0.06435392796993256 0.058085329830646515 2.5074408054351807
0.0678768903017044 0.061147719621658325 2.6916680335998535
0.06538721919059753 0.058263085782527924 2.8496522903442383
0.06781067699193954 0.06078357994556427 2.8108396530151367
0.06589213013648987 0.059364162385463715 2.6111881732940674
0.06873892992734909 0.06257307529449463 2.466341972351074
0.06641262769699097 0.06079518795013428 2.246975898742676
0.06662734597921371 0.060602255165576935 2.4100356101989746
0.06537608057260513 0.05925118178129196 2.449960231781006
0.06189526244997978 0.05551917105913162 2.5504369735717773
0.06360918283462524 0.05751197040081024 2.4388864040374756
0.06150389462709427 0.0555485300719738 2.382146120071411
0.06894494593143463 0.06343376636505127 2.2044715881347656
0.06099064275622368 0.05481824278831482 2.4689600467681885
0.06353837996721268 0.05730438232421875 2.4935998916625977
0.06696459650993347 0.0606534481048584 2.5244579315185547
0.06720681488513947 0.06117130070924759 2.4142045974731445
0.0621754415333271 0.05607461929321289 2.440328359603882
0.06482004374265671 0.05886384844779968 2.382478713989258
0.060631029307842255 0.05457768589258194 2.4213368892669678
0.06236683204770088 0.05604486167430878 2.5287880897521973
0.06395792216062546 0.057550229132175446 2.5630762577056885
0.0612451434135437 0.0547359362244606 2.6036837100982666
0.06201442331075668 0.055691543966531754 2.5291519165039062
0.06351251900196075 0.057326752692461014 2.4743072986602783
0.06488659232854843 0.05916672572493553 2.2879457473754883
0.06288060545921326 0.057246360927820206 2.253697395324707
0.06059103086590767 0.054867543280124664 2.2893948554992676
0.060242388397455215 0.05431922897696495 2.3692641258239746
0.06439328193664551 0.058725811541080475 2.2669878005981445
0.06219187006354332 0.05644405633211136 2.2991256713867188
0.06210922449827194 0.05592375993728638 2.4741857051849365
0.06509963423013687 0.05936846882104874 2.2924649715423584
0.0593399703502655 0.05354426056146622 2.318283796310425
0.06259012967348099 0.0570337250828743 2.2225632667541504
0.060542840510606766 0.055244144052267075 2.119478225708008
0.06301017105579376 0.05736062303185463 2.2598206996917725
0.06321658939123154 0.05726476013660431 2.380730390548706
0.05993876978754997 0.05359872058033943 2.536019802093506
0.062304966151714325 0.05599295720458031 2.5248031616210938
0.06424462795257568 0.05848066508769989 2.305583953857422
0.06650252640247345 0.06108536571264267 2.1668639183044434
0.06278906762599945 0.05771671235561371 2.028942584991455
0.061123076826334 0.055590786039829254 2.212916851043701
0.061526816338300705 0.05575945973396301 2.3069424629211426
0.06188010424375534 0.05570108816027641 2.471606731414795
0.06152627617120743 0.05544966086745262 2.4306464195251465
0.06335215270519257 0.05759149789810181 2.304262161254883
0.06306346505880356 0.057599738240242004 2.1854920387268066
0.05960426852107048 0.054156724363565445 2.1790173053741455
0.05886758118867874 0.05329485237598419 2.229091167449951
0.06198995187878609 0.056435346603393555 2.22184157371521
0.05947691574692726 0.054010115563869476 2.1867198944091797
0.060977354645729065 0.055653903633356094 2.129380941390991
0.06444510817527771 0.0590466670691967 2.159376621246338
0.05904171243309975 0.05377664417028427 2.106027364730835
0.061949096620082855 0.05620574206113815 2.2973413467407227
0.06045994535088539 0.05476751923561096 2.276970386505127
0.061815135180950165 0.05620040372014046 2.24589204788208
0.057943034917116165 0.05221658945083618 2.290578842163086
0.06172043830156326 0.05604751780629158 2.26916766166687
0.06100514903664589 0.05538675934076309 2.2473554611206055
0.057440683245658875 0.05192352831363678 2.206862688064575
0.06124396249651909 0.05591326206922531 2.132279872894287
0.062123946845531464 0.05707653611898422 2.018965005874634
0.05847278609871864 0.05306122079491615 2.164625883102417
0.05823159217834473 0.05271933227777481 2.2049033641815186
0.060283876955509186 0.053990162909030914 2.517486095428467
0.06097085773944855 0.054542556405067444 2.571320056915283
0.06178439036011696 0.05598810315132141 2.318514347076416
0.058402255177497864 0.0526416040956974 2.304259777069092
0.05943392589688301 0.05417457967996597 2.103738307952881
0.05876758694648743 0.05369030311703682 2.0309135913848877
0.06101362779736519 0.05587923526763916 2.0537571907043457
0.0618874691426754 0.05645817518234253 2.1717171669006348
0.05513949692249298 0.049303099513053894 2.334559440612793
0.06199093535542488 0.055769726634025574 2.4884841442108154
0.05773475393652916 0.05215233564376831 2.2329678535461426
0.05862110108137131 0.053481027483940125 2.0560293197631836
0.05875261500477791 0.05408535525202751 1.8669037818908691
0.05906213819980621 0.05444411560893059 1.8472089767456055
0.06121290475130081 0.05583769083023071 2.1500864028930664
0.060811351984739304 0.05484740436077118 2.3855791091918945
0.056435853242874146 0.050075218081474304 2.5442543029785156
0.056927673518657684 0.050909578800201416 2.4072377681732178
0.05913347750902176 0.05347534269094467 2.263253688812256
0.058994412422180176 0.053814247250556946 2.072066307067871
0.06001502275466919 0.05515727400779724 1.9430996179580688
0.056297045201063156 0.05162470042705536 1.868937611579895
0.0595984011888504 0.05467032641172409 1.9712293148040771
0.05673476681113243 0.05113108828663826 2.241471290588379
0.05636303499341011 0.05035103112459183 2.404801845550537
0.05594724416732788 0.050167568027973175 2.3118698596954346
0.057322267442941666 0.052114337682724 2.083171844482422
0.05792122706770897 0.05301535129547119 1.9623507261276245
0.05862138420343399 0.05377023667097092 1.94045889377594
0.058204181492328644 0.05308159813284874 2.0490336418151855
0.057722341269254684 0.05262180417776108 2.0402143001556396
0.056647464632987976 0.051074691116809845 2.2291102409362793
0.057328157126903534 0.05188911780714989 2.1756153106689453
0.05692703276872635 0.051557235419750214 2.147918701171875
0.060296330600976944 0.05523238331079483 2.0255789756774902
0.06062529981136322 0.05574151873588562 1.9535123109817505
0.056397952139377594 0.05072328448295593 2.269867181777954
0.05548153072595596 0.050207965075969696 2.109426975250244
0.06073007732629776 0.05558042600750923 2.0598597526550293
0.0596000961959362 0.05484244227409363 1.9030613899230957
0.05890718102455139 0.053752850741147995 2.061732769012451
0.057629406452178955 0.05197935551404953 2.2600209712982178
0.05982140079140663 0.05419622361660004 2.250070333480835
0.05573446676135063 0.04998255893588066 2.3007631301879883
0.058554377406835556 0.05338355153799057 2.0683302879333496
0.054197780787944794 0.04953347146511078 1.8657242059707642
0.05976521223783493 0.0554000623524189 1.7460596561431885
0.05770604684948921 0.0532151535153389 1.7963567972183228
0.0539122112095356 0.0489058643579483 2.0025393962860107
0.05800227075815201 0.05268983542919159 2.124974250793457
0.05908125266432762 0.053516071289777756 2.226072072982788
0.05401833355426788 0.04788422957062721 2.453641891479492
0.05901092663407326 0.05370498448610306 2.1223769187927246
0.05940675735473633 0.054253771901130676 2.061194896697998
0.057098325341939926 0.05230619013309479 1.9168535470962524
0.05585652217268944 0.05120266601443291 1.8615427017211914
0.055119238793849945 0.05047331005334854 1.8583717346191406
0.0575476735830307 0.05277770757675171 1.9079862833023071
0.055271126329898834 0.05005144327878952 2.0878734588623047
0.056937702000141144 0.05196412652730942 1.9894295930862427
0.061489250510931015 0.05608225613832474 2.162797451019287
0.05495993420481682 0.04941114783287048 2.219514846801758
0.06112324073910713 0.055890362709760666 2.093151569366455
0.053724244236946106 0.04832596704363823 2.159311532974243
0.058559857308864594 0.05387631058692932 1.8734195232391357
0.05585622414946556 0.051136597990989685 1.887850046157837
0.06051775440573692 0.055594488978385925 1.9693061113357544
0.06219936162233353 0.05727136880159378 1.9711970090866089
0.05644628405570984 0.05067452788352966 2.3087031841278076
0.05622628703713417 0.05003504455089569 2.476497173309326
0.056813210248947144 0.051227882504463196 2.2341315746307373
0.0552561990916729 0.05057212710380554 1.8736286163330078
0.05553936958312988 0.05105755478143692 1.792725920677185
0.053505513817071915 0.048991698771715164 1.805525541305542
0.056118354201316833 0.051675163209438324 1.7772762775421143
0.05393086373806 0.049039870500564575 1.9563970565795898
0.05435871705412865 0.0492577999830246 2.0403668880462646
0.06050433591008186 0.05535740405321121 2.0587730407714844
0.05219496786594391 0.04675450921058655 2.1761841773986816
0.05660330131649971 0.05152548849582672 2.0311245918273926
0.05170062929391861 0.046499066054821014 2.080624580383301
0.05888497084379196 0.05384410172700882 2.016347885131836
0.055819783359766006 0.05133330821990967 1.7945899963378906
0.05781630426645279 0.053444210439920425 1.7488369941711426
0.053836166858673096 0.048525191843509674 2.1243906021118164
0.057992156594991684 0.05248941853642464 2.2010955810546875
0.05879678204655647 0.053856752812862396 1.9760115146636963
0.05682625621557236 0.05174049735069275 2.034304141998291
0.05774734914302826 0.052759379148483276 1.9951884746551514
0.05373029038310051 0.04875011742115021 1.9920698404312134
0.053208932280540466 0.04873767867684364 1.7885019779205322
0.05732400715351105 0.05258407071232796 1.895975112915039
0.05654457211494446 0.05146936699748039 2.0300822257995605
0.057581253349781036 0.052587345242500305 1.9975636005401611
0.05553077906370163 0.05017466843128204 2.1424436569213867
0.05855788290500641 0.05347759649157524 2.0321149826049805
0.05400322005152702 0.04923223704099655 1.9083936214447021
0.05788196623325348 0.05338655039668083 1.7981655597686768
0.05928493291139603 0.05412711203098297 2.06312894821167
0.056635916233062744 0.05191792920231819 1.8871941566467285
0.051539916545152664 0.045928746461868286 2.2444679737091064
0.05755089223384857 0.05165688693523407 2.3576014041900635
0.052790332585573196 0.046892791986465454 2.3590168952941895
0.056981220841407776 0.051479093730449677 2.2008514404296875
0.05734005197882652 0.05215064436197281 2.075763463973999
0.05504947155714035 0.04987297207117081 2.0706005096435547
0.053239304572343826 0.04830389842391014 1.9741624593734741
0.053696952760219574 0.048803072422742844 1.9575519561767578
0.056169528514146805 0.051108136773109436 2.0245566368103027
0.05635188892483711 0.05118507146835327 2.06672739982605
0.05290352553129196 0.04772438853979111 2.0716543197631836
0.05710013583302498 0.05200333148241043 2.0387215614318848
0.053720492869615555 0.04901428520679474 1.8824832439422607
0.0538264624774456 0.048750169575214386 2.0305168628692627
0.05439385771751404 0.04971921071410179 1.8698585033416748
0.0572025440633297 0.05273817479610443 1.7857481241226196
0.05570063367486 0.05114619433879852 1.8217755556106567
0.05499550700187683 0.04987071081995964 2.0499191284179688
0.05409657210111618 0.04918573051691055 1.9643363952636719
0.05319453403353691 0.0480656698346138 2.0515456199645996
0.05641530081629753 0.051474593579769135 1.9762835502624512
0.057061828672885895 0.052319206297397614 1.8970483541488647
0.052903056144714355 0.048041559755802155 1.9445985555648804
0.05369068309664726 0.0491098016500473 1.832352638244629
0.055419038981199265 0.0508592426776886 1.8239184617996216
0.05290568619966507 0.04813094809651375 1.9098944664001465
0.057121939957141876 0.05266790837049484 1.7816126346588135
0.05329600349068642 0.04821654036641121 2.031785011291504
0.05589203163981438 0.05075220763683319 2.055929660797119
0.05574563518166542 0.05080655217170715 1.975632905960083
0.05418184772133827 0.04904057830572128 2.0565080642700195
0.05549348518252373 0.04984849691390991 2.25799560546875
0.0563400536775589 0.05130379647016525 2.01450252532959
0.05716438591480255 0.05228537321090698 1.9516046047210693
0.05628960207104683 0.05124194920063019 2.01906156539917
0.05472830310463905 0.049576058983802795 2.0608973503112793
0.05750155448913574 0.05261904001235962 1.9530054330825806
0.05176963657140732 0.04643867909908295 2.132382869720459
0.0549943633377552 0.04979677125811577 2.0790367126464844
0.055150896310806274 0.049713026732206345 2.175147533416748
0.05500983074307442 0.0496753565967083 2.1337890625
0.05579646676778793 0.049985986202955246 2.324193000793457
0.054238226264715195 0.048259053379297256 2.3916690349578857
0.054270364344120026 0.049212679266929626 2.023074150085449
0.0545116662979126 0.049538299441337585 1.9893473386764526
0.051763866096735 0.04632692039012909 2.1747777462005615
0.055679768323898315 0.050694577395915985 1.9940767288208008
0.05418073385953903 0.0489882230758667 2.0770039558410645
0.058669161051511765 0.05360724776983261 2.0247654914855957
0.05297398194670677 0.04760108143091202 2.149160623550415
0.05488250032067299 0.04983361065387726 2.0195555686950684
0.05448691174387932 0.049057941883802414 2.1715879440307617
0.0536092109978199 0.048960328102111816 1.8595526218414307
0.05651930347084999 0.052036695182323456 1.7930439710617065
0.054271798580884933 0.049481071531772614 1.916291356086731
0.054492298513650894 0.05007956922054291 1.765092372894287
0.05338268354535103 0.04871510714292526 1.8670306205749512
0.05369759723544121 0.049078963696956635 1.8474538326263428
0.05219137668609619 0.047011785209178925 2.071835994720459
0.05206818878650665 0.04729769378900528 1.908197283744812
0.049441806972026825 0.04475563392043114 1.8744690418243408
0.050990812480449677 0.046132892370224 1.9431688785552979
0.05366799607872963 0.048814937472343445 1.9412238597869873
0.05197754502296448 0.047440290451049805 1.8149023056030273
0.05553606152534485 0.05088459327816963 1.8605868816375732
0.05163043737411499 0.046276796609163284 2.14145565032959
0.05463889241218567 0.049743495881557465 1.9581589698791504
0.053668875247240067 0.048874836415052414 1.9176161289215088
0.05401471629738808 0.048911284655332565 2.041372776031494
0.0531899593770504 0.04792635887861252 2.1054399013519287
0.05525321513414383 0.05046835169196129 1.9139447212219238
0.0520373098552227 0.04709682613611221 1.9761933088302612
0.05549982190132141 0.05080268532037735 1.8788549900054932
0.05370025709271431 0.04901817440986633 1.872833013534546
0.05317096412181854 0.048574723303318024 1.838496446609497
0.05510753393173218 0.05041772127151489 1.875924825668335
0.050990764051675797 0.04611705243587494 1.949484944343567
0.05393785238265991 0.04958499222993851 1.7411444187164307
0.05492623150348663 0.04977953061461449 2.0586795806884766
0.053542666137218475 0.048665158450603485 1.9510033130645752
0.05599048361182213 0.05103961005806923 1.9803500175476074
0.05347201228141785 0.04824993759393692 2.08882999420166
0.054580774158239365 0.04969093203544617 1.955937147140503
0.05243353918194771 0.04731029272079468 2.0492985248565674
0.052273403853178024 0.0471566803753376 2.0466887950897217
0.0538332425057888 0.0491105318069458 1.8890843391418457
0.053679417818784714 0.048560962080955505 2.04738187789917
0.05361001938581467 0.04856633022427559 2.0174756050109863
0.05552193894982338 0.050723783671855927 1.9192626476287842
0.05493738874793053 0.05018242448568344 1.9019854068756104
0.05453147739171982 0.04918511211872101 2.138546943664551
0.05202368646860123 0.04703342169523239 1.9961059093475342
0.054396722465753555 0.04944554716348648 1.9804697036743164
0.05132775008678436 0.046044375747442245 2.1133499145507812
0.05190950259566307 0.04721609130501747 1.8773646354675293
0.05001785606145859 0.04538143053650856 1.8545700311660767
0.055519212037324905 0.05098017305135727 1.8156161308288574
0.05571431666612625 0.05064011365175247 2.02968168258667
0.05471196398139 0.04980659857392311 1.962146282196045
0.0545731782913208 0.049214720726013184 2.143383741378784
0.053506769239902496 0.04852815717458725 1.9914451837539673
0.05583037808537483 0.05091703310608864 1.9653383493423462
0.05004184693098068 0.04535072296857834 1.8764493465423584
0.05228655785322189 0.04753749817609787 1.8996233940124512
0.05491828918457031 0.050107069313526154 1.924487829208374
0.05277220904827118 0.0474611297249794 2.12443208694458
0.054565273225307465 0.049966976046562195 1.8393187522888184
0.05466138944029808 0.04976017028093338 1.9604874849319458
0.05354038625955582 0.04846199229359627 2.031358242034912
0.05510546639561653 0.05007018893957138 2.014111042022705
0.05458167567849159 0.04979243129491806 1.9156978130340576
0.052796896547079086 0.04771801084280014 2.031554937362671
0.05354991927742958 0.04811312258243561 2.174718141555786
0.05197802931070328 0.04682748019695282 2.0602197647094727
0.05298163369297981 0.04789194092154503 2.0358777046203613
0.0507083497941494 0.04551521688699722 2.0772528648376465
0.053268883377313614 0.04834495857357979 1.969569444656372
0.05217738077044487 0.047205377370119095 1.98880136013031
0.05466650798916817 0.050100862979888916 1.8262584209442139
0.05266260355710983 0.04764436557888985 2.0072951316833496
0.05223998799920082 0.0470816045999527 2.063354015350342
0.05012604594230652 0.04524288326501846 1.95326566696167
0.05032500624656677 0.045464616268873215 1.9441558122634888
0.05260667949914932 0.04786236211657524 1.8977267742156982
0.05300586298108101 0.0481901615858078 1.9262810945510864
0.05251610279083252 0.048111237585544586 1.7619457244873047
0.050392720848321915 0.04568765312433243 1.882027268409729
0.05309753492474556 0.04847509786486626 1.8489747047424316
0.0495440848171711 0.04421548545360565 2.131439685821533
0.05187963321805 0.04702289402484894 1.942695140838623
0.05059218034148216 0.045596491545438766 1.9982753992080688
0.05278389900922775 0.04797011613845825 1.9255139827728271
0.050314776599407196 0.04558128863573074 1.8933956623077393
0.052027031779289246 0.047587018460035324 1.7760050296783447
0.05373332276940346 0.048925355076789856 1.9231873750686646
0.05168377235531807 0.04739008843898773 1.717473030090332
0.051170703023672104 0.04636003449559212 1.924267053604126
0.05127326399087906 0.04628784954547882 1.994165301322937
0.050188515335321426 0.04535728320479393 1.932492733001709
0.05576462298631668 0.05092931538820267 1.9341233968734741
0.053722526878118515 0.04873860254883766 1.993569254875183
0.05323398485779762 0.04804632067680359 2.075066328048706
0.053155191242694855 0.048235755413770676 1.9677737951278687
0.053862567991018295 0.04885714128613472 2.0021705627441406
0.05080658569931984 0.04586033523082733 1.9785008430480957
0.04987669363617897 0.0449727401137352 1.961582064628601
0.05331220105290413 0.04818473011255264 2.0509886741638184
0.05369683355093002 0.04912690818309784 1.8279695510864258
0.0504927858710289 0.04582924395799637 1.8654167652130127
0.054372984915971756 0.04928576201200485 2.0348896980285645
0.05317337065935135 0.04812496155500412 2.019364356994629
0.05000801384449005 0.0449991375207901 2.0035505294799805
0.048930566757917404 0.043807078152894974 2.0493948459625244
0.051419828087091446 0.046186208724975586 2.093447685241699
0.049782294780015945 0.044866893440485 1.9661600589752197
0.050863854587078094 0.045826759189367294 2.014838218688965
0.05375866964459419 0.04850190877914429 2.102703809738159
0.05084199830889702 0.04593302682042122 1.9635887145996094
0.052684102207422256 0.04792233183979988 1.9047083854675293
0.053588904440402985 0.04889436066150665 1.8778176307678223
0.05311475321650505 0.0480680838227272 2.018667221069336
0.053341832011938095 0.048537708818912506 1.921649694442749
0.05407487601041794 0.049100592732429504 1.989713430404663
0.04989195615053177 0.04492468386888504 1.986908197402954
0.053128067404031754 0.048288412392139435 1.9358614683151245
0.05420813709497452 0.049195632338523865 2.0050013065338135
0.052642822265625 0.04787546768784523 1.9069416522979736
0.051486626267433167 0.04660886526107788 1.951104998588562
0.053696971386671066 0.04869295656681061 2.001605987548828
0.05148673057556152 0.0463157519698143 2.0683908462524414
0.05240652337670326 0.047395795583724976 2.004291534423828
0.049994371831417084 0.04468165338039398 2.125087261199951
0.052053119987249374 0.046977780759334564 2.0301361083984375
0.05018825829029083 0.04495615139603615 2.0928421020507812
0.05181906372308731 0.047050170600414276 1.9075568914413452
0.05216887965798378 0.04738788306713104 1.9123989343643188
0.0546833835542202 0.0497036911547184 1.991877555847168
0.05127658322453499 0.046285249292850494 1.996533751487732
0.0512445792555809 0.04658626765012741 1.8633246421813965
0.05382794141769409 0.04821562394499779 2.244927406311035
0.053616639226675034 0.048139166086912155 2.1909894943237305
0.05170131474733353 0.04643804579973221 2.1053082942962646
0.04854058474302292 0.04310830309987068 2.172912836074829
0.05176953598856926 0.04636754095554352 2.1607980728149414
0.04771123081445694 0.042970314621925354 1.8963671922683716
0.05388277769088745 0.04864976555109024 2.093205451965332
0.050896741449832916 0.046261511743068695 1.8540921211242676
0.05140843242406845 0.046873413026332855 1.81400728225708
0.05238490551710129 0.04758670553565025 1.9192795753479004
0.05355272814631462 0.04833373799920082 2.0875959396362305
0.052975863218307495 0.04771636798977852 2.103797435760498
0.05189535766839981 0.046664878726005554 2.092191219329834
0.050498493015766144 0.045288629829883575 2.0839452743530273
0.05551022291183472 0.05032438039779663 2.0743374824523926
0.05227615684270859 0.04719921201467514 2.0307776927948
0.05054851993918419 0.04572775959968567 1.9283040761947632
0.05041543394327164 0.04520139843225479 2.08561372756958
0.05218014866113663 0.04694380983710289 2.094536304473877
0.051664452999830246 0.04661655053496361 2.0191614627838135
0.053200945258140564 0.048361875116825104 1.935628056526184
0.054253991693258286 0.04942644387483597 1.9310197830200195
0.051786091178655624 0.046573005616664886 2.0852348804473877
0.05416484177112579 0.0488286167383194 2.1344902515411377
0.047684673219919205 0.042590536177158356 2.0376548767089844
0.04947749897837639 0.04454091936349869 1.9746323823928833
0.05152297392487526 0.04656720533967018 1.9823077917099
0.05014682933688164 0.04513225331902504 2.005830764770508
0.05034462362527847 0.0451727956533432 2.0687313079833984
0.04847186803817749 0.04377451911568642 1.878939151763916
0.05085306242108345 0.045653484761714935 2.079831123352051
0.05193346366286278 0.0472874790430069 1.8583933115005493
0.0523449145257473 0.04724486917257309 2.040018081665039
0.04987788572907448 0.04530106112360954 1.8307301998138428
0.05141203850507736 0.04623601958155632 2.0704073905944824
0.04982135444879532 0.045104119926691055 1.8868931531906128
0.05316838622093201 0.048316363245248795 1.940809726715088
0.050594963133335114 0.045330487191677094 2.10578989982605
0.0532509908080101 0.04827307164669037 1.9911681413650513
0.052067723125219345 0.0467090867459774 2.1434550285339355
0.05329116806387901 0.04817550629377365 2.046265125274658
0.0519687719643116 0.04679344221949577 2.0701324939727783
0.05179497227072716 0.04696831852197647 1.930661678314209
0.05099417641758919 0.045676447451114655 2.127091407775879
0.05001336336135864 0.04468279331922531 2.132227659225464
0.050027523189783096 0.04476156830787659 2.106382369995117
0.05264190584421158 0.04737670719623566 2.106079578399658
0.04875984787940979 0.043835125863552094 1.9698891639709473
0.05411616712808609 0.04888514429330826 2.0924086570739746
0.05154695361852646 0.04607574641704559 2.188483238220215
0.05155346915125847 0.04616760462522507 2.154346227645874
0.05149812623858452 0.046076931059360504 2.168477773666382
0.050848834216594696 0.04561619833111763 2.0930540561676025
0.053978316485881805 0.048829130828380585 2.0596742630004883
0.05206171050667763 0.047485414892435074 1.8305186033248901
0.0509069599211216 0.0455034039914608 2.1614227294921875
0.050388798117637634 0.04517005383968353 2.0874979496002197
0.05051073059439659 0.04512236267328262 2.155346632003784
0.0513816773891449 0.04611727595329285 2.1057605743408203
0.05165005847811699 0.04658163711428642 2.0273685455322266
0.050799284130334854 0.045554570853710175 2.0978853702545166
0.04887349531054497 0.04372284561395645 2.0602593421936035
0.052767857909202576 0.047746554017066956 2.008521318435669
0.04870103672146797 0.04367969557642937 2.0085361003875732
0.04952401667833328 0.04469228535890579 1.9326928853988647
0.05116463080048561 0.04612952470779419 2.014043092727661
0.0525330975651741 0.04763730615377426 1.9583158493041992
0.051505278795957565 0.046675074845552444 1.9320811033248901
0.05233142897486687 0.04766174405813217 1.8678741455078125
0.051231060177087784 0.04612189531326294 2.0436654090881348
0.050259072333574295 0.04558645561337471 1.8690460920333862
0.05308715999126434 0.04812919348478317 1.9831862449645996
0.052416037768125534 0.047362811863422394 2.0212907791137695
0.053833846002817154 0.04833954945206642 2.197718620300293
0.050769854336977005 0.045812830328941345 1.9828100204467773
0.05077996850013733 0.04562951624393463 2.0601816177368164
0.051617857068777084 0.0461825355887413 2.174129009246826
0.05151822417974472 0.046352602541446686 2.066249132156372
0.05150565132498741 0.04637185484170914 2.053518056869507
0.04984552413225174 0.0443316251039505 2.205559253692627
0.048369985073804855 0.04350209981203079 1.9471547603607178
0.05031367018818855 0.045301906764507294 2.0047059059143066
0.05191141366958618 0.046892791986465454 2.007448196411133
0.05175028368830681 0.04648848623037338 2.1047184467315674
0.048339858651161194 0.04305962845683098 2.1120917797088623
0.05099867656826973 0.046015653759241104 1.993208646774292
0.051333725452423096 0.04666862636804581 1.8660404682159424
0.04886423051357269 0.04374917224049568 2.0460236072540283
0.04988817870616913 0.04508032277226448 1.9231430292129517
0.05037929117679596 0.045729149132966995 1.8600573539733887
0.04959801584482193 0.04464862495660782 1.9797558784484863
0.04987739026546478 0.045280300080776215 1.83883535861969
0.05090906471014023 0.046348072588443756 1.824397325515747
0.05319516733288765 0.04781722277402878 2.151177406311035
0.052126891911029816 0.0475151352584362 1.8447022438049316
0.04985450580716133 0.04503355175256729 1.9283818006515503
0.049607522785663605 0.044443175196647644 2.0657386779785156
0.053426727652549744 0.04846516251564026 1.9846254587173462
0.05003136768937111 0.04517548531293869 1.9423527717590332
0.05141352117061615 0.04679161310195923 1.8487632274627686
0.05116497725248337 0.045739397406578064 2.170231819152832
0.04957522824406624 0.04485335946083069 1.888746976852417
0.05124865844845772 0.04592001438140869 2.131457805633545
0.04951886832714081 0.0445956289768219 1.9692950248718262
0.05211546644568443 0.04693210870027542 2.073343276977539
0.04997940734028816 0.04531387239694595 1.8662137985229492
0.05181410536170006 0.046420685946941376 2.1573681831359863
0.05119508132338524 0.045593954622745514 2.240450382232666
0.050131022930145264 0.04445340111851692 2.2710483074188232
0.04855397343635559 0.04252975061535835 2.40968918800354
0.050990596413612366 0.04540565609931946 2.233975648880005
0.05196741968393326 0.046383779495954514 2.2334556579589844
0.04808249697089195 0.04258470982313156 2.1991143226623535
0.05279309302568436 0.04758945852518082 2.081453323364258
0.05255679041147232 0.04707246273756027 2.1937315464019775
0.048741891980171204 0.04357374832034111 2.067257881164551
0.05245243385434151 0.047376882284879684 2.0302202701568604
0.049832262098789215 0.04475122690200806 2.032413959503174
0.05040137842297554 0.04522635042667389 2.070011615753174
0.04818137735128403 0.04314631223678589 2.014025926589966
0.05260338634252548 0.04766019806265831 1.9772752523422241
0.05121951177716255 0.046502724289894104 1.8867151737213135
0.052459053695201874 0.047741346061229706 1.887083649635315
0.048962756991386414 0.044058069586753845 1.9618749618530273
0.050680335611104965 0.045874204486608505 1.9224518537521362
0.04829055815935135 0.04335969313979149 1.972346305847168
0.04918854311108589 0.044135503470897675 2.0212159156799316
0.05118422582745552 0.04619781672954559 1.9945638179779053
0.051103249192237854 0.046070076525211334 2.0132694244384766
0.0509665384888649 0.04563797637820244 2.131425380706787
0.05103165656328201 0.04563632607460022 2.158132314682007
0.05368373170495033 0.04803816229104996 2.258227825164795
0.04888913407921791 0.04386335611343384 2.0103108882904053
0.05087294057011604 0.045757465064525604 2.046189785003662
0.05081605538725853 0.04574014991521835 2.0303618907928467
0.05072123929858208 0.04517284780740738 2.2193567752838135
0.05008605122566223 0.044524677097797394 2.2245497703552246
0.049650683999061584 0.04463600367307663 2.0058724880218506
0.04982274770736694 0.04422489181160927 2.2391419410705566
0.04923158511519432 0.04424095153808594 1.9962539672851562
0.052191995084285736 0.046881020069122314 2.124389886856079
0.04980992153286934 0.044713590294122696 2.038532257080078
0.04648677632212639 0.04141135513782501 2.0301687717437744
0.05155503749847412 0.0459720641374588 2.2331900596618652
0.051105380058288574 0.04567982256412506 2.1702232360839844
0.05074656009674072 0.04467766359448433 2.4275588989257812
0.051116254180669785 0.04585732892155647 2.1035706996917725
0.051860637962818146 0.04653780534863472 2.1291332244873047
0.05200227349996567 0.04635187238454819 2.2601609230041504
0.052851513028144836 0.04751996695995331 2.1326189041137695
0.05076939985156059 0.04497804492712021 2.316541910171509
0.04996553808450699 0.04486875236034393 2.03871488571167
0.04864073917269707 0.04333764314651489 2.1212387084960938
0.05046074837446213 0.045163508504629135 2.1188955307006836
0.04948601499199867 0.044659245759248734 1.9307074546813965
0.05068998411297798 0.04544480890035629 2.0980706214904785
0.04827392101287842 0.04349961504340172 1.9097216129302979
0.05173530429601669 0.046906620264053345 1.9314733743667603
0.053008247166872025 0.047806039452552795 2.080883026123047
0.050681039690971375 0.04532406106591225 2.142792224884033
0.05171305313706398 0.04597840458154678 2.2938590049743652
0.050592608749866486 0.044909052550792694 2.2734227180480957
0.049709875136613846 0.04402865469455719 2.2724881172180176
0.05103225260972977 0.04574207216501236 2.116072416305542
0.04757525026798248 0.0423484742641449 2.0907108783721924
0.05051621049642563 0.04468236863613129 2.3335371017456055
0.050336338579654694 0.04520709812641144 2.051696538925171
0.04963222146034241 0.0442313551902771 2.160346031188965
0.05131309852004051 0.045632731169462204 2.2721469402313232
0.050953689962625504 0.045451484620571136 2.20088267326355
0.050607167184352875 0.045103248208761215 2.2015676498413086
0.050270069390535355 0.04504753649234772 2.08901309967041
0.04957113415002823 0.0445062518119812 2.0259532928466797
0.05730012059211731 0.051643162965774536 2.2627830505371094
0.04884111508727074 0.043038371950387955 2.321096897125244
0.04930790141224861 0.04434581845998764 1.984833002090454
0.049525268375873566 0.04428844898939133 2.094728469848633
0.0486413910984993 0.043483078479766846 2.0633249282836914
0.04885238781571388 0.04350454360246658 2.1391372680664062
0.050625450909137726 0.04566358029842377 1.9847475290298462
0.05021950602531433 0.04524564743041992 1.9895434379577637
0.05073857679963112 0.045392848551273346 2.1382908821105957
0.04912886768579483 0.04406197741627693 2.0267553329467773
0.05180225148797035 0.04680965095758438 1.9970405101776123
0.05313615873456001 0.0476674921810627 2.187467098236084
0.049366459250450134 0.044260963797569275 2.042198896408081
0.05108911171555519 0.04591439664363861 2.0698859691619873
0.05152297019958496 0.0464157871901989 2.0428738594055176
0.04878385365009308 0.04359583184123039 2.0752081871032715
0.04878925532102585 0.04331081360578537 2.1913771629333496
0.05122470483183861 0.045772332698106766 2.1809494495391846
0.05214248597621918 0.04642090946435928 2.2886300086975098
0.05010613054037094 0.044800616800785065 2.1222050189971924
0.049476101994514465 0.04420940577983856 2.1066789627075195
0.05020802840590477 0.044720835983753204 2.1948776245117188
0.052952781319618225 0.047723397612571716 2.0917534828186035
0.05084700882434845 0.045308858156204224 2.215259552001953
0.05180341750383377 0.04616101086139679 2.256962537765503
0.05179738253355026 0.04622386395931244 2.2294070720672607
0.05064987391233444 0.04545571655035019 2.077662467956543
0.05118418484926224 0.04591233655810356 2.1087396144866943
0.047386955469846725 0.042216479778289795 2.068190336227417
0.049510203301906586 0.04421794414520264 2.11690354347229
0.049776770174503326 0.04445797950029373 2.127516746520996
0.05036291480064392 0.044903069734573364 2.1839380264282227
0.051295205950737 0.045679397881031036 2.246323585510254
0.04952790215611458 0.043634116649627686 2.3575143814086914
0.05497737601399422 0.04946482181549072 2.205021619796753
0.049304842948913574 0.0439835824072361 2.1285037994384766
0.0473940372467041 0.04178992286324501 2.241645097732544
0.052455585449934006 0.04713015258312225 2.1301732063293457
0.050451233983039856 0.045637525618076324 1.925483226776123
0.05174602195620537 0.04639580473303795 2.140087127685547
0.04964778199791908 0.044510744512081146 2.0548148155212402
0.04878424480557442 0.043549008667469025 2.09409499168396
0.05289768800139427 0.047683171927928925 2.0858068466186523
0.05271904170513153 0.04749585688114166 2.089273452758789
0.05052566900849342 0.04520033672451973 2.1301331520080566
0.048017777502536774 0.042609818279743195 2.16318416595459
0.04869048669934273 0.04312906414270401 2.2245688438415527
0.048305824398994446 0.04228837043046951 2.4069814682006836
0.049204807728528976 0.04380355030298233 2.160503387451172
0.0491512306034565 0.04304204881191254 2.4436733722686768
0.05023069679737091 0.044548533856868744 2.272865056991577
0.053255897015333176 0.04769175499677658 2.225656270980835
0.048346471041440964 0.042905159294605255 2.1765248775482178
0.048459090292453766 0.043205566704273224 2.101409912109375
0.05039447918534279 0.04502870514988899 2.1463093757629395
0.049546584486961365 0.043764419853687286 2.3128652572631836
0.052242156118154526 0.04622451215982437 2.4070582389831543
0.05066607519984245 0.04534812271595001 2.1271812915802
0.04814480245113373 0.042704157531261444 2.1762588024139404
0.05408230796456337 0.0488767996430397 2.0822031497955322
0.05005916953086853 0.044309746474027634 2.2997689247131348
0.05349798873066902 0.04808802530169487 2.1639857292175293
0.04975171387195587 0.044358499348163605 2.1572859287261963
0.051219288259744644 0.04592788964509964 2.1165590286254883
0.04820087552070618 0.04287448525428772 2.1305553913116455
0.051261451095342636 0.045652471482753754 2.24359130859375
0.05161179229617119 0.04624618589878082 2.146242618560791
0.04853745549917221 0.04309876263141632 2.1754775047302246
0.04855288192629814 0.04305022582411766 2.2010622024536133
0.05337703973054886 0.04751352220773697 2.345407485961914
0.052823714911937714 0.04772161692380905 2.0408387184143066
0.05348632112145424 0.04780303314328194 2.2733154296875
0.049488358199596405 0.043985363095998764 2.2011983394622803
0.04646683856844902 0.040713146328926086 2.3014771938323975
0.04985586553812027 0.0440380722284317 2.327117443084717
0.05338040366768837 0.047550201416015625 2.332080841064453
0.048700641840696335 0.04304157570004463 2.263627052307129
0.04713389277458191 0.041636355221271515 2.19901442527771
0.05089070647954941 0.04552961513400078 2.1444358825683594
0.04962106794118881 0.043775469064712524 2.3382396697998047
0.04737795144319534 0.04192002862691879 2.1831698417663574
0.050599031150341034 0.045258983969688416 2.136018753051758
0.05315355956554413 0.04748912528157234 2.2657735347747803
0.052246030420064926 0.04659569263458252 2.260134696960449
0.051392581313848495 0.0457502044737339 2.256950616836548
0.05087379366159439 0.04547742009162903 2.1585495471954346
0.050526365637779236 0.04512237757444382 2.1615958213806152
0.05046233907341957 0.044626183807849884 2.3344626426696777
0.04743429645895958 0.041909217834472656 2.210031747817993
0.05001438036561012 0.04401300847530365 2.4005484580993652
0.04761688411235809 0.04210810735821724 2.2035112380981445
0.05255496874451637 0.047239191830158234 2.1263108253479004
0.05189785361289978 0.04572765529155731 2.46807861328125
0.05013210326433182 0.044295456260442734 2.3346590995788574
0.05236529931426048 0.04663867875933647 2.2906486988067627
0.047817476093769073 0.04216569662094116 2.2607126235961914
0.04875229671597481 0.04262174665927887 2.4522204399108887
0.046347811818122864 0.04043284058570862 2.3659889698028564
0.05301297456026077 0.04773002490401268 2.113180160522461
0.05312557518482208 0.04767417907714844 2.1805591583251953
0.051282331347465515 0.045269839465618134 2.404996871948242
0.05043148621916771 0.04473932832479477 2.2768638134002686
0.05097849667072296 0.04536105692386627 2.246976613998413
0.0494927242398262 0.04378802329301834 2.2818803787231445
0.051332660019397736 0.04569246247410774 2.25607967376709
0.051063843071460724 0.045704685151576996 2.143662929534912
0.051277920603752136 0.04583035781979561 2.1790246963500977
0.052618592977523804 0.046828798949718475 2.31591796875
0.050585027784109116 0.04434620589017868 2.495528221130371
0.04901285469532013 0.04309206083416939 2.368317127227783
0.049549683928489685 0.04367280378937721 2.3507513999938965
0.05027128756046295 0.04462623596191406 2.2580204010009766
0.05411669611930847 0.047798722982406616 2.527189254760742
0.04919573664665222 0.04318142309784889 2.4057254791259766
0.04873005300760269 0.042696863412857056 2.4132766723632812
0.04940669983625412 0.04371294751763344 2.277500629425049
0.05214625969529152 0.04613090679049492 2.4061412811279297
0.04912996664643288 0.043210167437791824 2.367920160293579
0.04885934293270111 0.0421411469578743 2.6872777938842773
0.05030665919184685 0.0441918820142746 2.445910930633545
0.04640091583132744 0.04068640619516373 2.28580379486084
0.04888850823044777 0.043465424329042435 2.169233798980713
0.04901684448122978 0.04337749630212784 2.2557387351989746
0.0503348782658577 0.044466521590948105 2.3473427295684814
0.04743106663227081 0.04180435463786125 2.250685453414917
0.04965144023299217 0.0442606620490551 2.156311511993408
0.04708348587155342 0.041902802884578705 2.0722734928131104
0.04965003952383995 0.0443221852183342 2.1311421394348145
0.048460859805345535 0.04295988753437996 2.2003889083862305
0.04850177839398384 0.04307946562767029 2.1689252853393555
0.05021075904369354 0.04459352046251297 2.2468950748443604
0.05246899276971817 0.04714265465736389 2.130535125732422
0.04989900812506676 0.04491519182920456 1.9935264587402344
0.05031280964612961 0.04486268386244774 2.1800506114959717
0.05414053797721863 0.04872783273458481 2.1650824546813965
0.052712686359882355 0.04708690941333771 2.2503113746643066
0.04973437264561653 0.04414258152246475 2.2367162704467773
0.0492374412715435 0.0436285175383091 2.243569850921631
0.049984160810709 0.044521622359752655 2.1850149631500244
0.049513380974531174 0.04374222084879875 2.308464527130127
0.048799484968185425 0.04345511645078659 2.137746810913086
0.05036481097340584 0.04496242478489876 2.160953998565674
0.04956059530377388 0.04389084875583649 2.2678980827331543
0.04973677918314934 0.04424344748258591 2.1973323822021484
0.05033426359295845 0.04432990401983261 2.4017441272735596
0.04618572071194649 0.04048774763941765 2.279188632965088
0.05228964611887932 0.04662565141916275 2.2655978202819824
0.04896759241819382 0.043036699295043945 2.3723573684692383
0.05051641911268234 0.04526551067829132 2.100362777709961
0.05141649395227432 0.045524872839450836 2.3566484451293945
0.049650125205516815 0.04429192095994949 2.1432814598083496
0.04843342304229736 0.042616307735443115 2.32684588432312
0.04875079169869423 0.04319702088832855 2.2215089797973633
0.04887204244732857 0.043002113699913025 2.3479721546173096
0.046795617789030075 0.041459985077381134 2.1342525482177734
0.05226695537567139 0.04735009744763374 1.9667434692382812
0.05114544928073883 0.045056648552417755 2.4355199337005615
0.04786504805088043 0.042014606297016144 2.3401761054992676
0.04762959107756615 0.04214659705758095 2.193197011947632
0.04853217676281929 0.0432521253824234 2.112020492553711
0.051103949546813965 0.045292727649211884 2.324488639831543
0.04861879348754883 0.04279319569468498 2.3302392959594727
0.05062249302864075 0.04486144334077835 2.304420232772827
0.04910255968570709 0.043416619300842285 2.2743754386901855
0.048670634627342224 0.042953088879585266 2.287018299102783
0.04943589121103287 0.043464407324790955 2.388594150543213
0.04882892593741417 0.043360255658626556 2.1874685287475586
0.05166904255747795 0.045898813754320145 2.3080921173095703
0.049888357520103455 0.044014401733875275 2.3495826721191406
0.05055303871631622 0.044950857758522034 2.2408716678619385
0.05004236847162247 0.044242262840270996 2.320042848587036
0.05003027990460396 0.04459444433450699 2.1743345260620117
0.051840297877788544 0.04621945321559906 2.248338222503662
0.04870850592851639 0.042871732264757156 2.3347091674804688
0.04988429322838783 0.04430096596479416 2.2333312034606934
0.04868198186159134 0.0429239496588707 2.303213596343994
0.050825975835323334 0.04504512622952461 2.3123393058776855
0.04929203540086746 0.04371178150177002 2.2321019172668457
0.05326952412724495 0.04759978502988815 2.267895221710205
0.04994913935661316 0.04388680309057236 2.424933910369873
0.04844501614570618 0.0426509715616703 2.317617177963257
0.05355695262551308 0.04723185673356056 2.530038356781006
0.04872390627861023 0.04264798387885094 2.430368661880493
0.04937121644616127 0.042885277420282364 2.5943758487701416
0.049422737210989 0.04345265030860901 2.3880345821380615
0.0502680242061615 0.04427342116832733 2.397841215133667
0.04919444024562836 0.04340459406375885 2.3159379959106445
0.048344630748033524 0.04227403178811073 2.428239345550537
0.050249502062797546 0.04420146346092224 2.4192147254943848
0.04808466508984566 0.042027607560157776 2.422823667526245
0.049960922449827194 0.04397048056125641 2.396176338195801
0.0506901852786541 0.04452098160982132 2.4676809310913086
0.0513601079583168 0.04609154909849167 2.1074228286743164
0.04920422285795212 0.04341604560613632 2.3152713775634766
0.04989561438560486 0.04411143437027931 2.3136725425720215
0.04902615398168564 0.04324815794825554 2.3111982345581055
0.05104583501815796 0.0453895702958107 2.262505531311035
0.049454912543296814 0.04371342062950134 2.2965965270996094
0.04773502051830292 0.042470935732126236 2.1056342124938965
0.04986013099551201 0.04390224069356918 2.383155584335327
0.0476355105638504 0.041064001619815826 2.628602981567383
0.05127624049782753 0.04530162364244461 2.3898472785949707
0.05060046166181564 0.04511713981628418 2.193328857421875
0.04930343106389046 0.043346747756004333 2.3826730251312256
0.05058084428310394 0.044690586626529694 2.3561036586761475
0.047754187136888504 0.04205779731273651 2.278555393218994
0.04821597412228584 0.042305439710617065 2.3642144203186035
0.04987504333257675 0.04403112083673477 2.337569236755371
0.04947054013609886 0.04328566789627075 2.4739489555358887
0.047067791223526 0.040970027446746826 2.4391050338745117
0.05122426897287369 0.045651793479919434 2.2289910316467285
0.05381601303815842 0.0481458380818367 2.268070697784424
0.052466850727796555 0.04704748094081879 2.16774845123291
0.05096732825040817 0.04465619847178459 2.524451732635498
0.048631325364112854 0.042390309274196625 2.4964070320129395
0.04721921309828758 0.04145938158035278 2.3039326667785645
0.04993705451488495 0.044226039201021194 2.2844059467315674
0.051086779683828354 0.04463769495487213 2.579633951187134
0.04825128987431526 0.04272286593914032 2.211369752883911
0.0509510338306427 0.04479541629552841 2.462247133255005
0.05082624778151512 0.0443771556019783 2.5796375274658203
0.05074593052268028 0.04490287974476814 2.3372204303741455
0.04866146668791771 0.04234575107693672 2.5262866020202637
0.04888346791267395 0.04286019504070282 2.409308433532715
0.04915640130639076 0.04345036670565605 2.282414436340332
0.0505969412624836 0.04451838135719299 2.4314236640930176
0.05115146189928055 0.045043449848890305 2.4432053565979004
0.04627491533756256 0.04046877473592758 2.3224563598632812
0.04799610376358032 0.04195214807987213 2.4175829887390137
0.04876482114195824 0.04291927069425583 2.3382201194763184
0.049162477254867554 0.043360620737075806 2.320742607116699
0.04915454983711243 0.04383891448378563 2.126254081726074
0.04745139181613922 0.04165126755833626 2.3200490474700928
0.04828500375151634 0.04238787665963173 2.3588504791259766
0.04779554530978203 0.04132716357707977 2.587352752685547
0.04816054180264473 0.04225753992795944 2.3612003326416016
0.050624780356884 0.044766608625650406 2.3432679176330566
0.05210697650909424 0.04649503529071808 2.2447757720947266
0.047287266701459885 0.04137427359819412 2.36519718170166
0.0483209490776062 0.042948052287101746 2.1491587162017822
0.04870310798287392 0.042910005897283554 2.3172411918640137
0.04804706946015358 0.04228914529085159 2.3031692504882812
0.04638364911079407 0.0408693365752697 2.2057249546051025
0.04969405010342598 0.04469159245491028 2.000983238220215
0.04724561423063278 0.041789524257183075 2.1824355125427246
0.04652847349643707 0.04136565327644348 2.065128803253174
0.04816878214478493 0.04278635233640671 2.1529719829559326
0.04949650913476944 0.04380401223897934 2.276998281478882
0.05242399498820305 0.047119878232479095 2.1216466426849365
0.04874492809176445 0.04275684058666229 2.395235300064087
0.05022601783275604 0.044564347714185715 2.2646679878234863
0.04769856855273247 0.04215340316295624 2.2180657386779785
0.04833919182419777 0.04260082542896271 2.295346260070801
0.048086199909448624 0.04208824038505554 2.399183750152588
0.049508191645145416 0.044006358832120895 2.200732707977295
0.050299856811761856 0.044481344521045685 2.327404499053955
0.04769536852836609 0.04202629253268242 2.2676305770874023
0.05131397023797035 0.04557153210043907 2.296975612640381
0.04865945503115654 0.042875390499830246 2.3136260509490967
0.04728638753294945 0.04168027266860008 2.242446184158325
0.049299806356430054 0.04356476664543152 2.294015645980835
0.04575520381331444 0.039736680686473846 2.407409906387329
0.05033912882208824 0.04494091495871544 2.159285545349121
0.05060888081789017 0.04518706351518631 2.1687264442443848
0.051122259348630905 0.045652784407138824 2.1877894401550293
0.047736506909132004 0.042036667466163635 2.279935598373413
0.04914670065045357 0.04327021539211273 2.3505945205688477
0.04892292618751526 0.04352181404829025 2.160444498062134
0.048566434532403946 0.0424041785299778 2.464902639389038
0.04982157424092293 0.04412226006388664 2.2797250747680664
0.05053459480404854 0.04459241032600403 2.37687349319458
0.04905875027179718 0.04297015815973282 2.4354376792907715
0.051847126334905624 0.045959047973155975 2.3552308082580566
0.04964255169034004 0.044158436357975006 2.1936464309692383
0.051250021904706955 0.045368023216724396 2.352800130844116
0.052977096289396286 0.047222524881362915 2.3018290996551514
0.046608809381723404 0.041111208498477936 2.199040412902832
0.04734812676906586 0.04134424775838852 2.401552200317383
0.04781779646873474 0.04189467430114746 2.369248390197754
0.04801042377948761 0.041849009692668915 2.464566469192505
0.049473099410533905 0.04318702593445778 2.5144293308258057
0.0478287972509861 0.04134570434689522 2.5932374000549316
0.047326378524303436 0.041421689093112946 2.3618760108947754
0.04711806774139404 0.04134824872016907 2.3079276084899902
0.049102745950222015 0.04351256042718887 2.236074447631836
0.050653379410505295 0.04505733400583267 2.2384183406829834
0.0505145788192749 0.04424742981791496 2.5068588256835938
0.05007438361644745 0.04399866983294487 2.4302854537963867
0.04780152440071106 0.04182650148868561 2.3900086879730225
0.04878367483615875 0.042684219777584076 2.4397826194763184
0.04650440812110901 0.04062971472740173 2.34987735748291
0.04803510382771492 0.04200340807437897 2.4126787185668945
0.05074533075094223 0.04503168165683746 2.285459041595459
0.0496947355568409 0.04432244598865509 2.1489157676696777
0.0510077141225338 0.04528970271348953 2.2872049808502197
0.04858654737472534 0.04291285201907158 2.2694785594940186
0.04993251711130142 0.043816715478897095 2.4463210105895996
0.04964636266231537 0.043192874640226364 2.5813956260681152
0.04645223543047905 0.04066595435142517 2.314512014389038
0.04892538860440254 0.042769305408000946 2.4624338150024414
0.048877838999032974 0.04335273802280426 2.2100400924682617
0.048723939806222916 0.04336903989315033 2.141960382461548
0.047484636306762695 0.04186447709798813 2.248063087463379
0.04920295253396034 0.04359636455774307 2.2426352500915527
0.04948665201663971 0.04325982928276062 2.4907288551330566
0.04823261499404907 0.042629629373550415 2.241194725036621
0.049710407853126526 0.044015951454639435 2.277782917022705
0.04885757341980934 0.04323751479387283 2.248023509979248
0.05049809440970421 0.045065175741910934 2.1731677055358887
0.052317630499601364 0.046135708689689636 2.472769260406494
0.04618822783231735 0.0389309860765934 2.902897357940674
