0.1843368411064148 0.1403082311153412 8.8057222366333
0.16500017046928406 0.13434359431266785 6.1313157081604
0.1536129266023636 0.12859198451042175 5.004189491271973
0.14907020330429077 0.12470385432243347 4.873270511627197
0.14788833260536194 0.12426243722438812 4.725180625915527
0.1504334956407547 0.12661021947860718 4.764656066894531
0.14592185616493225 0.1228422224521637 4.615926265716553
0.14271995425224304 0.12116556614637375 4.310876846313477
0.14160111546516418 0.12100199609994888 4.1198225021362305
0.1410931795835495 0.12110456079244614 3.9977245330810547
0.13694196939468384 0.11849305033683777 3.6897828578948975
0.12615366280078888 0.10864399373531342 3.50193452835083
0.12833508849143982 0.11183154582977295 3.3007078170776367
0.12988483905792236 0.11420129984617233 3.136708974838257
0.13233664631843567 0.11733705550432205 2.9999194145202637
0.1350671648979187 0.12020547688007355 2.9723381996154785
0.1262190341949463 0.11241425573825836 2.7609543800354004
0.12307950109243393 0.10875242203474045 2.865415573120117
0.11782735586166382 0.10405464470386505 2.754542827606201
0.11741851270198822 0.10425123572349548 2.633455514907837
0.12244610488414764 0.10998009890317917 2.4932007789611816
0.11428321152925491 0.10144934058189392 2.5667738914489746
0.11431704461574554 0.10266697406768799 2.3300137519836426
0.10934588313102722 0.09779493510723114 2.310189962387085
0.10826940089464188 0.09704478085041046 2.244924545288086
0.1103353500366211 0.09981416910886765 2.1042368412017822
0.10417739301919937 0.09414346516132355 2.0067851543426514
0.10950195789337158 0.09901927411556244 2.0965371131896973
0.10482750087976456 0.09504540264606476 1.9564194679260254
0.1046006977558136 0.09447654336690903 2.0248308181762695
0.09955204278230667 0.09014289081096649 1.8818306922912598
0.0993703156709671 0.0904187262058258 1.790317177772522
0.10942773520946503 0.10071054846048355 1.7434372901916504
0.10464112460613251 0.09588570892810822 1.751083254814148
0.10082449018955231 0.0923568606376648 1.693526268005371
0.09283635765314102 0.08441001176834106 1.6852691173553467
0.09294579923152924 0.08513401448726654 1.56235671043396
0.09405830502510071 0.08589610457420349 1.6324408054351807
0.0968051552772522 0.08911313116550446 1.5384043455123901
0.09408929944038391 0.08679284900426865 1.4592905044555664
0.09318070113658905 0.08594901859760284 1.4463365077972412
0.09440164268016815 0.0870838314294815 1.4635626077651978
0.08846945315599442 0.0815126821398735 1.3913536071777344
0.0934947207570076 0.08644845336675644 1.4092532396316528
0.08972179889678955 0.08277355879545212 1.3896487951278687
0.08931276947259903 0.08282041549682617 1.2984713315963745
0.08627580106258392 0.07959884405136108 1.3353912830352783
0.0897376611828804 0.08309821039438248 1.327890157699585
0.08368690311908722 0.07716235518455505 1.3049094676971436
0.0833890438079834 0.07704122364521027 1.2695634365081787
0.09045092016458511 0.08421134948730469 1.2479138374328613
0.08380241692066193 0.07739171385765076 1.2821412086486816
0.0831393226981163 0.07726460695266724 1.174943447113037
0.08782682567834854 0.08184821903705597 1.1957213878631592
0.08648617565631866 0.08036775887012482 1.2236833572387695
0.0804939717054367 0.07447723299264908 1.2033474445343018
0.08046077191829681 0.07466080784797668 1.1599925756454468
0.08096481114625931 0.07518236339092255 1.156489610671997
0.08596903830766678 0.08045916259288788 1.1019744873046875
0.08331169188022614 0.07785357534885406 1.0916225910186768
0.08732699602842331 0.08174894750118256 1.1156096458435059
0.07801919430494308 0.07250973582267761 1.101891040802002
0.08333388715982437 0.07760052382946014 1.146672248840332
0.07874584943056107 0.07267141342163086 1.214887261390686
0.07789481431245804 0.07231052219867706 1.1168584823608398
0.07833075523376465 0.07239318639039993 1.1875145435333252
0.07599788159132004 0.07065211236476898 1.0691537857055664
0.07492734491825104 0.06959917396306992 1.0656347274780273
0.07578884065151215 0.07069595158100128 1.0185773372650146
0.07681472599506378 0.0717049390077591 1.0219576358795166
0.07241430133581161 0.06750006228685379 0.9828481674194336
0.07917994260787964 0.07379937171936035 1.0761139392852783
0.07245422899723053 0.06722305715084076 1.0462347269058228
0.07549727708101273 0.07012887299060822 1.073681354522705
0.0714707151055336 0.06612937152385712 1.0682690143585205
0.07174049317836761 0.06640055775642395 1.0679874420166016
0.06904251128435135 0.06380976736545563 1.0465481281280518
0.06821050494909286 0.06308326870203018 1.025446891784668
0.0753745436668396 0.07029148936271667 1.0166105031967163
0.07464578002691269 0.06984725594520569 0.9597049951553345
0.07283275574445724 0.06819158792495728 0.9282336235046387
0.073052316904068 0.06810829043388367 0.988805890083313
0.07682192325592041 0.07182581722736359 0.999221920967102
0.07094752043485641 0.06560464203357697 1.068575382232666
0.07412514835596085 0.06873798370361328 1.0774333477020264
0.0678415447473526 0.06235460937023163 1.097386360168457
0.06917309015989304 0.0641288161277771 1.0088542699813843
0.07123836874961853 0.06667910516262054 0.9118533134460449
0.06397651135921478 0.05957280844449997 0.8807406425476074
0.06724657863378525 0.06295501440763474 0.8583129644393921
0.07188768684864044 0.06781059503555298 0.8154178857803345
0.06865569949150085 0.06429208815097809 0.8727225065231323
0.07024390250444412 0.0651644915342331 1.0158827304840088
0.0652686282992363 0.059739045798778534 1.1059166193008423
0.06706734001636505 0.061844635754823685 1.0445411205291748
0.06923296302556992 0.0644599199295044 0.9546091556549072
0.07077711820602417 0.06622856110334396 0.909711480140686
0.06129080429673195 0.05658631771802902 0.9408973455429077
0.06581620126962662 0.06138456612825394 0.8863267302513123
0.06540343910455704 0.06093085929751396 0.8945159912109375
0.06883036345243454 0.06421515345573425 0.9230419397354126
0.06559999287128448 0.06111492961645126 0.8970127105712891
0.06666906177997589 0.06201609969139099 0.9305923581123352
0.06670115143060684 0.06198333948850632 0.943562924861908
0.06448373943567276 0.059832096099853516 0.9303292632102966
0.06345150619745255 0.05877744406461716 0.9348125457763672
0.06310940533876419 0.058834388852119446 0.8550033569335938
0.06615481525659561 0.06180807203054428 0.869348406791687
0.06687521934509277 0.06270820647478104 0.8334018588066101
0.06110471487045288 0.05677759647369385 0.8654233813285828
0.06679358333349228 0.0623723603785038 0.8842451572418213
0.06466996669769287 0.060038212686777115 0.9263500571250916
0.06905431300401688 0.06468121707439423 0.8746193647384644
0.06571407616138458 0.06114034727215767 0.9147459268569946
0.06359026581048965 0.058872707188129425 0.9435114860534668
0.06714040786027908 0.06266264617443085 0.8955525755882263
0.06612344086170197 0.061735279858112335 0.8776322603225708
0.06327641010284424 0.05900292843580246 0.8546962738037109
0.06458750367164612 0.06007908284664154 0.9016845226287842
0.06495379656553268 0.06065751612186432 0.8592556715011597
0.06631967425346375 0.06217382103204727 0.8291701674461365
0.0677672028541565 0.06366224586963654 0.8209918737411499
0.06076560914516449 0.05652223527431488 0.8486745357513428
0.06424909830093384 0.05990854650735855 0.8681096434593201
0.06174369156360626 0.057750213891267776 0.7986955642700195
0.06769998371601105 0.06375981867313385 0.7880336046218872
0.06094280630350113 0.057046934962272644 0.7791741490364075
0.06256429105997086 0.058624643832445145 0.7879294753074646
0.06312176585197449 0.05877094715833664 0.8701633810997009
0.06180452182888985 0.057534947991371155 0.8539145588874817
0.06490311771631241 0.06095394492149353 0.7898347973823547
0.061233095824718475 0.057225242257118225 0.8015704154968262
0.06463418155908585 0.0606900155544281 0.7888328433036804
0.06179427355527878 0.05778448283672333 0.8019580245018005
0.06012837961316109 0.05659431591629982 0.706812858581543
0.061417896300554276 0.057829320430755615 0.7177152633666992
0.05888848006725311 0.055020421743392944 0.7736119627952576
0.06078217923641205 0.0567140057682991 0.8136343955993652
0.060636188834905624 0.05675915628671646 0.7754065990447998
0.06214035302400589 0.05846446752548218 0.7351771593093872
0.06164373829960823 0.05783858895301819 0.7610300183296204
0.06314867734909058 0.05907439440488815 0.8148566484451294
0.0594831146299839 0.05536563694477081 0.8234952688217163
0.06269080191850662 0.058718763291835785 0.7944084405899048
0.05806218832731247 0.054213616997003555 0.7697144746780396
0.05915423855185509 0.05573713779449463 0.6834204196929932
0.061043307185173035 0.057772669941186905 0.6541271209716797
0.06356123834848404 0.06051262095570564 0.6097235083580017
0.0609065443277359 0.057510651648044586 0.6791785359382629
0.06209128350019455 0.058628395199775696 0.692577600479126
0.05942026153206825 0.05567757040262222 0.7485382556915283
0.06191621348261833 0.05827007442712784 0.7292279005050659
0.06221519038081169 0.05819617956876755 0.8038023114204407
0.06310191750526428 0.05957182124257088 0.7060196995735168
0.059593476355075836 0.0560411661863327 0.7104619741439819
0.0614001490175724 0.05798541009426117 0.6829479932785034
0.06265617161989212 0.059345439076423645 0.6621468663215637
0.061149872839450836 0.05769503861665726 0.6909666061401367
0.061512287706136703 0.058134086430072784 0.6756401062011719
0.05978291109204292 0.056304894387722015 0.6956031322479248
0.06089246645569801 0.05769219249486923 0.6400545239448547
0.06543846428394318 0.06224910169839859 0.6378730535507202
0.06255003809928894 0.059469111263751984 0.6161855459213257
0.06174347549676895 0.05816693603992462 0.7153081893920898
0.056846681982278824 0.05321217328310013 0.7269014120101929
0.059049755334854126 0.05565901845693588 0.6781471967697144
0.06144088879227638 0.05826270580291748 0.6356369256973267
0.05933113396167755 0.05630647763609886 0.604931116104126
0.06021185591816902 0.05731182172894478 0.5800065398216248
0.058718856424093246 0.05567402392625809 0.6089668273925781
0.06425781548023224 0.061264947056770325 0.5985734462738037
0.058334074914455414 0.054887738078832626 0.6892672181129456
0.060846272855997086 0.05732112377882004 0.7050296664237976
0.0628700777888298 0.05928744375705719 0.7165261507034302
0.06226903200149536 0.059029657393693924 0.647875189781189
0.06306076794862747 0.05971980094909668 0.6681939959526062
0.0568380206823349 0.05365064740180969 0.637474536895752
0.0613771416246891 0.058452457189559937 0.5849370360374451
0.0603555403649807 0.05734628811478615 0.6018505096435547
0.0591219924390316 0.05599353462457657 0.6256913542747498
0.06217227876186371 0.059001415967941284 0.6341723203659058
0.06251438707113266 0.05948403477668762 0.6060709953308105
0.059992432594299316 0.05676555633544922 0.6453752517700195
0.05962570384144783 0.05626387894153595 0.6723647713661194
0.05797739326953888 0.05463013797998428 0.6694512367248535
0.056215789169073105 0.05311118811368942 0.6209204196929932
0.057398442178964615 0.05425066500902176 0.6295552849769592
0.05731334164738655 0.05464890971779823 0.5328865051269531
0.056749578565359116 0.05400868505239487 0.5481787323951721
0.06111475080251694 0.05835430324077606 0.5520898699760437
0.05817151442170143 0.05512290820479393 0.6097210645675659
0.05974329262971878 0.056558120995759964 0.6370342969894409
0.0594835989177227 0.05593947693705559 0.7088243961334229
0.06140109524130821 0.05776626616716385 0.7269660234451294
0.05931583791971207 0.05601618438959122 0.659930944442749
0.05892853066325188 0.0559285432100296 0.5999974012374878
0.055682193487882614 0.052806075662374496 0.5752238631248474
0.060824278742074966 0.057800762355327606 0.6047033071517944
0.0575142428278923 0.05455991253256798 0.590866208076477
0.056891877204179764 0.05397980660200119 0.5824141502380371
0.061202943325042725 0.05804428458213806 0.6317315101623535
0.0596010647714138 0.05619253218173981 0.6817067861557007
0.0620342455804348 0.05908118560910225 0.5906120538711548
0.056126467883586884 0.05310005694627762 0.6052820086479187
0.05715819075703621 0.05407462641596794 0.6167129278182983
0.05894425883889198 0.05594014748930931 0.6008224487304688
0.0550604872405529 0.052192993462085724 0.5734990835189819
0.05469328537583351 0.051908526569604874 0.5569518804550171
0.061548035591840744 0.05877698212862015 0.5542105436325073
0.05652550235390663 0.0536767952144146 0.5697417259216309
0.059818755835294724 0.056967154145240784 0.5703200101852417
0.058635540306568146 0.05548088997602463 0.6309300661087036
0.05802905932068825 0.05497554689645767 0.6107021570205688
0.059505581855773926 0.0566534586250782 0.5704245567321777
0.05578634515404701 0.0532592311501503 0.5054230690002441
0.05972227454185486 0.05711282417178154 0.5218901634216309
0.05541697144508362 0.052557192742824554 0.5719555616378784
0.06384381651878357 0.06092224270105362 0.5843151807785034
0.05850567668676376 0.055570267140865326 0.5870816111564636
0.061272528022527695 0.058250438421964645 0.6044178009033203
0.05812099575996399 0.055313754826784134 0.5614484548568726
0.05647902190685272 0.05343884602189064 0.6080352067947388
0.058012135326862335 0.05538562312722206 0.5253027677536011
0.05913073569536209 0.056400738656520844 0.54599928855896
0.061107657849788666 0.05859179049730301 0.5031733512878418
0.05586390942335129 0.0532480925321579 0.5231630802154541
0.05908956751227379 0.056360889226198196 0.5457359552383423
0.05550713837146759 0.05265220254659653 0.5709869265556335
0.058825306594371796 0.056187503039836884 0.527560830116272
0.05806500092148781 0.05533524602651596 0.545951247215271
0.05804012343287468 0.05511379987001419 0.5852645635604858
0.057697128504514694 0.0548308826982975 0.5732490420341492
0.057051852345466614 0.0546070858836174 0.4889533519744873
0.053551919758319855 0.051058731973171234 0.49863725900650024
0.053278855979442596 0.050918642431497574 0.47204262018203735
0.054778266698122025 0.05241122096776962 0.47340908646583557
0.05633145943284035 0.053870394825935364 0.4922127425670624
0.055920615792274475 0.053252849727869034 0.5335534811019897
0.05508992448449135 0.05231395363807678 0.5551940202713013
0.0553889125585556 0.05314762145280838 0.4482578635215759
0.05460699647665024 0.052084848284721375 0.5044299364089966
0.056886937469244 0.05441120266914368 0.49514681100845337
0.05624767392873764 0.05394858121871948 0.45981884002685547
0.05805225670337677 0.055680155754089355 0.47442036867141724
0.060063667595386505 0.05750125274062157 0.512482762336731
0.05544158071279526 0.052804432809352875 0.5274298191070557
0.05489697679877281 0.05207263305783272 0.564868688583374
0.055087193846702576 0.05242743343114853 0.5319522023200989
0.05955226346850395 0.05657874420285225 0.5947039723396301
0.05807976797223091 0.05559409037232399 0.49713563919067383
0.05464591830968857 0.05205894634127617 0.5173940658569336
0.05679192766547203 0.05414994806051254 0.5283961296081543
0.052848104387521744 0.05031704157590866 0.506212592124939
0.05253276973962784 0.05011624097824097 0.4833053946495056
0.06408976018428802 0.06166300177574158 0.4853518605232239
0.05941109359264374 0.056701403111219406 0.5419379472732544
0.05220252275466919 0.04961800575256348 0.5169032216072083
0.058213524520397186 0.05587442219257355 0.4678206443786621
0.055300023406744 0.05260461941361427 0.5390805006027222
0.056247781962156296 0.053953927010297775 0.45877110958099365
0.05700131505727768 0.05479457229375839 0.4413488507270813
0.05531603470444679 0.05303686857223511 0.45583295822143555
0.054843369871377945 0.05266674980521202 0.4353240728378296
0.05610305070877075 0.053591538220644 0.5023024082183838
0.05407356843352318 0.05140378326177597 0.53395676612854
0.0540747232735157 0.05153689533472061 0.507565438747406
0.05438697338104248 0.052086345851421356 0.46012553572654724
0.05866558104753494 0.056338436901569366 0.46542856097221375
0.05529390648007393 0.052984774112701416 0.4618264436721802
0.057371314615011215 0.05518503114581108 0.4372568130493164
0.056291960179805756 0.0538174994289875 0.49489185214042664
0.05195077881217003 0.04984259605407715 0.4216368794441223
0.058123718947172165 0.055712275207042694 0.48228850960731506
0.0529729425907135 0.05072648823261261 0.44929075241088867
0.057257141917943954 0.05502397567033768 0.4466334581375122
0.060207515954971313 0.05791444331407547 0.4586148262023926
0.057807184755802155 0.0552600622177124 0.5094242691993713
0.05140553042292595 0.04916854947805405 0.4473963677883148
0.05493079125881195 0.05213325843214989 0.5595067739486694
0.05718511715531349 0.05493222922086716 0.4505775570869446
0.055893365293741226 0.05357389524579048 0.4638943374156952
0.056303635239601135 0.05383651331067085 0.49342453479766846
0.05839725583791733 0.05579349398612976 0.5207526087760925
0.05607938393950462 0.053567610681056976 0.5023543834686279
0.056727733463048935 0.0543576143682003 0.4740239083766937
0.05869319662451744 0.05637515336275101 0.46360889077186584
0.059352532029151917 0.0569281280040741 0.48488086462020874
0.05423985794186592 0.05180617794394493 0.4867357909679413
0.05424206703901291 0.051993705332279205 0.44967254996299744
0.05416102334856987 0.05190744251012802 0.4507162570953369
0.054567307233810425 0.05214042216539383 0.48537665605545044
0.054908595979213715 0.052623942494392395 0.4569310247898102
0.054626770317554474 0.05257372930645943 0.4106082320213318
0.06078718230128288 0.058327000588178635 0.49203622341156006
0.0603506825864315 0.057823196053504944 0.5054975748062134
0.055635932832956314 0.05315349996089935 0.4964868724346161
0.05445760861039162 0.05195820331573486 0.49988120794296265
0.05313597619533539 0.05092254653573036 0.442685604095459
0.05470526963472366 0.05248323827981949 0.4444062113761902
0.05504583939909935 0.05231485515832901 0.5461969375610352
0.05661974847316742 0.05430261045694351 0.46342772245407104
0.052760038524866104 0.050678033381700516 0.4164009690284729
0.056560348719358444 0.05422446131706238 0.46717751026153564
0.055603403598070145 0.052848707884550095 0.5509390234947205
0.053697619587183 0.05115248262882233 0.5090272426605225
0.05267536640167236 0.05038098990917206 0.45887553691864014
0.055161118507385254 0.05256795883178711 0.5186315774917603
0.05344580113887787 0.05094263330101967 0.5006338953971863
0.0560501366853714 0.05353260040283203 0.503507137298584
0.055861905217170715 0.053580693900585175 0.4562419056892395
0.05594597011804581 0.05342499539256096 0.5041949152946472
0.056953102350234985 0.054344892501831055 0.5216420888900757
0.054913587868213654 0.052643489092588425 0.4540199041366577
0.05478554219007492 0.05256437510251999 0.44423311948776245
0.05610872805118561 0.05366905406117439 0.4879344701766968
0.054832540452480316 0.05238304287195206 0.4898996949195862
0.05536942929029465 0.0530858151614666 0.4567232131958008
0.05085284635424614 0.04873381927609444 0.42380523681640625
0.05715426802635193 0.05488872528076172 0.45310860872268677
0.05518430471420288 0.053067758679389954 0.4233095645904541
0.05679338425397873 0.054390858858823776 0.4805049002170563
0.061478834599256516 0.05904039740562439 0.4876876175403595
0.0591643825173378 0.0565476231276989 0.5233520269393921
0.05260011926293373 0.050396330654621124 0.4407578408718109
0.052349284291267395 0.0503334142267704 0.4031742513179779
0.05509208142757416 0.05285479128360748 0.44745826721191406
0.05312296003103256 0.050813060253858566 0.46198004484176636
0.05337291210889816 0.05131373554468155 0.41183504462242126
0.05424952507019043 0.052115123718976974 0.42688053846359253
0.05564409866929054 0.0533580556511879 0.4572088122367859
0.052511174231767654 0.05026086047291756 0.45006269216537476
0.054932285100221634 0.05268329381942749 0.4497984051704407
0.054769258946180344 0.0524929016828537 0.4552711248397827
0.05474139004945755 0.052156418561935425 0.5169944763183594
0.05627312883734703 0.05415574461221695 0.4234767258167267
0.05441554635763168 0.05216480419039726 0.4501480758190155
0.053039103746414185 0.05095856636762619 0.41610777378082275
0.053899794816970825 0.051585763692855835 0.4628062844276428
0.05275019258260727 0.05044575780630112 0.46088671684265137
0.057012222707271576 0.05482713133096695 0.43701857328414917
0.05520651489496231 0.05279366299510002 0.48257023096084595
0.05287666991353035 0.05050588399171829 0.4741572439670563
0.05387543886899948 0.05199100077152252 0.3768879175186157
0.05427362397313118 0.052181392908096313 0.41844627261161804
0.05543658137321472 0.05330974608659744 0.4253668189048767
0.05493643507361412 0.05273066461086273 0.4411541223526001
0.05482187122106552 0.052832409739494324 0.3978925347328186
0.05651929974555969 0.05421699956059456 0.46045976877212524
0.058641787618398666 0.05646825581789017 0.4347062110900879
0.05391915515065193 0.051474928855895996 0.4888453185558319
0.05563291534781456 0.05368964374065399 0.3886542320251465
0.052979566156864166 0.05085728317499161 0.42445698380470276
0.053489990532398224 0.05137582868337631 0.42283254861831665
0.05279352143406868 0.05082966387271881 0.3927714228630066
0.05192558839917183 0.04969717562198639 0.4456823468208313
0.0518948957324028 0.04995563626289368 0.3878518342971802
0.05160268023610115 0.04922880232334137 0.47477591037750244
0.05462617427110672 0.05274644494056702 0.37594571709632874
0.056409236043691635 0.05429418385028839 0.4230104088783264
0.05933792144060135 0.05716414004564285 0.4347561001777649
0.05292457714676857 0.05086323991417885 0.41226711869239807
0.05542517080903053 0.05310104042291641 0.464826375246048
0.05516519770026207 0.052926912903785706 0.44765686988830566
0.050250183790922165 0.04792223870754242 0.46558916568756104
0.05427912250161171 0.05199894309043884 0.45603570342063904
0.056329093873500824 0.05408520996570587 0.44877713918685913
0.05236272141337395 0.05034899711608887 0.4027451276779175
0.056896600872278214 0.05484025180339813 0.41126981377601624
0.058575429022312164 0.05619284510612488 0.4765164852142334
0.056378040462732315 0.05401459336280823 0.472689688205719
0.05114704370498657 0.0487452894449234 0.4803505837917328
0.052665602415800095 0.05037669837474823 0.45778074860572815
0.0545576773583889 0.05229334533214569 0.45286670327186584
0.05339139699935913 0.051070436835289 0.4641922116279602
0.04780099540948868 0.04556828737258911 0.44654154777526855
0.0538158193230629 0.05146349221467972 0.4704650640487671
0.05217120423913002 0.04999725520610809 0.434789776802063
0.051893625408411026 0.04976227879524231 0.4262691140174866
0.05764811858534813 0.0554007813334465 0.44946765899658203
0.05800548940896988 0.055668026208877563 0.4674929678440094
0.053583357483148575 0.05151733383536339 0.41320472955703735
0.05559331178665161 0.05341694504022598 0.4352736175060272
0.05455409735441208 0.05254696309566498 0.4014267325401306
0.05381130427122116 0.051707662642002106 0.42072808742523193
0.05371617525815964 0.05135437846183777 0.47235947847366333
0.0535665862262249 0.051410481333732605 0.4312208294868469
0.05355403572320938 0.051612406969070435 0.3883257508277893
0.05223625898361206 0.05018773674964905 0.4097040891647339
0.05327828228473663 0.05112199857831001 0.4312565326690674
0.05271698161959648 0.05057299882173538 0.4287964105606079
0.05374779924750328 0.05165667086839676 0.4182254374027252
0.054011549800634384 0.05193103849887848 0.41610240936279297
0.0504450760781765 0.04847948998212814 0.39311733841896057
0.05735889822244644 0.05481225997209549 0.5093280076980591
0.05949878320097923 0.05743396282196045 0.4129641652107239
0.052538320422172546 0.05055742710828781 0.39617887139320374
0.05386444553732872 0.05174097418785095 0.424694299697876
0.0520990751683712 0.050011858344078064 0.41744351387023926
0.05731764808297157 0.05517246574163437 0.4290367364883423
0.05522619187831879 0.05301700532436371 0.4418376088142395
0.053911931812763214 0.05150003731250763 0.48237910866737366
0.052729055285453796 0.05070243775844574 0.4053235352039337
0.05547643452882767 0.05343008413910866 0.40927010774612427
0.05621190369129181 0.05414237827062607 0.41390514373779297
0.055733226239681244 0.05343766510486603 0.45911186933517456
0.05661753565073013 0.05428871512413025 0.46576380729675293
0.05246839299798012 0.05046882852911949 0.3999130129814148
0.053211942315101624 0.05130894109606743 0.3806000351905823
0.057387690991163254 0.05526244267821312 0.4250499904155731
0.0567827969789505 0.05472353845834732 0.4118519425392151
0.05647249147295952 0.05433598905801773 0.4273003339767456
0.052624501287937164 0.050537820905447006 0.41733628511428833
0.054600995033979416 0.05241549760103226 0.43709924817085266
0.05241628363728523 0.05033907666802406 0.4154415726661682
0.05240141600370407 0.05005607753992081 0.46906742453575134
0.0526312030851841 0.05023941397666931 0.47835755348205566
0.049406006932258606 0.047280777245759964 0.4250457286834717
0.054682232439517975 0.052324291318655014 0.4715883731842041
0.055175140500068665 0.05290018767118454 0.4549907147884369
0.053767167031764984 0.05141879990696907 0.4696734547615051
0.053136195987463 0.050984110683202744 0.43041694164276123
0.05419401451945305 0.05162785202264786 0.5132324695587158
0.05370355024933815 0.05136381462216377 0.46794718503952026
0.051844120025634766 0.04992824047803879 0.38317567110061646
0.05551258102059364 0.05350519344210625 0.4014773368835449
0.05614044889807701 0.05377943813800812 0.4722021818161011
0.05621092766523361 0.05399785935878754 0.4426133632659912
0.04988207295536995 0.04770766198635101 0.43488240242004395
0.06004282832145691 0.05797376483678818 0.4138125777244568
0.05230749770998955 0.050280746072530746 0.4053506851196289
0.054508667439222336 0.0525331124663353 0.3951106667518616
0.05086277797818184 0.04885229468345642 0.402096688747406
0.05835965275764465 0.056467220187187195 0.3784864544868469
0.05160137638449669 0.049637310206890106 0.3928132951259613
0.05194951966404915 0.04996441304683685 0.39702108502388
0.0511549673974514 0.04880698025226593 0.4695972800254822
0.05679265409708023 0.05436056852340698 0.48641714453697205
0.06213860958814621 0.05971793457865715 0.4841347336769104
0.053718201816082 0.05155429244041443 0.43278226256370544
0.05265906825661659 0.0503728948533535 0.4572344124317169
0.05367172509431839 0.05142993479967117 0.44835802912712097
0.05376734957098961 0.051967862993478775 0.35989758372306824
0.05175156146287918 0.04945138841867447 0.46003469824790955
0.0528809055685997 0.050968751311302185 0.382430762052536
0.05306311324238777 0.05107218027114868 0.39818695187568665
0.05558226257562637 0.05329282209277153 0.45788806676864624
0.05666163191199303 0.054544687271118164 0.4233890175819397
0.05299612879753113 0.05106065049767494 0.3870958685874939
0.0560850128531456 0.0533798448741436 0.5410333871841431
0.05386904999613762 0.05183729529380798 0.40635108947753906
0.05505029484629631 0.05269409716129303 0.47123944759368896
0.05214209109544754 0.0500011146068573 0.42819541692733765
0.05421920865774155 0.05179545283317566 0.4847510755062103
0.05602196231484413 0.0537404902279377 0.45629438757896423
0.05480517819523811 0.05235312134027481 0.49041128158569336
0.05264687165617943 0.050387829542160034 0.4518083930015564
0.051492348313331604 0.04946115240454674 0.4062395393848419
0.05228535458445549 0.050153255462646484 0.4264194965362549
0.050907667726278305 0.04903149604797363 0.37523409724235535
0.048556242138147354 0.0463109128177166 0.4490658938884735
0.05190141499042511 0.049721695482730865 0.43594393134117126
0.05222503840923309 0.05022994801402092 0.3990181088447571
0.05307469516992569 0.051226045936346054 0.3697298765182495
0.052452605217695236 0.0503387525677681 0.42277055978775024
0.050544265657663345 0.048710897564888 0.3666737675666809
0.05315862596035004 0.05138527601957321 0.35467031598091125
0.0543811060488224 0.05272911489009857 0.33039796352386475
0.05785282328724861 0.05566047132015228 0.43847033381462097
0.05426529049873352 0.05176561698317528 0.49993467330932617
0.05166018754243851 0.049750927835702896 0.38185206055641174
0.05345521867275238 0.051508449018001556 0.3893539607524872
0.05335002765059471 0.05132804811000824 0.4043962359428406
0.05466429516673088 0.052531927824020386 0.4264736771583557
0.05573330074548721 0.053704023361206055 0.40585532784461975
0.05283883959054947 0.05064740777015686 0.43828636407852173
0.054336149245500565 0.052414149045944214 0.3843998610973358
0.053207848221063614 0.050933077931404114 0.4549543857574463
0.053796034306287766 0.051720671355724335 0.41507285833358765
0.05368761718273163 0.051578275859355927 0.4218682646751404
0.051446009427309036 0.049346283078193665 0.41994547843933105
0.05270657315850258 0.05077813193202019 0.38568800687789917
0.05393427237868309 0.0514100007712841 0.504854142665863
0.05407784506678581 0.0518675372004509 0.44206178188323975
0.054472871124744415 0.05244963616132736 0.40464723110198975
0.052197717130184174 0.04990803822875023 0.4579356908798218
0.05196381360292435 0.04996791481971741 0.3991793990135193
0.04950243979692459 0.04768795520067215 0.36289697885513306
0.053538598120212555 0.05150320753455162 0.407078355550766
0.053331874310970306 0.05112298205494881 0.4417787194252014
0.0547361895442009 0.05268172174692154 0.41089385747909546
0.054199472069740295 0.052170753479003906 0.4057440757751465
0.054884690791368484 0.05274921655654907 0.4270946979522705
0.053284574300050735 0.05118858069181442 0.4191989302635193
0.05104232206940651 0.04920666292309761 0.367131769657135
0.04789352044463158 0.04606122523546219 0.36645933985710144
0.05068570002913475 0.04874253273010254 0.388633668422699
0.05426737666130066 0.052537478506565094 0.34597980976104736
0.053773410618305206 0.051939450204372406 0.3667917847633362
0.054932888597249985 0.0530887171626091 0.3688342273235321
0.056325867772102356 0.05425490438938141 0.41419267654418945
0.05299442261457443 0.05075673758983612 0.4475370943546295
0.05207265540957451 0.050170302391052246 0.3804705739021301
0.05168606713414192 0.049525901675224304 0.43203338980674744
0.05252932757139206 0.05077410861849785 0.35104382038116455
0.05300901457667351 0.05128274857997894 0.3452531099319458
0.05301995575428009 0.050952740013599396 0.4134431779384613
0.05393734574317932 0.051540084183216095 0.4794524908065796
0.05465085431933403 0.052665889263153076 0.39699313044548035
0.05554145202040672 0.05305681750178337 0.4969266355037689
0.05389067903161049 0.05188309773802757 0.4015159606933594
0.05231699347496033 0.04984055459499359 0.4952881634235382
0.054385870695114136 0.05223298445343971 0.4305775761604309
0.05200525000691414 0.04992852360010147 0.41534537076950073
0.05239023268222809 0.05031999945640564 0.41404658555984497
0.054196830838918686 0.0522095151245594 0.39746320247650146
0.05667801946401596 0.054472677409648895 0.4410685896873474
0.05300386622548103 0.05104364454746246 0.3920440077781677
0.05212303623557091 0.0494932122528553 0.5259650945663452
0.05106382071971893 0.04918359965085983 0.37604424357414246
0.05369523540139198 0.051711201667785645 0.39680641889572144
0.05239177867770195 0.05038929730653763 0.40049606561660767
0.05474168062210083 0.05239277333021164 0.46978119015693665
0.05540601909160614 0.0533067062497139 0.419862300157547
0.05112563818693161 0.04899858683347702 0.42541053891181946
0.051716823130846024 0.04940890148282051 0.46158459782600403
0.04795854538679123 0.04615696519613266 0.3603156805038452
0.05186641588807106 0.0497279092669487 0.42770135402679443
0.05428173765540123 0.052388548851013184 0.37863776087760925
0.052720703184604645 0.05043497681617737 0.4571451246738434
0.048248130828142166 0.046205952763557434 0.4084353446960449
0.053398966789245605 0.051421310752630234 0.3955315947532654
0.052353598177433014 0.05025257170200348 0.42020541429519653
0.049372751265764236 0.047378234565258026 0.39890360832214355
0.05166309326887131 0.0494421161711216 0.44419559836387634
0.05263921245932579 0.050524935126304626 0.4228556454181671
0.05102110654115677 0.0492112934589386 0.3619624376296997
0.054920464754104614 0.052897851914167404 0.4045222997665405
0.054256267845630646 0.051857657730579376 0.47972238063812256
0.05590454488992691 0.0537584125995636 0.4292263686656952
0.05492643266916275 0.052675627171993256 0.4501609206199646
0.04973933845758438 0.047347184270620346 0.4784310460090637
0.051509030163288116 0.04971401393413544 0.3590033948421478
0.049048785120248795 0.046983711421489716 0.4130149483680725
0.050502847880125046 0.04831371828913689 0.43782609701156616
0.05587249994277954 0.053912028670310974 0.39209455251693726
0.051207154989242554 0.04918159916996956 0.40511149168014526
0.05210520699620247 0.05000501126050949 0.42003941535949707
0.05223749577999115 0.05029679462313652 0.38814014196395874
0.05032921954989433 0.0483635850250721 0.3931266963481903
0.05160689726471901 0.04968142509460449 0.38509416580200195
0.05603925511240959 0.0540299117565155 0.40186843276023865
0.05627051740884781 0.05439852178096771 0.3743990659713745
0.05371066555380821 0.051639456301927567 0.41424185037612915
0.053816650062799454 0.05174374580383301 0.41458070278167725
0.051751282066106796 0.04981629550457001 0.3869970440864563
0.056304581463336945 0.05423132702708244 0.41465115547180176
0.053215816617012024 0.051388803869485855 0.36540257930755615
0.0544232614338398 0.052222151309251785 0.4402219355106354
0.052254512906074524 0.05036654695868492 0.37759315967559814
0.05407898873090744 0.05203738808631897 0.40831995010375977
0.05464698746800423 0.0521315298974514 0.5030913352966309
0.0555042140185833 0.05295926332473755 0.5089904069900513
0.05574420839548111 0.05353455990552902 0.4419294595718384
0.05272834002971649 0.05069945007562637 0.405778169631958
0.05352199077606201 0.05098852887749672 0.5066925883293152
0.05199426785111427 0.04968417435884476 0.46201878786087036
0.05241833254694939 0.050044216215610504 0.4748229384422302
0.05133427679538727 0.048853546380996704 0.49614593386650085
0.055854346603155136 0.05383283644914627 0.4043023884296417
0.05496619641780853 0.05274895578622818 0.44344839453697205
0.05298512801527977 0.05082084238529205 0.4328572154045105
0.0522959940135479 0.05000217258930206 0.4587644040584564
0.05167515203356743 0.0495726503431797 0.42050057649612427
0.057481344789266586 0.05560169368982315 0.3759304881095886
0.05124461278319359 0.04896383732557297 0.45615530014038086
0.05312999710440636 0.05092678591609001 0.4406425654888153
0.051280077546834946 0.04927694797515869 0.40062588453292847
0.052336692810058594 0.050394315272569656 0.388475239276886
0.05366326496005058 0.05130171775817871 0.472309410572052
0.05340917035937309 0.05078922212123871 0.5239895582199097
0.05327140539884567 0.05099479854106903 0.45532137155532837
0.053798746317625046 0.051740482449531555 0.41165268421173096
0.05462873354554176 0.052321210503578186 0.46150457859039307
0.05429631471633911 0.05173196271061897 0.5128707885742188
0.04956498369574547 0.047442302107810974 0.4245360791683197
0.054731063544750214 0.05246730521321297 0.45275163650512695
0.05377359315752983 0.051321059465408325 0.4905070662498474
0.051416877657175064 0.04904235899448395 0.47490379214286804
0.054811183363199234 0.052289798855781555 0.5042769312858582
0.05423860251903534 0.05207099765539169 0.4335213303565979
0.055922605097293854 0.053581468760967255 0.46822696924209595
0.053209077566862106 0.051119014620780945 0.4180123805999756
0.05103496462106705 0.04904055595397949 0.39888185262680054
0.05131123960018158 0.04939785599708557 0.38267675042152405
0.052196890115737915 0.049883365631103516 0.46270477771759033
0.05682752653956413 0.05475392937660217 0.4147195518016815
0.05328819528222084 0.051194243133068085 0.4187901020050049
0.049980081617832184 0.047682322561740875 0.4595518410205841
0.05447406694293022 0.0523214191198349 0.4305295944213867
0.05368215590715408 0.05178988724946976 0.37845349311828613
0.05375678464770317 0.05149046331644058 0.4532645344734192
0.0521368645131588 0.05004602670669556 0.41816744208335876
0.05160050466656685 0.049203965812921524 0.4793081283569336
0.05365588143467903 0.05099943280220032 0.5312896966934204
0.05297956243157387 0.051138222217559814 0.3682682514190674
0.053830020129680634 0.05184540897607803 0.39692187309265137
0.05327606201171875 0.05118677765130997 0.4178566038608551
0.0530998520553112 0.05093181133270264 0.43360814452171326
0.050826288759708405 0.04838428646326065 0.4884006977081299
0.053354412317276 0.051223885267972946 0.4261050522327423
0.052090149372816086 0.0499769002199173 0.422650009393692
0.05233607441186905 0.05034176632761955 0.3988618850708008
0.05303281918168068 0.05104488506913185 0.39758697152137756
0.05339301750063896 0.0511343814432621 0.4517272114753723
0.054159559309482574 0.05190693587064743 0.45052504539489746
0.05263809114694595 0.05026150867342949 0.4753161668777466
0.0519089512526989 0.049985408782958984 0.3847082853317261
0.05146896466612816 0.049590036273002625 0.3757858872413635
0.054014261811971664 0.05181308090686798 0.44023597240448
0.054492294788360596 0.052395984530448914 0.4192618429660797
0.05361516773700714 0.051756225526332855 0.3717886507511139
0.05043015629053116 0.0486031100153923 0.3654091954231262
0.058014530688524246 0.056172531098127365 0.36840009689331055
0.05462668463587761 0.05271919071674347 0.38149893283843994
0.05158922076225281 0.04955475777387619 0.4068925082683563
0.05223764106631279 0.050447847694158554 0.35795900225639343
0.05137036740779877 0.04860507696866989 0.5530577898025513
0.04999203979969025 0.04806269705295563 0.38586893677711487
0.05439659208059311 0.05222567915916443 0.43418288230895996
0.05251215025782585 0.05033538490533829 0.43535304069519043
0.05464132875204086 0.052647121250629425 0.3988415002822876
0.05262819305062294 0.05033137649297714 0.4593631625175476
0.05233731120824814 0.05018980801105499 0.4295007586479187
0.052231013774871826 0.04994412511587143 0.45737776160240173
0.053075145930051804 0.05105435848236084 0.40415722131729126
0.05239902064204216 0.05055175721645355 0.36945250630378723
0.053385164588689804 0.05113091319799423 0.45085015892982483
0.05372925102710724 0.051461413502693176 0.4535676836967468
0.05533026158809662 0.05348021537065506 0.37000930309295654
0.052130118012428284 0.05017769709229469 0.390484094619751
0.05269772186875343 0.050407908856868744 0.45796287059783936
0.05419526621699333 0.05215618014335632 0.4078170657157898
0.053965386003255844 0.0519295409321785 0.40716874599456787
0.05072525516152382 0.04835288226604462 0.4744742512702942
0.05620383098721504 0.054134197533130646 0.41392648220062256
0.054584018886089325 0.052382245659828186 0.4403547942638397
0.05405191332101822 0.052247852087020874 0.36081257462501526
0.05477716028690338 0.0526888407766819 0.41766369342803955
0.05111709609627724 0.049244146794080734 0.37459003925323486
0.05048259347677231 0.048409976065158844 0.414523720741272
0.048728808760643005 0.046809591352939606 0.3838437497615814
0.05111587047576904 0.04877173900604248 0.4688262939453125
0.05323069542646408 0.051219940185546875 0.40215086936950684
0.055656369775533676 0.0531584806740284 0.49957799911499023
0.05025520548224449 0.04837878420948982 0.37528443336486816
0.05546032264828682 0.05313102900981903 0.465858519077301
0.052180081605911255 0.04957868158817291 0.520280122756958
0.04947475343942642 0.047462932765483856 0.4023643136024475
0.05190803483128548 0.049802593886852264 0.4210883677005768
0.054273903369903564 0.052347950637340546 0.3851909339427948
0.0502590611577034 0.0486203208565712 0.32774803042411804
0.05283967778086662 0.050562743097543716 0.45538678765296936
0.05244097113609314 0.05049566924571991 0.38906073570251465
0.05257219448685646 0.05018845945596695 0.4767467975616455
0.051694106310606 0.05002862215042114 0.33309701085090637
0.053312815725803375 0.051080428063869476 0.4464777112007141
0.05333125218749046 0.051500216126441956 0.3662073612213135
0.05275363475084305 0.05039328709244728 0.4720693826675415
0.05279150605201721 0.050890665501356125 0.3801684081554413
0.05289021134376526 0.050718754529953 0.4342910349369049
0.04992074519395828 0.04816439747810364 0.35126978158950806
0.05363811179995537 0.051530733704566956 0.42147552967071533
0.054015763103961945 0.052174653857946396 0.36822205781936646
0.05617104098200798 0.053624458611011505 0.5093167424201965
0.0552993081510067 0.052926160395145416 0.47462955117225647
0.053018298000097275 0.05123598873615265 0.3564620018005371
0.0554499626159668 0.05328741669654846 0.4325091242790222
0.05010724440217018 0.0482243075966835 0.3765876293182373
0.05557428300380707 0.05350428819656372 0.41399872303009033
0.04897107928991318 0.04693865031003952 0.4064858853816986
0.05142096057534218 0.04921058192849159 0.4420754313468933
0.05279454216361046 0.05051847919821739 0.4552127420902252
0.0541011206805706 0.052053142338991165 0.4095959961414337
0.052702851593494415 0.050866346806287766 0.36730125546455383
0.05428086221218109 0.051993630826473236 0.4574466347694397
0.052532438188791275 0.05036361515522003 0.4337647557258606
0.0486140251159668 0.04670170694589615 0.3824637830257416
0.0523548424243927 0.0505511648952961 0.3607354760169983
0.053157128393650055 0.051230959594249725 0.3852340579032898
0.05305423587560654 0.050805650651454926 0.44971710443496704
0.052173253148794174 0.05041807144880295 0.3510362505912781
0.05263829603791237 0.05057751014828682 0.41215723752975464
0.0538458414375782 0.051992326974868774 0.3707025647163391
0.053764719516038895 0.05172443389892578 0.4080570936203003
0.05292762443423271 0.05069848150014877 0.445828378200531
0.05213141441345215 0.0495154894888401 0.5231850743293762
0.05568958446383476 0.05346302688121796 0.44531118869781494
0.05637597292661667 0.054412223398685455 0.3927496373653412
0.05476240813732147 0.05260958522558212 0.4305645525455475
0.054602038115262985 0.05218130350112915 0.48414698243141174
0.05523649975657463 0.05319095402956009 0.4091090261936188
0.05475864186882973 0.0528874434530735 0.37423956394195557
0.052890993654727936 0.05073680356144905 0.430838406085968
0.051462456583976746 0.04946691542863846 0.39910823106765747
0.05405912548303604 0.05176817625761032 0.45818954706192017
0.05286881700158119 0.050868723541498184 0.40001845359802246
0.055533502250909805 0.05346238985657692 0.414222776889801
0.049913667142391205 0.04779110103845596 0.4245133101940155
0.053084444254636765 0.05106768757104874 0.40335148572921753
0.0501420684158802 0.048303134739398956 0.3677866458892822
0.05439367890357971 0.052150558680295944 0.4486241042613983
0.05401697754859924 0.051567938178777695 0.489807665348053
0.050952836871147156 0.048889607191085815 0.41264578700065613
0.052052050828933716 0.04975209757685661 0.45999059081077576
0.049136944115161896 0.04710245877504349 0.40689730644226074
0.05169633403420448 0.049363501369953156 0.4665663242340088
0.05131569132208824 0.04945161193609238 0.3728160858154297
0.052770912647247314 0.051030755043029785 0.3480316996574402
0.0517381951212883 0.04996083304286003 0.3554728031158447
0.05326524004340172 0.05111900344491005 0.4292473793029785
0.050365716218948364 0.04837501794099808 0.3981395959854126
0.05570289492607117 0.053695082664489746 0.40156251192092896
0.04882165789604187 0.047007400542497635 0.36285120248794556
0.053469765931367874 0.05121096968650818 0.4517589807510376
0.052465759217739105 0.050494298338890076 0.3942919373512268
0.05257943645119667 0.05047856643795967 0.4201740026473999
0.054089728742837906 0.05166347324848175 0.48525136709213257
0.05360271409153938 0.05137892812490463 0.4447568655014038
0.05211860314011574 0.04969480633735657 0.48475903272628784
0.05624260753393173 0.05428200587630272 0.3921204209327698
0.05728946626186371 0.05496161803603172 0.46556955575942993
0.05246161296963692 0.04973650723695755 0.5450209379196167
0.05120650678873062 0.04900430887937546 0.4404398798942566
0.05538942292332649 0.0531856045126915 0.4407639503479004
0.052892062813043594 0.050973258912563324 0.3837604522705078
0.05452115088701248 0.052176959812641144 0.4688378572463989
0.05315230414271355 0.05110110342502594 0.4102402627468109
0.053436849266290665 0.051070019602775574 0.4733661115169525
0.053599029779434204 0.05144641920924187 0.43052196502685547
0.050813086330890656 0.04858875274658203 0.44486677646636963
0.052756115794181824 0.05079007148742676 0.39320921897888184
0.055440645664930344 0.052987322211265564 0.49066460132598877
0.05067140981554985 0.048486270010471344 0.43702778220176697
0.050931982696056366 0.04864088073372841 0.4582202732563019
0.05107647180557251 0.04868147894740105 0.4789987802505493
0.052041977643966675 0.050149936228990555 0.3784080445766449
0.05490412190556526 0.05277566239237785 0.42569178342819214
0.05443998798727989 0.05222444236278534 0.4431091845035553
0.05024316534399986 0.048393815755844116 0.3698701858520508
0.05380326882004738 0.05136328935623169 0.4879962205886841
0.05053805187344551 0.04834436625242233 0.4387374520301819
0.050327494740486145 0.04801400005817413 0.4626993238925934
0.05064097046852112 0.048738352954387665 0.38052356243133545
0.05174873769283295 0.04932277649641037 0.48519250750541687
0.05170607194304466 0.04926867410540581 0.4874793589115143
0.05265183001756668 0.05053090304136276 0.4241851568222046
0.05568437650799751 0.05341506004333496 0.45386332273483276
0.05474355071783066 0.05275311321020126 0.3980872929096222
0.05400131270289421 0.05194912850856781 0.4104366600513458
0.05351659283041954 0.0514509379863739 0.4131312668323517
0.050930820405483246 0.0486537404358387 0.45541608333587646
0.0542990118265152 0.052240774035453796 0.41164764761924744
0.05352579802274704 0.05139151215553284 0.4268573224544525
0.04916255548596382 0.04671064019203186 0.49038296937942505
0.052901048213243484 0.05034982040524483 0.5102458596229553
0.05413101613521576 0.05213736742734909 0.39872992038726807
0.0549321174621582 0.052713342010974884 0.44375520944595337
0.04977456480264664 0.04764479026198387 0.42595526576042175
0.0513116680085659 0.0490884892642498 0.444635808467865
0.05212727189064026 0.049572642892599106 0.5109257698059082
0.05237928405404091 0.0502813495695591 0.4195865988731384
0.05134483054280281 0.04942191392183304 0.38458317518234253
0.048604466021060944 0.04641032591462135 0.4388280510902405
0.05254145339131355 0.05041735619306564 0.42481929063796997
0.05459427088499069 0.05215698480606079 0.48745739459991455
0.05198472738265991 0.050140269100666046 0.3688918948173523
0.05450650304555893 0.05241897329688072 0.41750574111938477
0.050600387156009674 0.04860227555036545 0.39962226152420044
0.0530572310090065 0.051138512790203094 0.3837433457374573
0.05253564193844795 0.050188854336738586 0.4693576693534851
0.056474797427654266 0.054492875933647156 0.39638441801071167
0.05384223908185959 0.051814474165439606 0.40555310249328613
0.05306287109851837 0.05068504065275192 0.47556576132774353
0.05260379984974861 0.050408974289894104 0.43896540999412537
0.05209078639745712 0.05001775920391083 0.41460514068603516
0.05159301683306694 0.04941338300704956 0.4359268546104431
0.05017271637916565 0.0480298288166523 0.4285772740840912
0.05167316645383835 0.04954297095537186 0.4260394871234894
0.04825139418244362 0.04646793752908707 0.35669130086898804
0.05750909075140953 0.05511840432882309 0.4781376123428345
0.055540718138217926 0.05354616791009903 0.3989102244377136
0.05212933570146561 0.049942150712013245 0.43743738532066345
0.05095271021127701 0.04853403568267822 0.48373520374298096
0.054051268845796585 0.05168892815709114 0.4724680781364441
0.05206134915351868 0.050093021243810654 0.3936653733253479
0.05068154260516167 0.04871810972690582 0.3926863670349121
0.05332987755537033 0.051182352006435394 0.4295051693916321
0.05243144556879997 0.05069459229707718 0.3473705053329468
0.053548797965049744 0.051484864205121994 0.41278713941574097
0.05242776870727539 0.05039452016353607 0.40665000677108765
0.05170438438653946 0.04978357255458832 0.3841625452041626
0.05006483942270279 0.04830549284815788 0.3518695831298828
0.05160641670227051 0.049474798142910004 0.42632371187210083
0.051138535141944885 0.04927222803235054 0.3732611835002899
0.05045852065086365 0.048464030027389526 0.39889848232269287
0.05383151024580002 0.0518539696931839 0.39550840854644775
0.055026907473802567 0.05314226076006889 0.37692970037460327
0.05139322206377983 0.04905850067734718 0.4669446051120758
0.05035237967967987 0.04820678383111954 0.42911940813064575
0.052306804805994034 0.05030784010887146 0.3997926712036133
0.05173005536198616 0.04987335577607155 0.37133970856666565
0.05224910378456116 0.050332821905612946 0.38325637578964233
0.054442569613456726 0.05184173583984375 0.5201669931411743
0.05512859299778938 0.0529116727411747 0.4433840215206146
0.05238515883684158 0.05062543600797653 0.35194453597068787
0.052778180688619614 0.05059031397104263 0.43757328391075134
0.05112142115831375 0.049089327454566956 0.4064190685749054
0.051927659660577774 0.049703553318977356 0.44482123851776123
0.052154332399368286 0.04986046254634857 0.4587741494178772
0.055607400834560394 0.05342703312635422 0.43607354164123535
0.05037331581115723 0.04851681739091873 0.3712999224662781
0.05195489153265953 0.05008408799767494 0.37416064739227295
0.05366850644350052 0.05186229199171066 0.36124294996261597
0.05259748175740242 0.05046220123767853 0.42705589532852173
0.053224530071020126 0.05097300931811333 0.4503040909767151
0.05168519541621208 0.04970937222242355 0.3951648771762848
0.05428179353475571 0.05246097221970558 0.3641640543937683
0.05199180543422699 0.049777597188949585 0.44284188747406006
0.05075642839074135 0.04867798462510109 0.41568875312805176
0.0526522621512413 0.05034448206424713 0.4615558385848999
0.05418267846107483 0.052070021629333496 0.42253172397613525
0.05004715546965599 0.04762818664312363 0.48379388451576233
0.0519355870783329 0.049800775945186615 0.42696213722229004
0.05530459061264992 0.05285479128360748 0.4899601638317108
0.05026443302631378 0.04806859791278839 0.43916699290275574
0.04982548952102661 0.047955237329006195 0.3740507662296295
0.05314357951283455 0.05097745358943939 0.43322545289993286
0.053602758795022964 0.05146674066781998 0.42720335721969604
0.055219631642103195 0.053191252052783966 0.4056759178638458
0.05284678190946579 0.05065442621707916 0.43847107887268066
0.04979153722524643 0.04770490154623985 0.4173271059989929
0.05362347513437271 0.052065931260585785 0.31150904297828674
0.04859120398759842 0.04640214890241623 0.4378112554550171
0.051286354660987854 0.04924488440155983 0.408294141292572
0.0538797564804554 0.05159216374158859 0.45751821994781494
0.0522477813065052 0.05017062649130821 0.41543105244636536
0.051663659512996674 0.049250103533267975 0.4827113747596741
0.05064801871776581 0.04817894473671913 0.49381449818611145
0.05203745514154434 0.050090938806533813 0.3893033564090729
0.05084744095802307 0.048494987189769745 0.4704906642436981
0.05347020924091339 0.05099143832921982 0.4957542419433594
0.05000270530581474 0.04772171750664711 0.45619750022888184
0.05182533711194992 0.04954226315021515 0.45661449432373047
0.05354253202676773 0.051341623067855835 0.4401814341545105
0.049851253628730774 0.04757150262594223 0.4559503495693207
0.04965410381555557 0.047096073627471924 0.5116059184074402
0.054504189640283585 0.052697423845529556 0.36135321855545044
0.05160463601350784 0.04931102693080902 0.45872166752815247
0.054692573845386505 0.05261702835559845 0.4151093363761902
0.05232461541891098 0.05023026466369629 0.4188699722290039
0.05069772154092789 0.048507511615753174 0.43804222345352173
0.05240672081708908 0.05053091049194336 0.3751619756221771
0.05278228223323822 0.050450876355171204 0.46628135442733765
0.055099938064813614 0.05294813960790634 0.4303593635559082
0.05202314630150795 0.04963508993387222 0.4776111841201782
0.05324329063296318 0.05092822387814522 0.4630131721496582
0.049748990684747696 0.047893933951854706 0.37101149559020996
0.04947705194354057 0.04765453189611435 0.364504337310791
0.05064894258975983 0.04871799424290657 0.3861900568008423
0.05123036354780197 0.049370598047971725 0.37195342779159546
0.05105755105614662 0.04894602298736572 0.4223054051399231
0.05290410667657852 0.05109734088182449 0.36135298013687134
0.053412023931741714 0.05156753212213516 0.3688981533050537
0.053719691932201385 0.051351822912693024 0.4735736846923828
0.05038931965827942 0.048538871109485626 0.37008944153785706
0.05304265394806862 0.051282186061143875 0.35209333896636963
0.050491318106651306 0.04844902455806732 0.4084583520889282
0.050653379410505295 0.048576898872852325 0.4152960181236267
0.053228188306093216 0.05123129487037659 0.3993785083293915
0.047539811581373215 0.04558257758617401 0.39144670963287354
0.05053041875362396 0.04855143651366234 0.39579638838768005
0.05389411747455597 0.051941365003585815 0.3905506730079651
0.05471955984830856 0.052655354142189026 0.41284143924713135
0.05145586282014847 0.049624860286712646 0.36620062589645386
0.05164296180009842 0.049730852246284485 0.3824222683906555
0.053346771746873856 0.05125422775745392 0.41850852966308594
0.04973765090107918 0.04780685156583786 0.386159747838974
0.05140038579702377 0.04934615641832352 0.4108458161354065
0.05213030055165291 0.05026991665363312 0.3720771074295044
0.05116661265492439 0.049192920327186584 0.3947385847568512
0.05114055052399635 0.04895402491092682 0.4373049736022949
0.051530804485082626 0.04940926283597946 0.42430824041366577
0.05167069286108017 0.04953603446483612 0.4269316494464874
0.05142088234424591 0.04949967563152313 0.384240984916687
0.053822118788957596 0.051957011222839355 0.3730214834213257
0.05253930389881134 0.05070949345827103 0.3659624755382538
0.05321664363145828 0.05092240124940872 0.45884832739830017
0.052996937185525894 0.05127165466547012 0.3450563848018646
0.0488438606262207 0.046372152864933014 0.4943414330482483
0.05429313704371452 0.051889002323150635 0.4808269441127777
0.05126848444342613 0.04945283383131027 0.3631299138069153
0.05204474925994873 0.05000125989317894 0.4086981415748596
0.053166065365076065 0.050800152122974396 0.4731825590133667
0.049742501229047775 0.04755024611949921 0.4384506940841675
0.055535487830638885 0.0529024675488472 0.5266039371490479
0.054225604981184006 0.0522255077958107 0.40001973509788513
0.051458120346069336 0.048939723521471024 0.5036795139312744
0.04873203858733177 0.046455018222332 0.4554043710231781
0.05483525991439819 0.0524621456861496 0.47462308406829834
0.0519157312810421 0.04958000034093857 0.46714648604393005
0.05209418758749962 0.05001026764512062 0.41678377985954285
0.05242060869932175 0.0504794679582119 0.38822782039642334
0.05048566684126854 0.04850761592388153 0.39561039209365845
0.04954128712415695 0.04794016852974892 0.3202234208583832
0.0495741181075573 0.047856710851192474 0.3434814214706421
0.05203099921345711 0.05005233734846115 0.3957325220108032
0.05345464125275612 0.051583431661129 0.3742416501045227
0.05008484795689583 0.04826477915048599 0.3640134632587433
0.05075102299451828 0.048809878528118134 0.3882289528846741
0.05104999616742134 0.04902755469083786 0.40448835492134094
0.05400702357292175 0.05205101519823074 0.3912019431591034
0.04849094897508621 0.04636991024017334 0.42420756816864014
0.052413828670978546 0.05038563534617424 0.4056384861469269
0.04893145710229874 0.04695349931716919 0.39559146761894226
0.048095885664224625 0.04621752351522446 0.37567248940467834
0.05586978793144226 0.053843505680561066 0.4052562117576599
0.051090873777866364 0.0487421415746212 0.46974658966064453
0.05168917402625084 0.04937012866139412 0.46380919218063354
0.051344167441129684 0.04911220446228981 0.44639265537261963
0.04774048924446106 0.04540830850601196 0.4664361774921417
0.05116376653313637 0.049190834164619446 0.3945865035057068
0.05305558443069458 0.05109686776995659 0.39174312353134155
0.05478427931666374 0.052759699523448944 0.40491607785224915
0.04853447154164314 0.04627436771988869 0.45202064514160156
0.055196601897478104 0.053230464458465576 0.3932277262210846
0.05207366123795509 0.04979194700717926 0.45634251832962036
0.05327805504202843 0.05154397338628769 0.34681642055511475
0.0544695220887661 0.052652209997177124 0.3634626865386963
