0.1929653286933899 0.19232454895973206 12.81549072265625
0.18207140266895294 0.18140116333961487 13.404833793640137
0.15937113761901855 0.1586609184741974 14.204493522644043
0.16047172248363495 0.15960811078548431 17.272144317626953
0.1459277719259262 0.14490145444869995 20.52623176574707
0.13998252153396606 0.13873359560966492 24.978605270385742
0.13326577842235565 0.13175994157791138 30.11666488647461
0.12275185436010361 0.120943084359169 36.175453186035156
0.12389710545539856 0.12172344326972961 43.47320556640625
0.11869697272777557 0.11615362763404846 50.86690139770508
0.11309508979320526 0.11016585677862167 58.584693908691406
0.10496938973665237 0.10157326608896255 67.92242431640625
0.10165435820817947 0.09779217094182968 77.24368286132812
0.09612822532653809 0.09175500273704529 87.46450805664062
0.09712524712085724 0.09222453087568283 98.01425170898438
0.09072290360927582 0.08531226217746735 108.21286010742188
0.08937104046344757 0.08340851217508316 119.25054931640625
0.08593980967998505 0.07951352000236511 128.5258026123047
0.08241692185401917 0.07549358159303665 138.4667510986328
0.07958699017763138 0.07216718792915344 148.39599609375
0.07648346573114395 0.06872241944074631 155.22096252441406
0.07376670092344284 0.06569823622703552 161.36935424804688
0.07666444778442383 0.06806252896785736 172.03843688964844
0.0747593492269516 0.06597776710987091 175.63165283203125
0.07260795682668686 0.06345470994710922 183.06488037109375
0.07147406041622162 0.06220918893814087 185.29745483398438
0.067604199051857 0.05827944725751877 186.49501037597656
0.06758423894643784 0.058150455355644226 188.67572021484375
0.06508539617061615 0.055665142834186554 188.40505981445312
0.06747100502252579 0.0580788180232048 187.84378051757812
0.06704222410917282 0.05768921598792076 187.06015014648438
0.06182917580008507 0.0529017299413681 178.54891967773438
0.06332892924547195 0.054509200155735016 176.39459228515625
0.06533432751893997 0.05677831918001175 171.12014770507812
0.061636392027139664 0.053096704185009 170.7937774658203
0.060194194316864014 0.05188246816396713 166.23451232910156
0.06331396847963333 0.05527268350124359 160.82569885253906
0.06110046058893204 0.05338654667139053 154.27828979492188
0.0598483681678772 0.05227084457874298 151.5504913330078
0.0594588927924633 0.0521247535943985 146.68276977539062
0.05836934596300125 0.05132684484124184 140.85006713867188
0.05560828745365143 0.04873048886656761 137.5559844970703
0.05876396223902702 0.05213380977511406 132.60302734375
0.05512223765254021 0.0485997349023819 130.45004272460938
0.05594997480511665 0.04962203651666641 126.55876922607422
0.056256648153066635 0.050043150782585144 124.26994323730469
0.057160310447216034 0.051099617034196854 121.21389770507812
0.055629998445510864 0.049657657742500305 119.44683837890625
0.05377921089529991 0.04779712110757828 119.64183044433594
0.056081049144268036 0.05019652098417282 117.69059753417969
0.05603119358420372 0.050228435546159744 116.05516815185547
0.05529997497797012 0.049614980816841125 113.69987487792969
0.05293682590126991 0.04720894247293472 114.55766296386719
0.05483149737119675 0.049217209219932556 112.28573608398438
0.05250333622097969 0.046751659363508224 115.03356170654297
0.0533413290977478 0.04762348160147667 114.35691833496094
0.052139222621917725 0.046396464109420776 114.85515594482422
0.05091970041394234 0.04514949768781662 115.40408325195312
0.04977910593152046 0.043965019285678864 116.28170776367188
0.052082087844610214 0.04619249701499939 117.79180908203125
0.052332207560539246 0.04651843011379242 116.27558135986328
0.04896034672856331 0.04299072548747063 119.39242553710938
0.04908056557178497 0.04310856759548187 119.43994140625
0.04898347705602646 0.043084513396024704 117.97927856445312
0.0509040430188179 0.04494530335068703 119.17476654052734
0.05350485444068909 0.04747595265507698 120.57801818847656
0.04937133938074112 0.043433383107185364 118.75912475585938
0.048865530639886856 0.04291059821844101 119.09867858886719
0.04868954047560692 0.042710088193416595 119.58904266357422
0.05015911906957626 0.04408390820026398 121.50425720214844
0.04788639396429062 0.041872650384902954 120.27483367919922
0.048070698976516724 0.042019300162792206 121.02801513671875
0.04901853948831558 0.043098241090774536 118.40594482421875
0.0470590814948082 0.04109032452106476 119.37516784667969
0.048796396702528 0.04284310340881348 119.06584930419922
0.045811910182237625 0.03985987603664398 119.04071044921875
0.046671997755765915 0.040876418352127075 115.91157531738281
0.045393284410238266 0.03960932791233063 115.67912292480469
0.04840319976210594 0.04254976660013199 117.06867980957031
0.046213291585445404 0.04032991826534271 117.66746520996094
0.04460928589105606 0.038811564445495605 115.95443725585938
0.0461774580180645 0.040341541171073914 116.7183609008789
0.04547245055437088 0.03959914296865463 117.46614074707031
0.04439856857061386 0.03849831223487854 118.00514221191406
0.04349743202328682 0.03762998431921005 117.34898376464844
0.04478035122156143 0.03877164050936699 120.17420959472656
0.04474647343158722 0.03890945762395859 116.74028015136719
0.04400360584259033 0.03803880512714386 119.29605865478516
0.04495609551668167 0.03902031481266022 118.71559143066406
0.04470840096473694 0.03875097632408142 119.14852142333984
0.04387439787387848 0.03799646347761154 117.55870056152344
0.04404349625110626 0.03810543194413185 118.76130676269531
0.04286012053489685 0.036885082721710205 119.50076293945312
0.04235114902257919 0.036518797278404236 116.6470718383789
0.04206647351384163 0.03617708384990692 117.78779602050781
0.04085796698927879 0.03494904562830925 118.1784439086914
0.04157663881778717 0.0356622189283371 118.28840637207031
0.042988140136003494 0.03714800626039505 116.80268859863281
0.041094183921813965 0.03522112965583801 117.46106719970703
0.0407218374311924 0.03491518646478653 116.13302612304688
0.04042181372642517 0.03462481126189232 115.94004821777344
0.03943287581205368 0.03359384834766388 116.780517578125
0.040436238050460815 0.03474905341863632 113.74369812011719
0.04063938558101654 0.034812554717063904 116.53658294677734
0.039741870015859604 0.03395560011267662 115.72538757324219
0.040149442851543427 0.03437941521406174 115.40058898925781
0.04013775661587715 0.03431154787540436 116.52420043945312
0.039198119193315506 0.03338267654180527 116.308837890625
0.039587732404470444 0.03373725712299347 117.00949096679688
0.040013477206230164 0.03421282768249512 116.01298522949219
0.04167819023132324 0.03585515543818474 116.46073913574219
0.03994635492563248 0.03401719033718109 118.58328247070312
0.03817536309361458 0.03229708597064018 117.56551361083984
0.03876316174864769 0.03287293761968613 117.80448150634766
0.039070114493370056 0.033227890729904175 116.84451293945312
0.03951882943511009 0.03372379392385483 115.90068817138672
0.03961064666509628 0.03381034731864929 116.0060043334961
0.037959903478622437 0.03208630532026291 117.47198486328125
0.03776311129331589 0.0319843664765358 115.57490539550781
0.03770633786916733 0.03189463168382645 116.2341537475586
0.03670048341155052 0.031037066131830215 113.26836395263672
0.03840092569589615 0.03266168385744095 114.78483581542969
0.037142157554626465 0.031486205756664276 113.11903381347656
0.03684023395180702 0.031098030507564545 114.84405517578125
0.03736427426338196 0.03174588084220886 112.36787414550781
0.037511732429265976 0.03186298906803131 112.9748764038086
0.03693456947803497 0.03127939999103546 113.1033706665039
0.03712004795670509 0.03145682439208031 113.26449584960938
0.03528052568435669 0.02960038185119629 113.60289001464844
0.03557702898979187 0.029723672196269035 117.067138671875
0.03584493324160576 0.030082207173109055 115.25450134277344
0.03671793267130852 0.03091600351035595 116.0385971069336
0.0361739918589592 0.030308280140161514 117.314208984375
0.03452242538332939 0.02867208793759346 117.00672912597656
0.037855617702007294 0.03190780058503151 118.95631408691406
0.03577130660414696 0.029854781925678253 118.33052825927734
0.03236876428127289 0.026553409174084663 116.30707550048828
0.036644939333200455 0.030735785141587257 118.18309020996094
0.03539033606648445 0.029612282291054726 115.56108093261719
0.03458971902728081 0.028830651193857193 115.18138122558594
0.035244692116975784 0.02942836657166481 116.3265151977539
0.033907145261764526 0.028222352266311646 113.69584655761719
0.03477679193019867 0.029002774506807327 115.48033142089844
0.03446570038795471 0.02877327986061573 113.84839630126953
0.03462639078497887 0.02896834909915924 113.16082000732422
0.03566025197505951 0.02990153804421425 115.17430877685547
0.03378140926361084 0.028008900582790375 115.45016479492188
0.03357965499162674 0.027799498289823532 115.60316467285156
0.03451938182115555 0.02882337011396885 113.92024230957031
0.03199145942926407 0.026238813996315002 115.05291748046875
0.03382207080721855 0.028010353446006775 116.23434448242188
0.03421015664935112 0.028472421690821648 114.75470733642578
0.03396157547831535 0.028240617364645004 114.41913604736328
0.03196042403578758 0.026206010952591896 115.0882339477539
0.032492924481630325 0.026695210486650467 115.95429992675781
0.032945264130830765 0.027163999155163765 115.62528991699219
0.03324711322784424 0.02742861770093441 116.3698959350586
0.032231539487838745 0.026488659903407097 114.85762786865234
0.03252166137099266 0.026571620255708694 119.00082397460938
0.03136754035949707 0.02552112564444542 116.92829895019531
0.032986532896757126 0.027176298201084137 116.2047119140625
0.03381601348519325 0.0279140193015337 118.03990173339844
0.031151477247476578 0.025332864373922348 116.37225341796875
0.03292425349354744 0.027170514687895775 115.07478332519531
0.03395998105406761 0.028206590563058853 115.06782531738281
0.03260629251599312 0.02691769227385521 113.77198028564453
0.0318400003015995 0.026204634457826614 112.70732116699219
0.032473690807819366 0.026786599308252335 113.7418212890625
0.03168613463640213 0.026094118133187294 111.84030151367188
0.03130675479769707 0.025693342089653015 112.26823425292969
0.03283082693815231 0.027243301272392273 111.75055694580078
0.030978050082921982 0.025334063917398453 112.87973022460938
0.03212857246398926 0.026426929980516434 114.03288269042969
0.030578207224607468 0.024897506460547447 113.61402130126953
0.031011125072836876 0.025183040648698807 116.56168365478516
0.03154699131846428 0.025807645171880722 114.78691101074219
0.028822846710681915 0.023058831691741943 115.28028869628906
0.03053794801235199 0.02474970743060112 115.76480102539062
0.031893447041511536 0.026162773370742798 114.61349487304688
0.03017226792871952 0.024303875863552094 117.36784362792969
0.02988613396883011 0.024179283529520035 114.13702392578125
0.030710216611623764 0.024826711043715477 117.67012023925781
0.030121594667434692 0.02438720315694809 114.6878433227539
0.03019968420267105 0.024470437318086624 114.58493041992188
0.03146509826183319 0.025648552924394608 116.33088684082031
0.02850988693535328 0.022863727062940598 112.92318725585938
0.030586598441004753 0.024882299825549126 114.08597564697266
0.030291803181171417 0.02463117241859436 113.21263122558594
0.030399559065699577 0.02477681264281273 112.45492553710938
0.030197810381650925 0.024627558887004852 111.40504455566406
0.029345102608203888 0.023728009313344955 112.34185791015625
0.030464544892311096 0.02476884424686432 113.91403198242188
0.0307297483086586 0.024970540776848793 115.18414306640625
0.02996831014752388 0.024174628779292107 115.87364196777344
0.027773231267929077 0.02206343412399292 114.1959457397461
0.029362034052610397 0.023646280169487 114.31509399414062
0.02960309386253357 0.023804431781172752 115.97325134277344
0.030353281646966934 0.024545950815081596 116.14661407470703
0.030710671097040176 0.02508137747645378 112.58588409423828
0.028585482388734818 0.022934487089514732 113.01991271972656
0.028904858976602554 0.023221537470817566 113.66641235351562
0.028410594910383224 0.02272430807352066 113.72574615478516
0.028360188007354736 0.022664383053779602 113.91610717773438
0.029422108083963394 0.02376699633896351 113.10224914550781
0.027988668531179428 0.022205401211977005 115.66534423828125
0.027757273986935616 0.022032439708709717 114.4966812133789
0.028966108337044716 0.023254385218024254 114.23445892333984
0.029741525650024414 0.023924866691231728 116.33319091796875
0.028987953439354897 0.02330736070871353 113.61184692382812
0.028533371165394783 0.022809065878391266 114.48612213134766
0.028407910838723183 0.022613879293203354 115.88062286376953
0.028348399326205254 0.022737063467502594 112.22672271728516
0.02883903868496418 0.02321217581629753 112.53726196289062
0.028076285496354103 0.022358784452080727 114.35002136230469
0.029752416536211967 0.024165751412510872 111.73330688476562
0.028506822884082794 0.02289843186736107 112.16780853271484
0.02651336044073105 0.020896360278129578 112.34001159667969
0.02854854054749012 0.022934358566999435 112.28364562988281
0.02751673385500908 0.021909527480602264 112.14414978027344
0.028357548639178276 0.022696711122989655 113.21675109863281
0.02769196219742298 0.0220949724316597 111.93978881835938
0.027570590376853943 0.021901968866586685 113.37242126464844
0.027364835143089294 0.021748878061771393 112.31915283203125
0.02728656306862831 0.021724883466959 111.23361206054688
0.02751438319683075 0.02181016281247139 114.08441925048828
0.026834528893232346 0.021207161247730255 112.54736328125
0.02609248273074627 0.0204094760119915 113.66012573242188
0.027768108993768692 0.02214088663458824 112.54446411132812
0.026631120592355728 0.0209844671189785 112.93307495117188
0.028323538601398468 0.022610630840063095 114.25814056396484
0.028781402856111526 0.02312677726149559 113.09253692626953
0.027966251596808434 0.022233324125409126 114.65853881835938
0.027875976637005806 0.022185955196619034 113.80044555664062
0.026560265570878983 0.02090553380548954 113.0946273803711
0.027594871819019318 0.021874824538826942 114.40093994140625
0.027918867766857147 0.022207973524928093 114.21788024902344
0.027164025232195854 0.021444866433739662 114.3831787109375
0.02698860689997673 0.021277856081724167 114.21501922607422
0.026124190539121628 0.020351340994238853 115.4570083618164
0.025648990646004677 0.020039372146129608 112.1923828125
0.028176788240671158 0.022584302350878716 111.8497314453125
0.02675088495016098 0.02107015624642372 113.61457824707031
0.026029080152511597 0.020286278799176216 114.85603332519531
0.026635490357875824 0.02099764347076416 112.7569580078125
0.026290442794561386 0.020649734884500504 112.81414794921875
0.026215562596917152 0.020604928955435753 112.21268463134766
0.025790855288505554 0.020154204219579697 112.7330322265625
0.025139475241303444 0.019571956247091293 111.35038757324219
0.024857480078935623 0.01922331005334854 112.68338775634766
0.025514140725135803 0.019952012225985527 111.2425537109375
0.02568441815674305 0.02007489651441574 112.1904296875
0.026286397129297256 0.02072633057832718 111.20135498046875
0.02651398628950119 0.020967531949281693 110.92910766601562
0.02556746080517769 0.019979923963546753 111.75071716308594
0.025649577379226685 0.020099569112062454 111.00015258789062
0.025728965178132057 0.020150214433670044 111.57502746582031
0.026194803416728973 0.020627183839678764 111.35240173339844
0.025231007486581802 0.019640987738966942 111.8003921508789
0.025347165763378143 0.01975345052778721 111.87432861328125
0.02615111880004406 0.020535999909043312 112.3023910522461
0.02637476474046707 0.020722325891256332 113.04879760742188
0.024180592969059944 0.01863374188542366 110.93702697753906
0.025467321276664734 0.019900023937225342 111.34595489501953
0.02624700404703617 0.020637646317481995 112.18714904785156
0.024683013558387756 0.01911081001162529 111.44406127929688
0.02603481337428093 0.02041892521083355 112.31775665283203
0.025302834808826447 0.01974647305905819 111.12722778320312
0.024691391736268997 0.019189385697245598 110.04013061523438
0.02489783614873886 0.0193830206990242 110.29630279541016
0.024988150224089622 0.01950508914887905 109.6612319946289
0.02550513483583927 0.01996239833533764 110.854736328125
0.025039605796337128 0.019584614783525467 109.09982299804688
0.024534018710255623 0.019095923751592636 108.76190185546875
0.025031624361872673 0.019604312255978584 108.54623413085938
0.024893291294574738 0.01948791742324829 108.10748291015625
0.024423260241746902 0.01896497793495655 109.1656265258789
0.02440756745636463 0.018944919109344482 109.25297546386719
0.024272184818983078 0.01873144879937172 110.8147201538086
0.023759644478559494 0.01828358694911003 109.52116394042969
0.024705901741981506 0.019139930605888367 111.31944274902344
0.024754464626312256 0.019228393211960793 110.52143096923828
0.024178966879844666 0.018587101250886917 111.83729553222656
0.023613721132278442 0.01810435950756073 110.1872329711914
0.02434626594185829 0.01881605200469494 110.60427856445312
0.023732801899313927 0.018169190734624863 111.2722396850586
0.023792322725057602 0.018187755718827248 112.09136199951172
0.023888565599918365 0.0183287151157856 111.197021484375
0.02433049865067005 0.01877475157380104 111.11494445800781
0.024954263120889664 0.01942991092801094 110.487060546875
0.02495681867003441 0.019444989040493965 110.23658752441406
0.024823501706123352 0.019329937174916267 109.8713150024414
0.024743588641285896 0.019252464175224304 109.82247924804688
0.02288471907377243 0.01738964021205902 109.90158081054688
0.023763258010149002 0.01824791729450226 110.30683135986328
0.024658482521772385 0.019175603985786438 109.65757751464844
0.024445177987217903 0.019006378948688507 108.77598571777344
0.023752886801958084 0.01826864667236805 109.6847915649414
0.0242715273052454 0.018869835883378983 108.03382110595703
0.024086270481348038 0.018562667071819305 110.47207641601562
0.023270785808563232 0.017890751361846924 107.6007080078125
0.022416679188609123 0.01699535734951496 108.42642974853516
0.02419244684278965 0.0187746100127697 108.35672760009766
0.02352658286690712 0.018146077170968056 107.61009979248047
0.024647338315844536 0.01931724138557911 106.6019287109375
0.02466520480811596 0.01922597363591194 108.78463745117188
0.024257594719529152 0.01881946250796318 108.76264953613281
0.024015629664063454 0.018634922802448273 107.61415100097656
0.021410217508673668 0.016077933833003044 106.64567565917969
0.022550147026777267 0.01708516851067543 109.29957580566406
0.024484235793352127 0.018867790699005127 112.32891082763672
0.023995710536837578 0.01848805695772171 110.15308380126953
0.02503354847431183 0.019437624141573906 111.91849517822266
0.023689676076173782 0.018202677369117737 109.73997497558594
0.02300790511071682 0.017450006678700447 111.157958984375
0.022213228046894073 0.016716359183192253 109.93738555908203
0.023528506979346275 0.018014945089817047 110.271240234375
0.022312724962830544 0.016869323328137398 108.8680419921875
0.0229352954775095 0.01751985400915146 108.30882263183594
0.02389426901936531 0.018462494015693665 108.63548278808594
0.023143760859966278 0.01770082861185074 108.858642578125
0.02332906611263752 0.017883852124214172 108.90428161621094
0.023030545562505722 0.017586600035429 108.8789291381836
0.023395508527755737 0.017965167760849 108.60679626464844
0.023806201294064522 0.018274378031492233 110.636474609375
0.022463640198111534 0.017011038959026337 109.05203247070312
0.021424749866127968 0.01598667912185192 108.76142883300781
0.02229442074894905 0.016827523708343506 109.33793640136719
0.021944288164377213 0.01643829047679901 110.11996459960938
0.022609110921621323 0.017064735293388367 110.88751220703125
0.023240089416503906 0.017735641449689865 110.08898162841797
0.02343556471168995 0.017951171845197678 109.6878662109375
0.021668849512934685 0.016293160617351532 107.5137710571289
0.022080836817622185 0.016684696078300476 107.92282104492188
0.02351384423673153 0.018046950921416283 109.33786010742188
0.0218637865036726 0.01649247109889984 107.42631530761719
0.022657843306660652 0.01741728186607361 104.81123352050781
0.022170044481754303 0.016822267323732376 106.95556640625
0.02281908690929413 0.017529994249343872 105.78186798095703
0.02151421643793583 0.01630065217614174 104.27127838134766
0.022458147257566452 0.017130881547927856 106.54532623291016
0.021484894677996635 0.01619829423725605 105.73200988769531
0.022821100428700447 0.017429213970899582 107.83773803710938
0.022207343950867653 0.016856612637639046 107.01463317871094
0.022560957819223404 0.017150890082120895 108.20136260986328
0.02240978740155697 0.01697768270969391 108.64208984375
0.023159535601735115 0.017719004303216934 108.81063842773438
0.021600864827632904 0.01619725674390793 108.0721664428711
0.02114337682723999 0.01573486253619194 108.17027282714844
0.021424129605293274 0.01607595942914486 106.96340942382812
0.020943492650985718 0.015563992783427238 107.59001922607422
0.021987300366163254 0.016594067215919495 107.86466979980469
0.02294914424419403 0.017499245703220367 108.99799346923828
0.022349204868078232 0.016964122653007507 107.7016372680664
0.021788902580738068 0.01639217883348465 107.93446350097656
0.021487534046173096 0.0160929374396801 107.89195251464844
0.021194331347942352 0.015822216868400574 107.44229888916016
0.02203238196671009 0.01660815440118313 108.48454284667969
0.02141033113002777 0.016068749129772186 106.8316650390625
0.021015554666519165 0.015665680170059204 106.99748992919922
0.021579444408416748 0.016282614320516586 105.93658447265625
0.02273317612707615 0.01735219545662403 107.6196060180664
0.02088760770857334 0.015521814115345478 107.31586456298828
0.022466406226158142 0.01710555888712406 107.21693420410156
0.022353291511535645 0.016991794109344482 107.22993469238281
0.021921712905168533 0.016590334475040436 106.62759399414062
0.020858947187662125 0.0155018400400877 107.14216613769531
0.02133060060441494 0.015976686030626297 107.07830810546875
0.02206592820584774 0.016662782058119774 108.06291198730469
0.02113315276801586 0.015712637454271317 108.41030883789062
0.021142669022083282 0.015864133834838867 105.57068634033203
0.021581806242465973 0.016311950981616974 105.39708709716797
0.021459661424160004 0.01612677052617073 106.65782165527344
0.020884234458208084 0.015530599281191826 107.07269287109375
0.021962858736515045 0.016545237973332405 108.3524398803711
0.021590594202280045 0.01622302085161209 107.35145568847656
0.021596508100628853 0.016248352825641632 106.96311950683594
0.021374784409999847 0.016037555411458015 106.74456787109375
0.020565100014209747 0.015233955346047878 106.62290954589844
0.02081400714814663 0.01540698017925024 108.14053344726562
0.021242555230855942 0.015818238258361816 108.48634338378906
0.022885551676154137 0.01744842901825905 108.74244689941406
0.021393803879618645 0.01589714176952839 109.93324279785156
0.02131912298500538 0.01580950990319252 110.19226837158203
0.021141335368156433 0.015732966363430023 108.16739654541016
0.020411096513271332 0.015078007243573666 106.66178894042969
0.020749691873788834 0.01535293459892273 107.93516540527344
0.020314160734415054 0.015051281079649925 105.25757598876953
0.020942458882927895 0.01564447581768036 105.95965576171875
0.020739195868372917 0.015443742275238037 105.9090805053711
0.021330665796995163 0.015983082354068756 106.9516830444336
0.019908174872398376 0.014668324962258339 104.79701232910156
0.021302632987499237 0.015977177768945694 106.50910186767578
0.02103063464164734 0.01575171947479248 105.57831573486328
0.02075224369764328 0.015449617989361286 106.05249786376953
0.020988937467336655 0.015726890414953232 105.24095153808594
0.022429298609495163 0.0171440951526165 105.7040786743164
0.02161567285656929 0.016240496188402176 107.50352478027344
0.021239392459392548 0.015803851187229156 108.71084594726562
0.021476957947015762 0.016133464872837067 106.86988067626953
0.020953446626663208 0.015505493618547916 108.95904541015625
0.020732799544930458 0.015353517606854439 107.58565521240234
0.019809553399682045 0.014394039288163185 108.31027221679688
0.02043730951845646 0.01501883752644062 108.36943817138672
0.020598558709025383 0.015152474865317345 108.92169189453125
0.021146226674318314 0.015754397958517075 107.83658599853516
0.020586460828781128 0.015225035138428211 107.22850799560547
0.01948230154812336 0.014184055849909782 105.96492767333984
0.020218173041939735 0.014924023300409317 105.88298797607422
0.02013981156051159 0.014806452207267284 106.66719055175781
0.020651888102293015 0.015310414135456085 106.8294677734375
0.021637290716171265 0.016331491991877556 106.11599731445312
0.02081441879272461 0.015528195537626743 105.72447967529297
0.020571455359458923 0.015267329290509224 106.08253479003906
0.020024629309773445 0.014768656343221664 105.11946868896484
0.020403411239385605 0.015105843544006348 105.95133972167969
0.021019980311393738 0.01579001173377037 104.599365234375
0.01999392919242382 0.014729426242411137 105.2900619506836
0.02018282189965248 0.014952720142900944 104.60205841064453
0.02062162570655346 0.015344711020588875 105.5383071899414
0.02055419608950615 0.015328088775277138 104.52217102050781
0.019994376227259636 0.014837389811873436 103.13973999023438
0.018473584204912186 0.01337612047791481 101.94929504394531
0.021068470552563667 0.015909649431705475 103.17642211914062
0.020142974331974983 0.014984523877501488 103.16899871826172
0.020246680825948715 0.015042994171380997 104.07373809814453
0.0198038499802351 0.01457636896520853 104.54963684082031
0.020773950964212418 0.015501931309700012 105.44041442871094
0.02008756995201111 0.014854655601084232 104.65827941894531
0.020313629880547523 0.015099124051630497 104.29012298583984
0.02013799361884594 0.014926470816135406 104.23046875
0.019434425979852676 0.014274487271904945 103.19876098632812
0.01978827267885208 0.014606276527047157 103.63990783691406
0.01992303691804409 0.014624916017055511 105.9624252319336
0.020717356353998184 0.0154084712266922 106.17768859863281
0.018899906426668167 0.013673665933310986 104.52481079101562
0.02046443149447441 0.015177232213318348 105.74400329589844
0.020485419780015945 0.015190180391073227 105.9048080444336
0.020059317350387573 0.014729628339409828 106.59378051757812
0.019563915207982063 0.014235347509384155 106.57136535644531
0.019811246544122696 0.014491589739918709 106.39312744140625
0.020266512408852577 0.01490713283419609 107.18759155273438
0.020951056852936745 0.01564163528382778 106.18843078613281
0.018982665613293648 0.0137674231082201 104.30484771728516
0.019359992817044258 0.014076894149184227 105.6619873046875
0.01978382281959057 0.014395914040505886 107.7581787109375
0.019705116748809814 0.014364469796419144 106.81295013427734
0.01944255828857422 0.014123737812042236 106.37640380859375
0.020298020914196968 0.01495838351547718 106.79276275634766
0.020490538328886032 0.015184341929852962 106.12391662597656
0.01995939575135708 0.01467573270201683 105.67326354980469
0.019877206534147263 0.014688503928482533 103.7740707397461
0.019590655341744423 0.014354798942804337 104.71711730957031
0.019207317382097244 0.013905249536037445 106.04134368896484
0.02104881778359413 0.015774864703416824 105.47907257080078
0.01941191777586937 0.014172823168337345 104.78189086914062
0.020177103579044342 0.014857025817036629 106.40157318115234
0.020125612616539 0.01482592336833477 105.99378967285156
0.019035620614886284 0.013740262016654015 105.90717315673828
0.018371975049376488 0.01315845176577568 104.27045440673828
0.019196365028619766 0.013928677886724472 105.35376739501953
0.019128357991576195 0.013877029530704021 105.02658081054688
0.019241036847233772 0.01397757325321436 105.269287109375
0.01853836700320244 0.013288271613419056 105.00189208984375
0.019310198724269867 0.013965800404548645 106.88794708251953
0.020487677305936813 0.015148650854825974 106.78054809570312
0.019528310745954514 0.014212092384696007 106.32434844970703
0.01875285990536213 0.013505703769624233 104.943115234375
0.019527269527316093 0.014282343909144402 104.89852142333984
0.01778784766793251 0.012566028162837029 104.43637084960938
0.01904134824872017 0.013857915066182613 103.66865539550781
0.018525101244449615 0.013302839361131191 104.44523620605469
0.01911841332912445 0.013971667736768723 102.9349365234375
0.01885385438799858 0.013745501637458801 102.16703796386719
0.019239205867052078 0.014034139923751354 104.10133361816406
0.02061041072010994 0.015373632311820984 104.73556518554688
0.019001610577106476 0.013850905001163483 103.01411437988281
0.019154010340571404 0.013925716280937195 104.56587219238281
0.01882028579711914 0.013562174513936043 105.16224670410156
0.01869720220565796 0.013455698266625404 104.830078125
0.019118204712867737 0.01382258627563715 105.9123764038086
0.019179735332727432 0.01385564636439085 106.48179626464844
0.0195024311542511 0.014179190620779991 106.46480560302734
0.019310787320137024 0.013988050632178783 106.4547348022461
0.018337596207857132 0.01306673139333725 105.41728210449219
0.018638355657458305 0.013289892114698887 106.96926879882812
0.01842792145907879 0.013196339830756187 104.63163757324219
0.018030375242233276 0.012757743708789349 105.45262145996094
0.018441183492541313 0.013220379129052162 104.41609954833984
0.019044362008571625 0.01395983062684536 101.69062042236328
0.0191654060035944 0.013990485109388828 103.4984130859375
0.019085224717855453 0.013876925222575665 104.16598510742188
0.018818538635969162 0.01364484615623951 103.47383880615234
0.018184933811426163 0.012996437028050423 103.76992797851562
0.01839428022503853 0.013210225850343704 103.68108367919922
0.019803568720817566 0.014607863500714302 103.91409301757812
0.019452884793281555 0.014218578115105629 104.68612670898438
0.01885419338941574 0.013646029867231846 104.16326904296875
0.018144048750400543 0.012902328744530678 104.83438873291016
0.019055766984820366 0.013794340193271637 105.22854614257812
0.018215596675872803 0.012992633506655693 104.45924377441406
0.018525149673223495 0.013233865611255169 105.82567596435547
0.017478834837675095 0.012225516140460968 105.06637573242188
0.018432065844535828 0.013143887743353844 105.76358032226562
0.01796538755297661 0.012759692966938019 104.1138916015625
0.019776128232479095 0.014535980299115181 104.80294799804688
0.01767006143927574 0.012476461008191109 103.87199401855469
0.01853310689330101 0.013296915218234062 104.72383880615234
0.01790720596909523 0.012688064016401768 104.38285827636719
0.01769915781915188 0.012548230588436127 103.0185546875
0.017833340913057327 0.01266125775873661 103.44168853759766
0.018169771879911423 0.013001883402466774 103.35775756835938
0.018805021420121193 0.01359961461275816 104.10813903808594
0.018206298351287842 0.012940254993736744 105.32089233398438
0.018162623047828674 0.012896355241537094 105.32537841796875
0.018874334171414375 0.013707755133509636 103.33157348632812
0.018715132027864456 0.013530993834137917 103.68278503417969
0.018479209393262863 0.013359861448407173 102.386962890625
0.018903810530900955 0.013728531077504158 103.50559997558594
0.0193674024194479 0.014214293099939823 103.06220245361328
0.017550110816955566 0.012449685484170914 102.00851440429688
0.01928216591477394 0.014095835387706757 103.72662353515625
0.019149942323565483 0.013937283307313919 104.25318908691406
0.018366821110248566 0.013238752260804176 102.56137084960938
0.01766362413764 0.012530913576483727 102.65421295166016
0.017560549080371857 0.01240633800625801 103.084228515625
0.017582381144165993 0.012394210323691368 103.763427734375
0.01891823671758175 0.01372322253882885 103.90029907226562
0.01797807216644287 0.012836531735956669 102.83080291748047
0.017383940517902374 0.01215254794806242 104.62785339355469
0.01818293146789074 0.012964833527803421 104.36196899414062
0.018211737275123596 0.013009983114898205 104.03508758544922
0.01868784986436367 0.0135281290858984 103.19441223144531
0.017820872366428375 0.01266215369105339 103.17439270019531
0.017110010609030724 0.011889593675732613 104.40834045410156
0.01835598051548004 0.01315775141119957 103.96458435058594
0.017289243638515472 0.012098828330636024 103.80829620361328
0.01783827878534794 0.012659518979489803 103.5751953125
0.018532801419496536 0.013253996148705482 105.57611083984375
0.01768779382109642 0.012487038038671017 104.01510620117188
0.01785379834473133 0.01259586401283741 105.15867614746094
0.018976859748363495 0.013738059438765049 104.7760238647461
0.017628386616706848 0.012434360571205616 103.88052368164062
0.018012939020991325 0.012782830744981766 104.6021728515625
0.018693238496780396 0.01348450779914856 104.17459869384766
0.017330771312117577 0.01218075305223465 103.00037384033203
0.01863900013267994 0.013434909284114838 104.0818099975586
0.018292542546987534 0.013210227712988853 101.64631652832031
0.018236402422189713 0.013105323538184166 102.62158203125
0.01735195517539978 0.01224430836737156 102.15294647216797
0.018034059554338455 0.01289351750165224 102.81083679199219
0.017905153334140778 0.01272774487733841 103.5481948852539
0.0184674933552742 0.013256852515041828 104.21282958984375
0.018083058297634125 0.01284116692841053 104.83785247802734
0.017450204119086266 0.012243835255503654 104.12737274169922
0.017479557543992996 0.012238342314958572 104.82432556152344
0.017064081504940987 0.01193672139197588 102.54719543457031
0.017442094162106514 0.012331743724644184 102.20702362060547
0.01751246489584446 0.012356843799352646 103.1124267578125
0.018159734085202217 0.012964682653546333 103.90103149414062
0.017154548317193985 0.012088997289538383 101.31104278564453
0.017417117953300476 0.012307299301028252 102.19638061523438
0.01813398487865925 0.013049286790192127 101.6939697265625
0.01726997271180153 0.012125404551625252 102.891357421875
0.017631497234106064 0.012527057901024818 102.08879852294922
0.017287317663431168 0.012116152793169022 103.42330169677734
0.017730429768562317 0.01253470964729786 103.91439819335938
0.01792396977543831 0.012619521468877792 106.08897399902344
0.016816142946481705 0.011677420698106289 102.7744369506836
0.017817161977291107 0.01264102105051279 103.52284240722656
0.016728617250919342 0.011589192785322666 102.78849029541016
0.01725367084145546 0.012097738683223724 103.11865997314453
0.017727447673678398 0.012626996263861656 102.009033203125
0.01776817999780178 0.012669123709201813 101.98114013671875
0.017020970582962036 0.011972521431744099 100.96898651123047
0.017275793477892876 0.012272652238607407 100.06283569335938
0.017369138076901436 0.012336109764873981 100.66056823730469
0.017493195831775665 0.012407034635543823 101.72323608398438
0.016695629805326462 0.011701136827468872 99.88988494873047
0.01775490865111351 0.012734528630971909 100.40760803222656
0.017744259908795357 0.01260130200535059 102.85916137695312
0.01781517080962658 0.012617111206054688 103.96118927001953
0.01802845485508442 0.012874477542936802 103.07955932617188
0.0172530859708786 0.01208479143679142 103.36590576171875
0.016459651291370392 0.011314619332551956 102.90061950683594
0.01738581992685795 0.012235766276717186 103.00106811523438
0.017847498878836632 0.012686879374086857 103.21239471435547
0.017122987657785416 0.011974993161857128 102.95987701416016
0.017531633377075195 0.012366237118840218 103.30790710449219
0.01754089444875717 0.012342270463705063 103.97248077392578
0.016931423917412758 0.011724766343832016 104.13316345214844
0.017707614228129387 0.012430294416844845 105.54640197753906
0.017105707898736 0.011899788863956928 104.11837768554688
0.017213033512234688 0.011994130909442902 104.3780517578125
0.017239119857549667 0.012008151039481163 104.61940002441406
0.01745283231139183 0.012313419952988625 102.7882308959961
0.016923291608691216 0.011748958379030228 103.48666381835938
0.016907913610339165 0.011749038472771645 103.17750549316406
0.01730983331799507 0.012204542756080627 102.10580444335938
0.01727152243256569 0.012153483927249908 102.36075592041016
0.017172230407595634 0.012059243395924568 102.25973510742188
0.016237085685133934 0.011205630376935005 100.62910461425781
0.017019513994455338 0.011859208345413208 103.20610809326172
0.018244080245494843 0.013040370307862759 104.07418823242188
0.016623636707663536 0.011488194577395916 102.70885467529297
0.01673687994480133 0.011600177735090256 102.73406982421875
0.01687583513557911 0.011782106012105942 101.87458038330078
0.01695883832871914 0.011864688247442245 101.88299560546875
0.016307605430483818 0.011229829862713814 101.55550384521484
0.017337825149297714 0.012183655984699726 103.08336639404297
0.016785945743322372 0.011677555739879608 102.16779327392578
0.016289271414279938 0.011292056180536747 99.94432067871094
0.017836324870586395 0.012649234384298325 103.74181365966797
0.01695733144879341 0.011865468695759773 101.83724975585938
0.01733621209859848 0.012225935235619545 102.20552062988281
0.01698087900876999 0.011887258850038052 101.87239074707031
0.016934266313910484 0.011854071170091629 101.60391235351562
0.0172722227871418 0.012146111577749252 102.52223205566406
0.016770660877227783 0.01157565787434578 103.90005493164062
0.017362749204039574 0.012236922979354858 102.51653289794922
0.015835808590054512 0.010747725144028664 101.76165771484375
0.016101472079753876 0.010962600819766521 102.77742004394531
0.016923682764172554 0.011815791018307209 102.1578369140625
0.016397371888160706 0.011292750015854836 102.09245300292969
0.01639997400343418 0.011330613866448402 101.38719940185547
0.01667970046401024 0.011652475222945213 100.54450988769531
0.017426107078790665 0.012325648218393326 102.00920104980469
0.01685686782002449 0.01176608819514513 101.81561279296875
0.017001960426568985 0.011927872896194458 101.48175811767578
0.016807178035378456 0.011702137067914009 102.10082244873047
0.016956456005573273 0.0118373092263937 102.38292694091797
0.017376825213432312 0.012210696935653687 103.32255554199219
0.01562160812318325 0.010509642772376537 102.23931121826172
0.016026992350816727 0.010903460904955864 102.47062683105469
0.017572658136487007 0.012337112799286842 104.71089935302734
0.017080890014767647 0.011822701431810856 105.16378784179688
0.01600293442606926 0.01087814662605524 102.49575805664062
0.01697438582777977 0.011860523372888565 102.27723693847656
0.016833128407597542 0.011669092811644077 103.28071594238281
0.0174097903072834 0.012290691025555134 102.38200378417969
0.017554577440023422 0.01243716012686491 102.34834289550781
0.01670646481215954 0.011628985404968262 101.54959106445312
0.01674988679587841 0.011664515361189842 101.70743560791016
0.017097625881433487 0.012019835412502289 101.55579376220703
0.01706729643046856 0.011963669210672379 102.07255554199219
0.01658645272254944 0.011484850198030472 102.03205871582031
0.016811048611998558 0.011728327721357346 101.6544189453125
0.017156461253762245 0.012013541534543037 102.85840606689453
0.016191871836781502 0.011078521609306335 102.26699829101562
0.016131162643432617 0.011039672419428825 101.82980346679688
0.01605173386633396 0.010962171480059624 101.79124450683594
0.017048891633749008 0.011871583759784698 103.546142578125
0.01784552074968815 0.012730488553643227 102.30064392089844
0.016726218163967133 0.01152331568300724 104.05802917480469
0.016782166436314583 0.011647690087556839 102.68952941894531
0.01629733107984066 0.011093196459114552 104.08268737792969
0.01610609143972397 0.010934356600046158 103.43467712402344
0.01741369441151619 0.012184564024209976 104.58258819580078
0.01680430956184864 0.01163112185895443 103.46376037597656
0.016654742881655693 0.011501755565404892 103.05973815917969
0.016411632299423218 0.011247742921113968 103.27779388427734
0.017301378771662712 0.012156624346971512 102.89509582519531
0.016402624547481537 0.011245647445321083 103.13955688476562
0.015833629295229912 0.010750862769782543 101.65531921386719
0.016531258821487427 0.01131613738834858 104.30245208740234
0.01724914461374283 0.012047058902680874 104.04173278808594
0.0169740691781044 0.011821640655398369 103.04855346679688
0.01658748835325241 0.011503247544169426 101.68479919433594
0.01634274236857891 0.011244099587202072 101.97286987304688
0.01628531701862812 0.011178435757756233 102.13761901855469
0.015901602804660797 0.010867571458220482 100.68064880371094
0.015702031552791595 0.010686613619327545 100.308349609375
0.017356902360916138 0.012180794961750507 103.52216339111328
0.01629628613591194 0.011133009567856789 103.26551818847656
0.01647096313536167 0.011438729241490364 100.64466857910156
0.016598884016275406 0.01151703204959631 101.63705444335938
0.01607769913971424 0.010927217081189156 103.0096435546875
0.016356956213712692 0.011332790367305279 100.48333740234375
0.015708578750491142 0.010738685727119446 99.39786529541016
0.016072552651166916 0.011124474927783012 98.9615707397461
0.016832999885082245 0.011782301589846611 101.01394653320312
0.01590791903436184 0.010879418812692165 100.56999969482422
0.0157138854265213 0.010715227574110031 99.97314453125
0.017318306490778923 0.012165544554591179 103.05525207519531
0.015733029693365097 0.010647378861904144 101.7130126953125
0.016269642859697342 0.011163312941789627 102.12660217285156
0.01685434579849243 0.011727888137102127 102.52914428710938
0.016940440982580185 0.011838208884000778 102.04466247558594
0.01666456088423729 0.011659374460577965 100.10372924804688
0.01633627340197563 0.011277420446276665 101.17707824707031
0.01505315862596035 0.010161088779568672 97.84139251708984
0.015298692509531975 0.010230333544313908 101.36717224121094
0.016755500808358192 0.01167469471693039 101.61611938476562
0.01688491180539131 0.01174071803689003 102.88386535644531
0.01618930511176586 0.011115871369838715 101.46867370605469
0.018015949055552483 0.012868331745266914 102.95233917236328
0.016742270439863205 0.011592870578169823 102.98800659179688
0.015164900571107864 0.010097689926624298 101.3442153930664
0.015919476747512817 0.010787390172481537 102.64173126220703
0.0164300799369812 0.011244413442909718 103.71331787109375
0.016504652798175812 0.011313892900943756 103.81520080566406
0.015890968963503838 0.010803015902638435 101.75906372070312
0.016795257106423378 0.011642348021268845 103.05819702148438
0.01632770709693432 0.011180751025676727 102.93913269042969
0.016672026365995407 0.011529999785125256 102.84051513671875
0.01643490232527256 0.011254580691456795 103.60643768310547
0.01576688326895237 0.01063428446650505 102.65198516845703
0.016826339066028595 0.011620601639151573 104.11476135253906
0.015430841594934464 0.010329267010092735 102.03148651123047
0.01645459048449993 0.01132993958890438 102.49301147460938
0.01650979183614254 0.011393927037715912 102.31730651855469
0.01628476195037365 0.01120259054005146 101.64344024658203
0.01634654961526394 0.011240694671869278 102.11709594726562
0.016485678032040596 0.011371626518666744 102.2810287475586
0.016704143956303596 0.011600950732827187 102.06385803222656
0.0160805806517601 0.010976001620292664 102.09156799316406
0.015476711094379425 0.010424858890473843 101.03703308105469
0.016032196581363678 0.010870145633816719 103.24102783203125
0.016301214694976807 0.011096545495092869 104.09336853027344
0.0160065870732069 0.010872885584831238 102.67402648925781
0.01609731651842594 0.01098610833287239 102.22415924072266
0.01606612652540207 0.010891841724514961 103.48570251464844
0.015774786472320557 0.01067317370325327 102.03227233886719
0.01703038066625595 0.011815963312983513 104.28836822509766
0.01580456644296646 0.010688974522054195 102.31182861328125
0.015360245481133461 0.010310880839824677 100.9873046875
0.015433166176080704 0.010300415568053722 102.65501403808594
0.01619543507695198 0.011098113842308521 101.9464111328125
0.015626130625605583 0.010546330362558365 101.59601593017578
0.01660194993019104 0.011493805795907974 102.16288757324219
0.01537906751036644 0.010338464751839638 100.81205749511719
0.01597706414759159 0.010883544571697712 101.87040710449219
0.015702106058597565 0.010577613487839699 102.48983764648438
0.016154035925865173 0.011066633276641369 101.74806213378906
0.01555805467069149 0.010423650965094566 102.68806457519531
0.01570417732000351 0.010617587715387344 101.73178100585938
0.015387137420475483 0.010300318710505962 101.73637390136719
0.014992007985711098 0.010026531293988228 99.30952453613281
0.016490934416651726 0.01132753025740385 103.26808166503906
0.01625426858663559 0.011128728277981281 102.51078796386719
0.01652020588517189 0.011381536722183228 102.77337646484375
0.016429996117949486 0.011205468326807022 104.49056243896484
0.015264204703271389 0.010227869264781475 100.72671508789062
0.015850689262151718 0.010779643431305885 101.4209213256836
0.015424264594912529 0.01034240610897541 101.63716125488281
0.016211479902267456 0.01106349378824234 102.959716796875
0.016007276251912117 0.010828129015862942 103.58294677734375
0.016818320378661156 0.011587319895625114 104.6200180053711
0.01571793667972088 0.01046421006321907 105.07453918457031
0.015680458396673203 0.01046396978199482 104.32978057861328
0.015274694189429283 0.010197868570685387 101.5365219116211
0.01588987186551094 0.010739393532276154 103.00958251953125
0.015877116471529007 0.010702233761548996 103.4976577758789
0.015230584889650345 0.010173453949391842 101.14260864257812
0.015235108323395252 0.010193828493356705 100.82559967041016
0.014678196981549263 0.009651320055127144 100.53752899169922
0.015542787499725819 0.010485606268048286 101.14363098144531
0.01586320996284485 0.010718951933085918 102.88514709472656
0.015384949743747711 0.01036294735968113 100.4400634765625
0.016320571303367615 0.011202355846762657 102.36430358886719
0.015902921557426453 0.010808620601892471 101.88601684570312
0.015560700558125973 0.010456383228302002 102.08634948730469
0.015768928453326225 0.010708969086408615 101.19920349121094
0.01533059123903513 0.010203761979937553 102.53659057617188
0.01572522521018982 0.01059815101325512 102.54149627685547
0.015540484338998795 0.010431868955492973 102.17231750488281
0.014942670240998268 0.0099500035867095 99.85334014892578
0.016139669343829155 0.011046464554965496 101.86410522460938
0.016118377447128296 0.011136818677186966 99.63115692138672
0.015104388818144798 0.010115859098732471 99.7706069946289
0.015934251248836517 0.010869966819882393 101.28570556640625
0.015072776935994625 0.01011219434440136 99.21165466308594
0.015016375109553337 0.009988554753363132 100.556396484375
0.015494899824261665 0.010368406772613525 102.52986907958984
0.015815189108252525 0.0106947161257267 102.40945434570312
0.01608314923942089 0.011005086824297905 101.56126403808594
0.01490495540201664 0.009852083399891853 101.05743408203125
0.016342099756002426 0.01120029203593731 102.83615112304688
0.01620178483426571 0.011081084609031677 102.41399383544922
0.015679331496357918 0.01063256710767746 100.935302734375
0.015525685623288155 0.010495718568563461 100.59933471679688
0.015917804092168808 0.010730432346463203 103.74742126464844
0.01513232383877039 0.010114902630448341 100.34842681884766
0.015456048771739006 0.010363183915615082 101.8572998046875
0.015017498284578323 0.009931694716215134 101.716064453125
0.015197575092315674 0.010082103312015533 102.3094482421875
0.016527967527508736 0.011325394734740257 104.05146789550781
0.015599031001329422 0.010425571352243423 103.46919250488281
0.014860769733786583 0.009809361770749092 101.0281753540039
0.014857310801744461 0.00981173850595951 100.91143798828125
0.01659027859568596 0.011542439460754395 100.95677185058594
0.0158782210201025 0.010776752606034279 102.02938079833984
0.015642205253243446 0.010487370193004608 103.09671020507812
0.015377296134829521 0.010325069539248943 101.04454040527344
0.01539151556789875 0.010338113643229008 101.06803131103516
0.015736907720565796 0.010534578002989292 104.04660034179688
0.014929817989468575 0.009850328788161278 101.58977508544922
0.014618750661611557 0.009487052448093891 102.63397216796875
0.01561693660914898 0.010471717454493046 102.90437316894531
0.015428528189659119 0.010363363660871983 101.30330657958984
0.01532127894461155 0.010354829952120781 99.3289794921875
0.014965454116463661 0.010036494582891464 98.57919311523438
0.014198297634720802 0.009308633394539356 97.79328155517578
0.01505946833640337 0.010028861463069916 100.61213684082031
0.01522345282137394 0.01016204059123993 101.22824096679688
0.014876529574394226 0.009936120361089706 98.80819702148438
0.0152128916233778 0.010216441005468369 99.92901611328125
0.015340451151132584 0.010369230061769485 99.4244155883789
0.014947962015867233 0.009869979694485664 101.55963897705078
0.015468202531337738 0.010401246137917042 101.33912658691406
0.013959033414721489 0.008936213329434395 100.45641326904297
0.015005656518042088 0.009941894561052322 101.27523803710938
0.014817583374679089 0.009815541096031666 100.04084777832031
0.014344960451126099 0.009250253438949585 101.89414978027344
0.014858176931738853 0.009744899347424507 102.26555633544922
0.015418452210724354 0.010297548025846481 102.4180908203125
0.014828418381512165 0.009734774008393288 101.87288665771484
0.014395627193152905 0.009347556158900261 100.96142578125
0.015383049845695496 0.010353955440223217 100.58187866210938
0.01512621995061636 0.010080891661345959 100.90657043457031
0.014353601261973381 0.009380324743688107 99.46554565429688
0.015373362228274345 0.010332238860428333 100.82246398925781
0.01546887494623661 0.010409057140350342 101.19635009765625
0.014961487613618374 0.009980211034417152 99.62553405761719
0.016118217259645462 0.011032717302441597 101.71000671386719
0.01505323313176632 0.009965564124286175 101.75338745117188
0.016259800642728806 0.011080363765358925 103.58876037597656
0.015173453837633133 0.010050458833575249 102.45991516113281
0.015293268486857414 0.0102441580966115 100.98220825195312
0.015044505707919598 0.010041915811598301 100.05179595947266
0.014770004898309708 0.009720135480165482 100.99739837646484
0.015025720000267029 0.00999743677675724 100.56565856933594
0.015018895268440247 0.009898620657622814 102.4054946899414
0.014695819467306137 0.00962718017399311 101.3727798461914
0.014866217970848083 0.00980483740568161 101.22760772705078
0.014430401846766472 0.009435857646167278 99.8908920288086
0.015206032432615757 0.010202620178461075 100.06824493408203
0.014783311635255814 0.009758248925209045 100.50126647949219
0.01515213306993246 0.010086966678500175 101.30332946777344
0.014816749840974808 0.009802349843084812 100.28800964355469
0.015228334814310074 0.010176410898566246 101.03846740722656
0.015030497685074806 0.009945794939994812 101.69406127929688
0.01468031294643879 0.00956910103559494 102.22422790527344
0.01491294614970684 0.009830325841903687 101.65242004394531
0.01554194651544094 0.010336095467209816 104.11703491210938
0.014965562149882317 0.009882155805826187 101.66813659667969
0.014722650870680809 0.009657764807343483 101.29771423339844
0.014356307685375214 0.009238350205123425 102.35914611816406
0.014741325750946999 0.009727263823151588 100.28125
0.014624946750700474 0.009556163102388382 101.37567138671875
0.014697210863232613 0.009675253182649612 100.43915557861328
0.014708551578223705 0.009633590467274189 101.49922180175781
0.014864426106214523 0.009816095232963562 100.96662139892578
0.01497544813901186 0.009892446920275688 101.66002655029297
0.014886553399264812 0.009865373373031616 100.42359924316406
0.014874684624373913 0.009882591664791107 99.84185791015625
0.01511539425700903 0.01003320049494505 101.64387512207031
0.013778133317828178 0.008853759616613388 98.48747253417969
0.015420516952872276 0.010386286303400993 100.68461608886719
0.014511913061141968 0.009511217474937439 100.01390075683594
0.014886783435940742 0.009819980710744858 101.33606719970703
0.014623151160776615 0.009547398425638676 101.51506042480469
0.01406073197722435 0.00907211098819971 99.77241516113281
0.014691434800624847 0.009603762999176979 101.75343322753906
0.014952847734093666 0.009940250776708126 100.25193786621094
0.015159755013883114 0.010124476626515388 100.70556640625
0.014247838407754898 0.009175330400466919 101.45016479492188
0.01495563518255949 0.009906770661473274 100.977294921875
0.014386709779500961 0.00927383080124855 102.25758361816406
0.014497623778879642 0.009431323036551476 101.32601928710938
0.013973151333630085 0.008941574022173882 100.63154602050781
0.013676730915904045 0.00866747833788395 100.18505859375
0.014187258668243885 0.00915575586259365 100.63005828857422
0.015564740635454655 0.010524768382310867 100.79944610595703
0.014876938425004482 0.009853696450591087 100.46484375
0.01413536537438631 0.009150587022304535 99.69557189941406
0.01591009646654129 0.010852793231606483 101.14607238769531
0.015144482254981995 0.010164827108383179 99.59309387207031
0.014668455347418785 0.009663136675953865 100.10637664794922
0.015143493190407753 0.010180190205574036 99.26607513427734
0.014754900708794594 0.009801944717764854 99.05912780761719
0.014714522287249565 0.009723803028464317 99.81437683105469
0.015310293063521385 0.010286162607371807 100.48260498046875
0.014372488483786583 0.009388640522956848 99.67697143554688
0.014050030149519444 0.009056966751813889 99.86126708984375
0.014797963201999664 0.00982498936355114 99.45948791503906
0.013774288818240166 0.008770735003054142 100.07108306884766
0.013656925410032272 0.008668745867908001 99.76360321044922
0.01436922699213028 0.009328321553766727 100.818115234375
0.014510189183056355 0.009432421997189522 101.55534362792969
0.014686249196529388 0.009646637365221977 100.792236328125
0.01386259775608778 0.008860516361892223 100.0416259765625
0.014857713133096695 0.009758781641721725 101.97864532470703
0.015627726912498474 0.010542679578065872 101.700927734375
0.014806235209107399 0.009784005582332611 100.4446029663086
0.015175831504166126 0.010133722797036171 100.84217834472656
0.014735853299498558 0.009656060487031937 101.59587097167969
0.015350673347711563 0.01023655105382204 102.28245544433594
0.014425994828343391 0.009334985166788101 101.8201904296875
0.014404922723770142 0.009432905353605747 99.44035339355469
0.0148216113448143 0.009733496233820915 101.76231384277344
0.014163952320814133 0.00910765491425991 101.12596130371094
0.014301112852990627 0.009130360558629036 103.41504669189453
0.014175251126289368 0.009122754447162151 101.04994201660156
0.014794647693634033 0.009732685051858425 101.23926544189453
0.014165535569190979 0.009121997281908989 100.87077331542969
0.014207147993147373 0.009208866395056248 99.96563720703125
0.013707930222153664 0.00873563066124916 99.44599914550781
0.014437076635658741 0.009416783228516579 100.40586853027344
0.014397375285625458 0.00941524188965559 99.64266204833984
0.014166608452796936 0.009200811386108398 99.31594848632812
0.015108024701476097 0.009950981475412846 103.140869140625
0.013968445360660553 0.008931932970881462 100.73023986816406
0.014329579658806324 0.009253163821995258 101.5283203125
0.013982642441987991 0.008971788920462132 100.21708679199219
0.014600560069084167 0.009559199213981628 100.82721710205078
0.014317262917757034 0.009280545637011528 100.73435974121094
0.014452829957008362 0.009517430327832699 98.70799255371094
0.014070939272642136 0.009104565717279911 99.32746887207031
0.014015065506100655 0.00902576558291912 99.7860107421875
0.013773380778729916 0.008818767964839935 99.09225463867188
0.013126187026500702 0.008248014375567436 97.56344604492188
0.014561427757143974 0.009611999616026878 98.98857879638672
0.013998230919241905 0.008990084752440453 100.16293334960938
0.01519053801894188 0.010156190022826195 100.68695068359375
0.013767080381512642 0.008922269567847252 96.8962173461914
0.014767427928745747 0.009785586968064308 99.63682556152344
0.014026631601154804 0.009139502421021461 97.74258422851562
0.014436355791985989 0.009371936321258545 101.28839111328125
0.014162058010697365 0.009181275963783264 99.61565399169922
0.014125345274806023 0.009082239121198654 100.86212921142578
0.01392456702888012 0.008958758786320686 99.31617736816406
0.014281009323894978 0.009287500753998756 99.87017822265625
0.013979539275169373 0.00902465172111988 99.09776306152344
0.014428159222006798 0.009439627639949322 99.77064514160156
0.014578213915228844 0.009508447721600533 101.39533996582031
0.014621907845139503 0.009597120806574821 100.49574279785156
0.01427169144153595 0.009231490083038807 100.80403137207031
0.014147298410534859 0.009176786988973618 99.41024017333984
