0.16270259022712708 0.16270259022712708 12.983283996582031
0.15914756059646606 0.15914756059646606 13.839109420776367
0.14836814999580383 0.14836814999580383 16.189971923828125
0.13691037893295288 0.13691037893295288 19.498592376708984
0.13501858711242676 0.13501858711242676 23.83247184753418
0.12624108791351318 0.12624108791351318 30.364898681640625
0.11457954347133636 0.11457954347133636 36.144859313964844
0.1151830181479454 0.1151830181479454 45.85853576660156
0.10528449714183807 0.10528449714183807 54.83848571777344
0.1024969071149826 0.1024969071149826 64.05181884765625
0.09249032288789749 0.09249032288789749 75.80233764648438
0.08655714988708496 0.08655714988708496 86.9319839477539
0.08387959003448486 0.08387959003448486 100.01930236816406
0.07753492891788483 0.07753492891788483 114.30502319335938
0.0776115134358406 0.0776115134358406 131.09725952148438
0.07279836386442184 0.07279836386442184 143.50308227539062
0.07006612420082092 0.07006612420082092 162.55514526367188
0.06571339070796967 0.06571339070796967 178.81417846679688
0.06676061451435089 0.06676061451435089 193.94091796875
0.06351839005947113 0.06351839005947113 209.44955444335938
0.062303073704242706 0.062303073704242706 228.50051879882812
0.05669686943292618 0.05669686943292618 241.7056121826172
0.05958785116672516 0.05958785116672516 256.91815185546875
0.054762911051511765 0.054762911051511765 272.9283447265625
0.05649857223033905 0.05649857223033905 291.2654113769531
0.05727145075798035 0.05727145075798035 308.859375
0.055460188537836075 0.055460188537836075 318.7861328125
0.05353150889277458 0.05353150889277458 332.537109375
0.05475931242108345 0.05475931242108345 345.07421875
0.05209540203213692 0.05209540203213692 355.9644775390625
0.053304657340049744 0.053304657340049744 368.80181884765625
0.0512072816491127 0.0512072816491127 378.86248779296875
0.05287626013159752 0.05287626013159752 390.4281005859375
0.04867813363671303 0.04867813363671303 385.05133056640625
0.05238848924636841 0.05238848924636841 407.0980224609375
0.04861166328191757 0.04861166328191757 408.74359130859375
0.049151692539453506 0.049151692539453506 413.9521789550781
0.0521634966135025 0.0521634966135025 429.20184326171875
0.04984109103679657 0.04984109103679657 432.23822021484375
0.0494031086564064 0.0494031086564064 443.99176025390625
0.05101960152387619 0.05101960152387619 445.182373046875
0.04928057640790939 0.04928057640790939 450.8963928222656
0.04939373582601547 0.04939373582601547 462.25238037109375
0.04882536083459854 0.04882536083459854 458.2174987792969
0.047463275492191315 0.047463275492191315 457.882080078125
0.04947511851787567 0.04947511851787567 463.94891357421875
0.05053035169839859 0.05053035169839859 472.5773010253906
0.050890956073999405 0.050890956073999405 480.73858642578125
0.04580531641840935 0.04580531641840935 474.663330078125
0.04847348481416702 0.04847348481416702 474.43206787109375
0.04860765486955643 0.04860765486955643 475.65325927734375
0.045805592089891434 0.045805592089891434 480.21844482421875
0.04661417379975319 0.04661417379975319 477.2750549316406
0.04577498137950897 0.04577498137950897 470.8313293457031
0.04641932249069214 0.04641932249069214 477.614501953125
0.04815159738063812 0.04815159738063812 476.27288818359375
0.046775028109550476 0.046775028109550476 479.743408203125
0.04638110101222992 0.04638110101222992 484.1754150390625
0.04467172920703888 0.04467172920703888 473.2584228515625
0.045705314725637436 0.045705314725637436 483.289306640625
0.04929143935441971 0.04929143935441971 475.21087646484375
0.04468625783920288 0.04468625783920288 467.425537109375
0.04413723945617676 0.04413723945617676 468.70745849609375
0.047549281269311905 0.047549281269311905 473.2629089355469
0.04610550403594971 0.04610550403594971 467.47515869140625
0.047110415995121 0.047110415995121 468.789306640625
0.043158210813999176 0.043158210813999176 461.088134765625
0.045743077993392944 0.045743077993392944 456.3529357910156
0.04714237153530121 0.04714237153530121 455.3614807128906
0.04398428648710251 0.04398428648710251 452.11505126953125
0.04492131620645523 0.04492131620645523 452.7567138671875
0.046979740262031555 0.046979740262031555 445.798828125
0.04370914399623871 0.04370914399623871 443.77655029296875
0.044213782995939255 0.044213782995939255 441.2142333984375
0.04306050390005112 0.04306050390005112 431.37860107421875
0.04316319152712822 0.04316319152712822 435.5549621582031
0.043273210525512695 0.043273210525512695 432.05072021484375
0.0427597314119339 0.0427597314119339 427.006103515625
0.043375059962272644 0.043375059962272644 425.14788818359375
0.041095443069934845 0.041095443069934845 416.94708251953125
0.042653489857912064 0.042653489857912064 416.29449462890625
0.04275066778063774 0.04275066778063774 413.59710693359375
0.042546551674604416 0.042546551674604416 412.8489685058594
0.04055732861161232 0.04055732861161232 405.3665771484375
0.03952857106924057 0.03952857106924057 404.5579528808594
0.04132656008005142 0.04132656008005142 399.813232421875
0.042222753167152405 0.042222753167152405 403.79302978515625
0.04287540912628174 0.04287540912628174 395.557861328125
0.04184623062610626 0.04184623062610626 393.54827880859375
0.03887099772691727 0.03887099772691727 387.00146484375
0.03783215582370758 0.03783215582370758 383.55596923828125
0.040650494396686554 0.040650494396686554 382.74755859375
0.04078701138496399 0.04078701138496399 380.6817321777344
0.038722164928913116 0.038722164928913116 378.60736083984375
0.03793894127011299 0.03793894127011299 371.4429626464844
0.03834860399365425 0.03834860399365425 371.47991943359375
0.040504876524209976 0.040504876524209976 371.43377685546875
0.036374323070049286 0.036374323070049286 369.2747802734375
0.0386967658996582 0.0386967658996582 365.30108642578125
0.03751792758703232 0.03751792758703232 365.2456359863281
0.03739011287689209 0.03739011287689209 357.10662841796875
0.03804413229227066 0.03804413229227066 358.68634033203125
0.04123365134000778 0.04123365134000778 362.5827941894531
0.03723372519016266 0.03723372519016266 356.70599365234375
0.036545805633068085 0.036545805633068085 357.01007080078125
0.03580384701490402 0.03580384701490402 355.0293884277344
0.03796403482556343 0.03796403482556343 354.6213073730469
0.03692946583032608 0.03692946583032608 354.45703125
0.03528710454702377 0.03528710454702377 352.6418151855469
0.03439630568027496 0.03439630568027496 355.9246826171875
0.03671984374523163 0.03671984374523163 354.670166015625
0.03586422652006149 0.03586422652006149 355.16485595703125
0.03421582281589508 0.03421582281589508 352.976318359375
0.03574007377028465 0.03574007377028465 355.1558837890625
0.03612315282225609 0.03612315282225609 355.1148681640625
0.032297782599925995 0.032297782599925995 355.5325012207031
0.03367098048329353 0.03367098048329353 350.8387145996094
0.03203919529914856 0.03203919529914856 350.8545837402344
0.03241736441850662 0.03241736441850662 352.1172790527344
0.03412429988384247 0.03412429988384247 353.7384948730469
0.033208396285772324 0.033208396285772324 349.5832824707031
0.03449872508645058 0.03449872508645058 353.3714599609375
0.03702693432569504 0.03702693432569504 351.197265625
0.032755445688962936 0.032755445688962936 353.2646484375
0.03327205032110214 0.03327205032110214 355.4970703125
0.033288173377513885 0.033288173377513885 351.88641357421875
0.031871821731328964 0.031871821731328964 353.74700927734375
0.0316770039498806 0.0316770039498806 352.7357177734375
0.032618653029203415 0.032618653029203415 350.49798583984375
0.0313444584608078 0.0313444584608078 349.46319580078125
0.0313631072640419 0.0313631072640419 351.79620361328125
0.03191269189119339 0.03191269189119339 351.23016357421875
0.029833413660526276 0.029833413660526276 354.75732421875
0.030247539281845093 0.030247539281845093 353.6624450683594
0.030790720134973526 0.030790720134973526 352.9141845703125
0.029101911932229996 0.029101911932229996 355.22900390625
0.029573529958724976 0.029573529958724976 355.313232421875
0.03175925463438034 0.03175925463438034 349.7489013671875
0.030814306810498238 0.030814306810498238 352.1241760253906
0.029624398797750473 0.029624398797750473 346.95501708984375
0.029482608661055565 0.029482608661055565 350.398681640625
0.03066292591392994 0.03066292591392994 355.9909973144531
0.028168801218271255 0.028168801218271255 356.4899597167969
0.03142194822430611 0.03142194822430611 351.60870361328125
0.030698172748088837 0.030698172748088837 352.828125
0.029807884246110916 0.029807884246110916 353.539306640625
0.027105767279863358 0.027105767279863358 357.657958984375
0.027180971577763557 0.027180971577763557 353.43841552734375
0.027802739292383194 0.027802739292383194 352.15692138671875
0.02817581593990326 0.02817581593990326 351.45574951171875
0.028939682990312576 0.028939682990312576 349.960693359375
0.027022775262594223 0.027022775262594223 352.3645324707031
0.02776867151260376 0.02776867151260376 346.6418151855469
0.027715107426047325 0.027715107426047325 354.6277770996094
0.02951442450284958 0.02951442450284958 354.67547607421875
0.026883073151111603 0.026883073151111603 358.08770751953125
0.027110964059829712 0.027110964059829712 357.8336181640625
0.027254782617092133 0.027254782617092133 359.4800720214844
0.0270234365016222 0.0270234365016222 357.032958984375
0.02897278219461441 0.02897278219461441 357.180908203125
0.029570870101451874 0.029570870101451874 362.02642822265625
0.02622073143720627 0.02622073143720627 361.03594970703125
0.026227623224258423 0.026227623224258423 360.32501220703125
0.02809516340494156 0.02809516340494156 354.4371337890625
0.027040094137191772 0.027040094137191772 356.6846008300781
0.028055790811777115 0.028055790811777115 357.8748779296875
0.02611703798174858 0.02611703798174858 366.04693603515625
0.026076657697558403 0.026076657697558403 362.6940002441406
0.02756551280617714 0.02756551280617714 358.73419189453125
0.027665454894304276 0.027665454894304276 358.97503662109375
0.024025699123740196 0.024025699123740196 361.26580810546875
0.025094561278820038 0.025094561278820038 362.3463134765625
0.023329254239797592 0.023329254239797592 359.9103088378906
0.02577958256006241 0.02577958256006241 364.5039367675781
0.025239212438464165 0.025239212438464165 358.92559814453125
0.024619534611701965 0.024619534611701965 364.55120849609375
0.025199415162205696 0.025199415162205696 361.4920349121094
0.02434917539358139 0.02434917539358139 363.0838317871094
0.024823490530252457 0.024823490530252457 362.40887451171875
0.02402898296713829 0.02402898296713829 368.5147705078125
0.025494690984487534 0.025494690984487534 369.712890625
0.024681761860847473 0.024681761860847473 362.6282653808594
0.023045144975185394 0.023045144975185394 365.180908203125
0.023705655708909035 0.023705655708909035 374.8353271484375
0.025082338601350784 0.025082338601350784 373.73272705078125
0.025642309337854385 0.025642309337854385 368.19732666015625
0.02197945863008499 0.02197945863008499 372.6378479003906
0.02309064194560051 0.02309064194560051 372.92694091796875
0.023149995133280754 0.023149995133280754 377.6210632324219
0.024194203317165375 0.024194203317165375 373.76446533203125
0.023477498441934586 0.023477498441934586 375.86700439453125
0.021472720429301262 0.021472720429301262 376.31036376953125
0.02485804259777069 0.02485804259777069 377.1114196777344
0.023594044148921967 0.023594044148921967 371.6458740234375
0.023539582267403603 0.023539582267403603 378.72357177734375
0.021826058626174927 0.021826058626174927 377.0978698730469
0.02167416736483574 0.02167416736483574 374.40380859375
0.021583808586001396 0.021583808586001396 377.08636474609375
0.023372484371066093 0.023372484371066093 377.1305236816406
0.022683661431074142 0.022683661431074142 377.2870178222656
0.022485341876745224 0.022485341876745224 374.982177734375
0.02272902987897396 0.02272902987897396 376.1817321777344
0.02172095701098442 0.02172095701098442 383.7290344238281
0.02260368876159191 0.02260368876159191 380.2359924316406
0.02296704798936844 0.02296704798936844 380.743896484375
0.021560870110988617 0.021560870110988617 384.36297607421875
0.02128591015934944 0.02128591015934944 387.0287780761719
0.020383484661579132 0.020383484661579132 386.368408203125
0.02127332240343094 0.02127332240343094 384.4806213378906
0.02127373218536377 0.02127373218536377 387.06719970703125
0.022344030439853668 0.022344030439853668 384.1893310546875
0.021803587675094604 0.021803587675094604 395.302490234375
0.022775568068027496 0.022775568068027496 388.87786865234375
0.020611681044101715 0.020611681044101715 389.4224853515625
0.020761845633387566 0.020761845633387566 390.9871826171875
0.02150350995361805 0.02150350995361805 390.83782958984375
0.021354597061872482 0.021354597061872482 393.58099365234375
0.021664615720510483 0.021664615720510483 388.0678405761719
0.021394509822130203 0.021394509822130203 391.59881591796875
0.021008141338825226 0.021008141338825226 390.02593994140625
0.020258985459804535 0.020258985459804535 399.27105712890625
0.020624294877052307 0.020624294877052307 388.98773193359375
0.02018357813358307 0.02018357813358307 398.4822692871094
0.02187938243150711 0.02187938243150711 389.95660400390625
0.021441087126731873 0.021441087126731873 391.821533203125
0.02069522626698017 0.02069522626698017 388.1737365722656
0.020138699561357498 0.020138699561357498 391.9878234863281
0.021336030215024948 0.021336030215024948 383.411865234375
0.020022014155983925 0.020022014155983925 390.83807373046875
0.019543059170246124 0.019543059170246124 395.05474853515625
0.01933729648590088 0.01933729648590088 392.2594909667969
0.020117878913879395 0.020117878913879395 396.65716552734375
0.02077300101518631 0.02077300101518631 394.8957214355469
0.019968990236520767 0.019968990236520767 398.07550048828125
0.020027725026011467 0.020027725026011467 397.6361389160156
0.020195825025439262 0.020195825025439262 400.18927001953125
0.020504066720604897 0.020504066720604897 399.45758056640625
0.019781025126576424 0.019781025126576424 404.5758056640625
0.018919289112091064 0.018919289112091064 408.22930908203125
0.019943004474043846 0.019943004474043846 406.0947265625
0.02055223286151886 0.02055223286151886 407.6363525390625
0.018483735620975494 0.018483735620975494 405.3997802734375
0.020050575956702232 0.020050575956702232 411.83135986328125
0.01927122473716736 0.01927122473716736 407.3866271972656
0.0189475417137146 0.0189475417137146 402.7615966796875
0.018406540155410767 0.018406540155410767 409.9684143066406
0.019400175660848618 0.019400175660848618 409.0830993652344
0.019241133704781532 0.019241133704781532 410.49627685546875
0.018711024895310402 0.018711024895310402 411.9308776855469
0.019663408398628235 0.019663408398628235 411.2389221191406
0.01849788799881935 0.01849788799881935 409.4725646972656
0.01795228011906147 0.01795228011906147 416.21435546875
0.01805616170167923 0.01805616170167923 410.4495849609375
0.017962131649255753 0.017962131649255753 410.95556640625
0.019528033211827278 0.019528033211827278 413.4178161621094
0.017720548436045647 0.017720548436045647 410.029052734375
0.01708434708416462 0.01708434708416462 420.8206787109375
0.01748526096343994 0.01748526096343994 406.0346984863281
0.018429288640618324 0.018429288640618324 416.3018798828125
0.01770710200071335 0.01770710200071335 417.9264831542969
0.01743490993976593 0.01743490993976593 416.211669921875
0.018761683255434036 0.018761683255434036 413.60589599609375
0.018611330538988113 0.018611330538988113 415.643798828125
0.017842736095190048 0.017842736095190048 418.446533203125
0.016156427562236786 0.016156427562236786 424.67791748046875
0.0172438807785511 0.0172438807785511 415.0897521972656
0.01644285023212433 0.01644285023212433 417.9291687011719
0.018475621938705444 0.018475621938705444 422.31561279296875
0.01577749475836754 0.01577749475836754 417.30987548828125
0.01821793243288994 0.01821793243288994 420.0994873046875
0.017629563808441162 0.017629563808441162 427.0962219238281
0.01841966062784195 0.01841966062784195 426.3153991699219
0.018885429948568344 0.018885429948568344 420.56463623046875
0.01618890091776848 0.01618890091776848 425.9820556640625
0.018089095130562782 0.018089095130562782 425.0240478515625
0.01597396656870842 0.01597396656870842 432.33270263671875
0.017916738986968994 0.017916738986968994 419.5087890625
0.018947888165712357 0.018947888165712357 427.67041015625
0.01626095548272133 0.01626095548272133 420.7672424316406
0.017676519230008125 0.017676519230008125 422.95849609375
0.018232394009828568 0.018232394009828568 423.2254638671875
0.017502516508102417 0.017502516508102417 422.7847900390625
0.017893042415380478 0.017893042415380478 425.74053955078125
0.01628696545958519 0.01628696545958519 426.04400634765625
0.017409563064575195 0.017409563064575195 428.0576171875
0.017232410609722137 0.017232410609722137 433.9157409667969
0.01817379519343376 0.01817379519343376 429.5983581542969
0.017006097361445427 0.017006097361445427 422.0234069824219
0.016741618514060974 0.016741618514060974 428.9308166503906
0.017016414552927017 0.017016414552927017 424.2340087890625
0.016617413610219955 0.016617413610219955 423.880615234375
0.01722049154341221 0.01722049154341221 430.6628723144531
0.016910111531615257 0.016910111531615257 425.2603759765625
0.01667082868516445 0.01667082868516445 425.0951843261719
0.017196305096149445 0.017196305096149445 434.179443359375
0.016418546438217163 0.016418546438217163 433.606689453125
0.015237050130963326 0.015237050130963326 433.803955078125
0.01613353192806244 0.01613353192806244 431.2995300292969
0.015590168535709381 0.015590168535709381 430.89727783203125
0.016416793689131737 0.016416793689131737 432.40826416015625
0.01669148914515972 0.01669148914515972 428.1609191894531
0.0157369002699852 0.0157369002699852 434.2123718261719
0.017398472875356674 0.017398472875356674 425.64410400390625
0.01567823439836502 0.01567823439836502 433.405029296875
0.015654034912586212 0.015654034912586212 431.23236083984375
0.015423065051436424 0.015423065051436424 437.1007385253906
0.015877263620495796 0.015877263620495796 439.95257568359375
0.016730913892388344 0.016730913892388344 437.0631103515625
0.01642766408622265 0.01642766408622265 433.38818359375
0.016661714762449265 0.016661714762449265 435.8013610839844
0.0160728320479393 0.0160728320479393 435.259765625
0.01574232056736946 0.01574232056736946 437.8197021484375
0.015269222669303417 0.015269222669303417 437.72021484375
0.01535332016646862 0.01535332016646862 437.34466552734375
0.01586955599486828 0.01586955599486828 433.8953552246094
0.015897611156105995 0.015897611156105995 436.6370849609375
0.016309700906276703 0.016309700906276703 447.1910705566406
0.01523869764059782 0.01523869764059782 444.7501220703125
0.016019191592931747 0.016019191592931747 444.3554992675781
0.015233052894473076 0.015233052894473076 442.5621337890625
0.014538763090968132 0.014538763090968132 447.3886413574219
0.015715736895799637 0.015715736895799637 445.3441162109375
0.015586448833346367 0.015586448833346367 443.44085693359375
0.01610220968723297 0.01610220968723297 439.37799072265625
0.015146536752581596 0.015146536752581596 448.82025146484375
0.015749510377645493 0.015749510377645493 447.2147216796875
0.015387462452054024 0.015387462452054024 450.6446533203125
0.01541975885629654 0.01541975885629654 450.43743896484375
0.01535860076546669 0.01535860076546669 448.62237548828125
0.016012970358133316 0.016012970358133316 439.16168212890625
0.01672661304473877 0.01672661304473877 446.9250183105469
0.015693536028265953 0.015693536028265953 444.9704284667969
0.014715592376887798 0.014715592376887798 454.0967712402344
0.015730729326605797 0.015730729326605797 449.0673828125
0.015554724261164665 0.015554724261164665 448.5328674316406
0.014666874893009663 0.014666874893009663 446.89202880859375
0.015586121939122677 0.015586121939122677 441.3642578125
0.015183202922344208 0.015183202922344208 448.5599365234375
0.015058746561408043 0.015058746561408043 450.7544250488281
0.01460306067019701 0.01460306067019701 449.8302307128906
0.015099121257662773 0.015099121257662773 452.6300354003906
0.014526559971272945 0.014526559971272945 456.23876953125
0.014939541928470135 0.014939541928470135 453.4408874511719
0.014469966292381287 0.014469966292381287 457.5312805175781
0.014871617779135704 0.014871617779135704 459.80853271484375
0.015179569832980633 0.015179569832980633 453.33843994140625
0.013681257143616676 0.013681257143616676 456.34014892578125
0.014194291085004807 0.014194291085004807 454.7129821777344
0.01498381793498993 0.01498381793498993 456.98565673828125
0.01422649621963501 0.01422649621963501 462.11669921875
0.014657247811555862 0.014657247811555862 452.01727294921875
0.01574377715587616 0.01574377715587616 455.5299987792969
0.014777871780097485 0.014777871780097485 458.95953369140625
0.015016326680779457 0.015016326680779457 445.46502685546875
0.014973334968090057 0.014973334968090057 455.7271728515625
0.01389443688094616 0.01389443688094616 460.12225341796875
0.014709808863699436 0.014709808863699436 453.9064636230469
0.01399308443069458 0.01399308443069458 463.6549072265625
0.01420670561492443 0.01420670561492443 459.824462890625
0.014375867322087288 0.014375867322087288 460.8242492675781
0.014984924346208572 0.014984924346208572 461.9688720703125
0.013477412052452564 0.013477412052452564 465.092041015625
0.014552517794072628 0.014552517794072628 455.81341552734375
0.013489069417119026 0.013489069417119026 470.1011962890625
0.01422903686761856 0.01422903686761856 455.77960205078125
0.014585914090275764 0.014585914090275764 456.7879638671875
0.014725662767887115 0.014725662767887115 466.284912109375
0.014628298580646515 0.014628298580646515 466.8714599609375
0.01423523761332035 0.01423523761332035 462.299072265625
0.01498075295239687 0.01498075295239687 464.8397521972656
0.014498221687972546 0.014498221687972546 463.99981689453125
0.014521571807563305 0.014521571807563305 461.773193359375
0.015048658475279808 0.015048658475279808 460.20123291015625
0.01361103355884552 0.01361103355884552 461.8313293457031
0.013299016281962395 0.013299016281962395 471.824951171875
0.01429474912583828 0.01429474912583828 466.1199951171875
0.014530407264828682 0.014530407264828682 465.93505859375
0.013533489778637886 0.013533489778637886 475.4188537597656
0.014032652601599693 0.014032652601599693 473.5792541503906
0.01477478165179491 0.01477478165179491 470.5272216796875
0.01209871657192707 0.01209871657192707 480.676025390625
0.013942478224635124 0.013942478224635124 470.65057373046875
0.013885391876101494 0.013885391876101494 469.6505126953125
0.01358193252235651 0.01358193252235651 468.8951416015625
0.013855066150426865 0.013855066150426865 473.8626708984375
0.012495464645326138 0.012495464645326138 469.975341796875
0.014752322807908058 0.014752322807908058 468.5075988769531
0.013318635523319244 0.013318635523319244 467.98553466796875
0.014305878430604935 0.014305878430604935 471.17681884765625
0.013073180802166462 0.013073180802166462 472.3436584472656
0.013741889037191868 0.013741889037191868 473.0563659667969
0.013276309706270695 0.013276309706270695 473.0443115234375
0.014511991292238235 0.014511991292238235 472.8494873046875
0.013391442596912384 0.013391442596912384 469.45965576171875
0.013742445036768913 0.013742445036768913 467.33319091796875
0.014027247205376625 0.014027247205376625 475.6136474609375
0.01318734884262085 0.01318734884262085 477.8572998046875
0.013261867687106133 0.013261867687106133 476.20294189453125
0.01364976167678833 0.01364976167678833 474.23492431640625
0.013717059046030045 0.013717059046030045 478.7950134277344
0.014079064130783081 0.014079064130783081 477.5334777832031
0.012763090431690216 0.012763090431690216 474.0119934082031
0.014180401340126991 0.014180401340126991 472.5379638671875
0.012439101003110409 0.012439101003110409 482.207763671875
0.013027097098529339 0.013027097098529339 478.2430419921875
0.014213990420103073 0.014213990420103073 481.5510559082031
0.01244572177529335 0.01244572177529335 480.31951904296875
0.01404101774096489 0.01404101774096489 468.89599609375
0.012934757396578789 0.012934757396578789 475.7859191894531
0.014282912015914917 0.014282912015914917 470.48529052734375
0.013034825213253498 0.013034825213253498 484.55194091796875
0.013341544196009636 0.013341544196009636 477.19879150390625
0.012678999453783035 0.012678999453783035 474.67059326171875
0.012435764074325562 0.012435764074325562 478.1937255859375
0.012493699789047241 0.012493699789047241 484.5110778808594
0.013188831508159637 0.013188831508159637 482.5148010253906
0.01288793608546257 0.01288793608546257 480.49188232421875
0.01292145624756813 0.01292145624756813 479.675048828125
0.012901059351861477 0.012901059351861477 482.8955078125
0.012077560648322105 0.012077560648322105 476.78033447265625
0.013715235516428947 0.013715235516428947 479.4324035644531
0.013443922623991966 0.013443922623991966 484.41632080078125
0.013474669307470322 0.013474669307470322 483.4820251464844
0.013320544734597206 0.013320544734597206 483.1957702636719
0.012749312445521355 0.012749312445521355 480.7143859863281
0.012974542565643787 0.012974542565643787 481.85003662109375
0.01232135109603405 0.01232135109603405 483.375244140625
0.012920008972287178 0.012920008972287178 485.1739807128906
0.013334599323570728 0.013334599323570728 478.2802734375
0.012984032742679119 0.012984032742679119 486.73583984375
0.01306329108774662 0.01306329108774662 483.4220275878906
0.011732935905456543 0.011732935905456543 490.47064208984375
0.012851038947701454 0.012851038947701454 479.52166748046875
0.011262540705502033 0.011262540705502033 488.68963623046875
0.012598862871527672 0.012598862871527672 484.9884033203125
0.012577898800373077 0.012577898800373077 491.41668701171875
0.011803016066551208 0.011803016066551208 488.4273986816406
0.012444612570106983 0.012444612570106983 487.18304443359375
0.012487955391407013 0.012487955391407013 491.2390441894531
0.011981637217104435 0.011981637217104435 494.876953125
0.013060725294053555 0.013060725294053555 494.62908935546875
0.01257919892668724 0.01257919892668724 488.74542236328125
0.012066507712006569 0.012066507712006569 491.1540222167969
0.01232780423015356 0.01232780423015356 487.9715270996094
0.012268227525055408 0.012268227525055408 492.5986328125
0.012085938826203346 0.012085938826203346 494.72125244140625
0.012370139360427856 0.012370139360427856 496.5038757324219
0.01234876923263073 0.01234876923263073 490.8248291015625
0.013610278256237507 0.013610278256237507 498.89044189453125
0.01162022352218628 0.01162022352218628 495.414306640625
0.012147510424256325 0.012147510424256325 494.4173583984375
0.011735115200281143 0.011735115200281143 495.5455017089844
0.011219310574233532 0.011219310574233532 496.19818115234375
0.01164141297340393 0.01164141297340393 494.10638427734375
0.011667459271848202 0.011667459271848202 488.3050537109375
0.01250496506690979 0.01250496506690979 487.0844421386719
0.011370345950126648 0.011370345950126648 494.594970703125
0.011121265590190887 0.011121265590190887 497.3284912109375
0.012410158291459084 0.012410158291459084 488.5870056152344
0.01275675743818283 0.01275675743818283 488.66839599609375
0.011918069794774055 0.011918069794774055 494.51934814453125
0.011597071774303913 0.011597071774303913 494.15216064453125
0.012188905850052834 0.012188905850052834 492.19158935546875
0.011774986982345581 0.011774986982345581 494.0625915527344
0.012762770988047123 0.012762770988047123 496.15899658203125
0.011904209852218628 0.011904209852218628 499.4786376953125
0.01210664864629507 0.01210664864629507 497.13751220703125
0.012260859832167625 0.012260859832167625 501.6510009765625
0.012508533895015717 0.012508533895015717 489.34521484375
0.011529999785125256 0.011529999785125256 497.7068176269531
0.012332500889897346 0.012332500889897346 500.17816162109375
0.012497827410697937 0.012497827410697937 501.51519775390625
0.011410212144255638 0.011410212144255638 496.5342102050781
0.011560196056962013 0.011560196056962013 499.8436584472656
0.012239126488566399 0.012239126488566399 504.0198059082031
0.011840440332889557 0.011840440332889557 498.5626220703125
0.011226044967770576 0.011226044967770576 496.0773620605469
0.01167227141559124 0.01167227141559124 504.1656494140625
0.012741831131279469 0.012741831131279469 506.573486328125
0.01281721517443657 0.01281721517443657 502.7554931640625
0.011305095627903938 0.011305095627903938 503.1448059082031
0.012004338204860687 0.012004338204860687 500.2181091308594
0.012180251069366932 0.012180251069366932 502.3539733886719
0.01135003287345171 0.01135003287345171 506.09368896484375
0.01187930628657341 0.01187930628657341 503.54803466796875
0.012035535648465157 0.012035535648465157 502.1346130371094
0.010735921561717987 0.010735921561717987 492.1952209472656
0.012258387170732021 0.012258387170732021 499.3052978515625
0.011854478158056736 0.011854478158056736 500.9266357421875
0.012337643653154373 0.012337643653154373 495.1318664550781
0.010875977575778961 0.010875977575778961 503.2333679199219
0.012228067964315414 0.012228067964315414 499.1405944824219
0.012078044936060905 0.012078044936060905 496.2699890136719
0.012198754586279392 0.012198754586279392 497.21917724609375
0.010764598846435547 0.010764598846435547 504.6761474609375
0.011925596743822098 0.011925596743822098 496.99041748046875
0.011220940388739109 0.011220940388739109 499.0491943359375
0.011271549388766289 0.011271549388766289 504.5891418457031
0.01186742726713419 0.01186742726713419 506.09136962890625
0.011049685999751091 0.011049685999751091 497.1675720214844
0.011449445970356464 0.011449445970356464 507.13897705078125
0.011194834485650063 0.011194834485650063 506.2209777832031
0.01108209602534771 0.01108209602534771 511.75006103515625
0.011538121849298477 0.011538121849298477 508.6861877441406
0.011212497018277645 0.011212497018277645 505.9139404296875
0.011333666741847992 0.011333666741847992 505.61859130859375
0.011898787692189217 0.011898787692189217 500.14404296875
0.011476404964923859 0.011476404964923859 504.664794921875
0.010604703798890114 0.010604703798890114 507.87701416015625
0.01147384662181139 0.01147384662181139 506.4986267089844
0.010772037319839 0.010772037319839 506.89996337890625
0.011084679514169693 0.011084679514169693 508.5182800292969
0.011227933689951897 0.011227933689951897 510.3560791015625
0.011137827299535275 0.011137827299535275 508.3300476074219
0.010657664388418198 0.010657664388418198 508.34613037109375
0.011741149239242077 0.011741149239242077 504.06536865234375
0.011704852804541588 0.011704852804541588 507.76507568359375
0.011123953387141228 0.011123953387141228 509.668212890625
0.010673212818801403 0.010673212818801403 510.8621520996094
0.011259892955422401 0.011259892955422401 507.7816467285156
0.011053046211600304 0.011053046211600304 505.241455078125
0.011048110201954842 0.011048110201954842 508.2486267089844
0.011836480349302292 0.011836480349302292 511.69842529296875
0.011841654777526855 0.011841654777526855 508.277587890625
0.010844224132597446 0.010844224132597446 511.0458984375
0.010899246670305729 0.010899246670305729 508.6110534667969
0.011494001373648643 0.011494001373648643 506.85491943359375
0.011395493522286415 0.011395493522286415 494.3441162109375
0.010140553116798401 0.010140553116798401 511.270751953125
0.01169496402144432 0.01169496402144432 510.52099609375
0.011804452165961266 0.011804452165961266 510.83837890625
0.01097286120057106 0.01097286120057106 509.442626953125
0.011414301581680775 0.011414301581680775 506.9708251953125
0.010565884411334991 0.010565884411334991 512.2161865234375
0.010210431180894375 0.010210431180894375 510.1676330566406
0.01124383695423603 0.01124383695423603 516.4876708984375
0.011486755684018135 0.011486755684018135 515.8584594726562
0.01164577342569828 0.01164577342569828 512.6519775390625
0.010907149873673916 0.010907149873673916 514.3884887695312
0.010412746109068394 0.010412746109068394 519.1912841796875
0.01003134436905384 0.01003134436905384 511.22308349609375
0.011311734095215797 0.011311734095215797 510.98529052734375
0.011566005647182465 0.011566005647182465 510.9035949707031
0.009577278047800064 0.009577278047800064 514.5296630859375
0.01018670666962862 0.01018670666962862 520.7584838867188
0.011511558666825294 0.011511558666825294 515.808349609375
0.01046757586300373 0.01046757586300373 516.2431030273438
0.010889519937336445 0.010889519937336445 515.0567626953125
0.01056658010929823 0.01056658010929823 518.5419921875
0.010526268742978573 0.010526268742978573 513.8218994140625
0.01045817881822586 0.01045817881822586 511.1844482421875
0.010008170269429684 0.010008170269429684 508.31353759765625
0.010778618976473808 0.010778618976473808 511.3420104980469
0.010341563262045383 0.010341563262045383 513.699951171875
0.010027533397078514 0.010027533397078514 517.83203125
0.010582894086837769 0.010582894086837769 516.3572998046875
0.011920053511857986 0.011920053511857986 511.8912353515625
0.01014677993953228 0.01014677993953228 521.3631591796875
0.010427746921777725 0.010427746921777725 521.2951049804688
0.010264010168612003 0.010264010168612003 515.9957275390625
0.01096784695982933 0.01096784695982933 521.5421752929688
0.010363506153225899 0.010363506153225899 522.288330078125
0.010778136551380157 0.010778136551380157 517.0770874023438
0.010876532644033432 0.010876532644033432 516.1817626953125
0.010688659735023975 0.010688659735023975 523.0357666015625
0.010422611609101295 0.010422611609101295 522.9141845703125
0.009284894913434982 0.009284894913434982 526.4337768554688
0.009204908274114132 0.009204908274114132 527.0267944335938
0.01026982069015503 0.01026982069015503 518.6741943359375
0.010127531364560127 0.010127531364560127 511.986572265625
0.009653536602854729 0.009653536602854729 527.2352905273438
0.011695971712470055 0.011695971712470055 512.871337890625
0.00978985708206892 0.00978985708206892 515.7637939453125
0.011037599295377731 0.011037599295377731 516.187744140625
0.010449863038957119 0.010449863038957119 531.312744140625
0.010826010257005692 0.010826010257005692 521.8502197265625
0.010458146221935749 0.010458146221935749 522.7420654296875
0.011206422932446003 0.011206422932446003 525.0927734375
0.0105202067643404 0.0105202067643404 523.5762939453125
0.010112708434462547 0.010112708434462547 518.293212890625
0.010307835415005684 0.010307835415005684 524.2879028320312
0.009514031931757927 0.009514031931757927 519.6063842773438
0.01069144532084465 0.01069144532084465 518.6222534179688
0.010881561785936356 0.010881561785936356 514.4237060546875
0.010058104991912842 0.010058104991912842 520.1280517578125
0.009914429858326912 0.009914429858326912 518.4219970703125
0.010755473747849464 0.010755473747849464 523.1966552734375
0.00977437011897564 0.00977437011897564 520.252197265625
0.009768901392817497 0.009768901392817497 524.55419921875
0.010121084749698639 0.010121084749698639 521.1848754882812
0.010058954358100891 0.010058954358100891 514.6080322265625
0.010708358138799667 0.010708358138799667 526.6881103515625
0.011269262060523033 0.011269262060523033 509.71490478515625
0.009878387674689293 0.009878387674689293 524.1610717773438
0.010667473077774048 0.010667473077774048 520.227294921875
0.010132165625691414 0.010132165625691414 527.773193359375
0.010678648948669434 0.010678648948669434 520.4349365234375
0.01097489520907402 0.01097489520907402 520.029296875
0.01065804623067379 0.01065804623067379 518.9031982421875
0.009795360267162323 0.009795360267162323 521.3330078125
0.010453233495354652 0.010453233495354652 521.9345092773438
0.009864388965070248 0.009864388965070248 528.2445068359375
0.01013036910444498 0.01013036910444498 525.1481323242188
0.009400449693202972 0.009400449693202972 533.4296875
0.009106062352657318 0.009106062352657318 524.4564208984375
0.009863719344139099 0.009863719344139099 525.1776733398438
0.009757140651345253 0.009757140651345253 533.237548828125
0.010286703705787659 0.010286703705787659 529.1776123046875
0.010283475741744041 0.010283475741744041 522.3963623046875
0.010284394025802612 0.010284394025802612 529.3900756835938
0.009081555530428886 0.009081555530428886 529.0833129882812
0.010716844350099564 0.010716844350099564 521.57568359375
0.009852331131696701 0.009852331131696701 524.52978515625
0.010275392793118954 0.010275392793118954 524.8245239257812
0.010018615052103996 0.010018615052103996 525.6101684570312
0.009458648040890694 0.009458648040890694 528.0026245117188
0.009130316786468029 0.009130316786468029 534.0955810546875
0.010077421553432941 0.010077421553432941 530.0028076171875
0.00904756598174572 0.00904756598174572 527.1011962890625
0.010308023542165756 0.010308023542165756 523.286376953125
0.010073235258460045 0.010073235258460045 529.2513427734375
0.009503846988081932 0.009503846988081932 525.7830810546875
0.00935971736907959 0.00935971736907959 529.2135009765625
0.009693256579339504 0.009693256579339504 539.2254028320312
0.010495409369468689 0.010495409369468689 523.4942626953125
0.00964224711060524 0.00964224711060524 524.2176513671875
0.009796027094125748 0.009796027094125748 530.2225341796875
0.010767443105578423 0.010767443105578423 522.5081176757812
0.010326491668820381 0.010326491668820381 523.747314453125
0.00954405590891838 0.00954405590891838 526.098388671875
0.01001759059727192 0.01001759059727192 530.080322265625
0.010387055575847626 0.010387055575847626 520.616455078125
0.010468421503901482 0.010468421503901482 526.3231201171875
0.010008085519075394 0.010008085519075394 525.0086059570312
0.010331690311431885 0.010331690311431885 522.4813842773438
0.010128114372491837 0.010128114372491837 526.295654296875
0.009335914626717567 0.009335914626717567 526.388427734375
0.009553704410791397 0.009553704410791397 531.9334106445312
0.010044906288385391 0.010044906288385391 527.8265380859375
0.010073652490973473 0.010073652490973473 523.243408203125
0.009844468906521797 0.009844468906521797 525.8652954101562
0.0089191235601902 0.0089191235601902 526.09033203125
0.008892882615327835 0.008892882615327835 525.4932861328125
0.009867100045084953 0.009867100045084953 520.5477294921875
0.009340597316622734 0.009340597316622734 524.4271240234375
0.009235627949237823 0.009235627949237823 527.6317138671875
0.009252000600099564 0.009252000600099564 529.4923706054688
0.010169116780161858 0.010169116780161858 526.507568359375
0.009760286659002304 0.009760286659002304 527.5919189453125
0.009515165351331234 0.009515165351331234 531.6411743164062
0.01016266644001007 0.01016266644001007 522.8907470703125
0.009272691793739796 0.009272691793739796 529.4043579101562
0.009937798604369164 0.009937798604369164 526.9844360351562
0.009783174842596054 0.009783174842596054 529.0320434570312
0.009629594162106514 0.009629594162106514 530.5838623046875
0.009890482760965824 0.009890482760965824 533.4107666015625
0.009676177985966206 0.009676177985966206 527.0571899414062
0.010235147550702095 0.010235147550702095 516.260986328125
0.009343622252345085 0.009343622252345085 529.5291137695312
0.0100834546610713 0.0100834546610713 527.7835693359375
0.00895775482058525 0.00895775482058525 532.8566284179688
0.008891182951629162 0.008891182951629162 535.906494140625
0.010236178524792194 0.010236178524792194 525.1974487304688
0.009541177190840244 0.009541177190840244 534.4739990234375
0.00979843083769083 0.00979843083769083 534.5428466796875
0.01001997385174036 0.01001997385174036 532.6267700195312
0.008994420990347862 0.008994420990347862 535.3970336914062
0.008938111364841461 0.008938111364841461 529.888427734375
0.009030289947986603 0.009030289947986603 530.8753051757812
0.009572634473443031 0.009572634473443031 523.9783935546875
0.009287295863032341 0.009287295863032341 539.4541015625
0.01010049507021904 0.01010049507021904 538.1214599609375
0.008984103798866272 0.008984103798866272 539.1455078125
0.009333528578281403 0.009333528578281403 533.2711791992188
0.009444722905755043 0.009444722905755043 528.28857421875
0.009721899405121803 0.009721899405121803 535.7863159179688
0.0089772529900074 0.0089772529900074 539.5838623046875
0.009613532572984695 0.009613532572984695 528.5770263671875
0.008948125876486301 0.008948125876486301 534.4342041015625
0.008964166045188904 0.008964166045188904 533.2401123046875
0.00924246571958065 0.00924246571958065 530.3870849609375
0.008752215653657913 0.008752215653657913 543.529541015625
0.008598254062235355 0.008598254062235355 538.09130859375
0.009729686193168163 0.009729686193168163 540.64892578125
0.009599035605788231 0.009599035605788231 541.1744384765625
0.008651752024888992 0.008651752024888992 531.17431640625
0.008607087656855583 0.008607087656855583 541.3271484375
0.00815404299646616 0.00815404299646616 536.2974853515625
0.009103924036026001 0.009103924036026001 545.3326416015625
0.010148372501134872 0.010148372501134872 529.24560546875
0.009222440421581268 0.009222440421581268 543.5189208984375
0.009739527478814125 0.009739527478814125 530.7423706054688
0.008963719941675663 0.008963719941675663 533.9182739257812
0.008930908516049385 0.008930908516049385 539.86328125
0.008641947992146015 0.008641947992146015 538.4453125
0.00892177876085043 0.00892177876085043 531.3826904296875
0.008046785369515419 0.008046785369515419 538.0325927734375
0.009136900305747986 0.009136900305747986 530.5469360351562
0.008792013861238956 0.008792013861238956 535.3892822265625
0.009427417069673538 0.009427417069673538 535.82666015625
0.008918042294681072 0.008918042294681072 540.913818359375
0.009200295433402061 0.009200295433402061 543.9246215820312
0.00875417422503233 0.00875417422503233 533.5992431640625
0.008445479907095432 0.008445479907095432 532.93798828125
0.008707807399332523 0.008707807399332523 532.19189453125
0.009136831387877464 0.009136831387877464 539.04296875
0.009301281534135342 0.009301281534135342 538.9414672851562
0.00875797774642706 0.00875797774642706 534.87158203125
0.009565874002873898 0.009565874002873898 536.271728515625
0.009501179680228233 0.009501179680228233 539.381103515625
0.009535696357488632 0.009535696357488632 542.4776000976562
0.009728900156915188 0.009728900156915188 530.5823364257812
0.00914958119392395 0.00914958119392395 536.6123657226562
0.008311200886964798 0.008311200886964798 540.5589599609375
0.009116875007748604 0.009116875007748604 542.653564453125
0.00832960195839405 0.00832960195839405 544.6146850585938
0.008719010278582573 0.008719010278582573 541.3958129882812
0.008270022459328175 0.008270022459328175 543.3096923828125
0.008442346006631851 0.008442346006631851 540.6998291015625
0.00834276620298624 0.00834276620298624 546.8214111328125
0.009334511123597622 0.009334511123597622 543.4842529296875
0.009328214451670647 0.009328214451670647 539.9076538085938
0.008627270348370075 0.008627270348370075 539.66943359375
0.008873574435710907 0.008873574435710907 537.79345703125
0.008699104189872742 0.008699104189872742 536.7899169921875
0.00927717238664627 0.00927717238664627 543.4530639648438
0.009451804682612419 0.009451804682612419 538.8272094726562
0.008131718263030052 0.008131718263030052 540.9429931640625
0.008497761562466621 0.008497761562466621 544.93017578125
0.008611060678958893 0.008611060678958893 539.8179321289062
0.008748836815357208 0.008748836815357208 548.5137939453125
0.008956434205174446 0.008956434205174446 545.3968505859375
0.00891387090086937 0.00891387090086937 545.939453125
0.00858684815466404 0.00858684815466404 538.298583984375
0.00914908479899168 0.00914908479899168 538.2240600585938
0.008795938454568386 0.008795938454568386 548.9486083984375
0.008455082774162292 0.008455082774162292 540.64990234375
0.008969040587544441 0.008969040587544441 543.5993041992188
0.008540196344256401 0.008540196344256401 548.144287109375
0.009692804887890816 0.009692804887890816 545.0372314453125
0.009128297679126263 0.009128297679126263 550.6141357421875
0.008557097986340523 0.008557097986340523 544.1717529296875
0.008950810879468918 0.008950810879468918 545.3546752929688
0.00847176369279623 0.00847176369279623 552.5540161132812
0.008274182677268982 0.008274182677268982 549.7076416015625
0.00833782460540533 0.00833782460540533 543.953369140625
0.008623178116977215 0.008623178116977215 551.786865234375
0.008517568930983543 0.008517568930983543 544.7061767578125
0.008848162367939949 0.008848162367939949 536.5673217773438
0.009182160720229149 0.009182160720229149 538.9815673828125
0.008955197408795357 0.008955197408795357 540.7714233398438
0.008073700591921806 0.008073700591921806 547.9537353515625
0.0089389868080616 0.0089389868080616 550.12255859375
0.008948302827775478 0.008948302827775478 555.8015747070312
0.009694410488009453 0.009694410488009453 544.7996215820312
0.008520142175257206 0.008520142175257206 547.4288940429688
0.008804081939160824 0.008804081939160824 547.4680786132812
0.008364559151232243 0.008364559151232243 549.796142578125
0.008243073709309101 0.008243073709309101 542.8273315429688
0.008303429931402206 0.008303429931402206 543.4805908203125
0.0074287597090005875 0.0074287597090005875 545.10791015625
0.008868387900292873 0.008868387900292873 545.3538818359375
0.009311733767390251 0.009311733767390251 543.6766357421875
0.008221223019063473 0.008221223019063473 549.346923828125
0.008808651939034462 0.008808651939034462 545.141845703125
0.007814958691596985 0.007814958691596985 549.7511596679688
0.0077784014865756035 0.0077784014865756035 538.152099609375
0.0075568463653326035 0.0075568463653326035 553.8831787109375
0.00856596790254116 0.00856596790254116 546.427001953125
0.008524315431714058 0.008524315431714058 552.0213623046875
0.007476707920432091 0.007476707920432091 550.7442626953125
0.00905345007777214 0.00905345007777214 553.214599609375
0.00795714184641838 0.00795714184641838 556.8658447265625
0.008471197448670864 0.008471197448670864 552.0814819335938
0.008669761940836906 0.008669761940836906 549.6375732421875
0.008441969752311707 0.008441969752311707 548.8229370117188
0.007950175553560257 0.007950175553560257 549.557861328125
0.00834767334163189 0.00834767334163189 550.4595947265625
0.008953306823968887 0.008953306823968887 547.6431884765625
0.008887460455298424 0.008887460455298424 544.969970703125
0.00810978002846241 0.00810978002846241 551.867431640625
0.0074973339214921 0.0074973339214921 552.232666015625
0.007799684070050716 0.007799684070050716 546.8228149414062
0.00919638853520155 0.00919638853520155 548.4334716796875
0.00841313973069191 0.00841313973069191 550.4247436523438
0.0076619405299425125 0.0076619405299425125 548.3389282226562
0.008272158913314342 0.008272158913314342 547.8302001953125
0.00853903591632843 0.00853903591632843 555.1766357421875
0.007374887354671955 0.007374887354671955 557.259033203125
0.007822658866643906 0.007822658866643906 552.80029296875
0.007811239920556545 0.007811239920556545 551.1506958007812
0.007899266667664051 0.007899266667664051 547.8995971679688
0.008547727949917316 0.008547727949917316 553.58056640625
0.00934572797268629 0.00934572797268629 546.06591796875
0.0076048290356993675 0.0076048290356993675 554.201416015625
0.007582558318972588 0.007582558318972588 552.2494506835938
0.007842054590582848 0.007842054590582848 550.8961181640625
0.007904823869466782 0.007904823869466782 553.8001708984375
0.008122913539409637 0.008122913539409637 554.8643798828125
0.008003040216863155 0.008003040216863155 559.568359375
0.00863865576684475 0.00863865576684475 553.684326171875
0.0078051453456282616 0.0078051453456282616 556.7664794921875
0.007735016755759716 0.007735016755759716 557.4324951171875
0.00741167226806283 0.00741167226806283 558.081298828125
0.00795338861644268 0.00795338861644268 562.2552490234375
0.0086603332310915 0.0086603332310915 556.1817626953125
0.007866203784942627 0.007866203784942627 553.3759765625
0.008362531661987305 0.008362531661987305 558.4229736328125
0.008301027119159698 0.008301027119159698 555.3275756835938
0.007769906893372536 0.007769906893372536 556.0300903320312
0.008401758968830109 0.008401758968830109 548.4654541015625
0.007981128059327602 0.007981128059327602 558.193603515625
0.007956664077937603 0.007956664077937603 551.5721435546875
0.008463244885206223 0.008463244885206223 552.6051635742188
0.008110275492072105 0.008110275492072105 554.4642333984375
0.007706833072006702 0.007706833072006702 556.087158203125
0.008744178339838982 0.008744178339838982 552.879638671875
0.008318012580275536 0.008318012580275536 559.8954467773438
0.007171700708568096 0.007171700708568096 559.536865234375
0.008781516924500465 0.008781516924500465 552.42138671875
0.008523086085915565 0.008523086085915565 554.8992309570312
0.00789608620107174 0.00789608620107174 554.7047119140625
0.007438800297677517 0.007438800297677517 559.5582275390625
0.008180655539035797 0.008180655539035797 557.7593994140625
0.007863395847380161 0.007863395847380161 559.84521484375
0.00790824182331562 0.00790824182331562 556.4005126953125
0.008109421469271183 0.008109421469271183 555.9382934570312
0.008200617507100105 0.008200617507100105 555.7268676757812
0.00775438267737627 0.00775438267737627 562.08203125
0.007868021726608276 0.007868021726608276 555.6014404296875
0.008160063996911049 0.008160063996911049 555.1128540039062
0.007889587432146072 0.007889587432146072 557.6380615234375
0.007149537559598684 0.007149537559598684 561.5022583007812
0.008332973346114159 0.008332973346114159 567.2142333984375
0.007924273610115051 0.007924273610115051 565.0087280273438
0.007337846793234348 0.007337846793234348 559.3348388671875
0.007987072691321373 0.007987072691321373 566.591552734375
0.007475291844457388 0.007475291844457388 565.5093994140625
0.008835195563733578 0.008835195563733578 553.3761596679688
0.007882323116064072 0.007882323116064072 558.1917114257812
0.007782683242112398 0.007782683242112398 560.066650390625
0.0077599636279046535 0.0077599636279046535 559.397705078125
0.007348870858550072 0.007348870858550072 560.4114990234375
0.007806641981005669 0.007806641981005669 555.6119995117188
0.007820555940270424 0.007820555940270424 553.9962768554688
0.007704000920057297 0.007704000920057297 557.3687744140625
0.008123267441987991 0.008123267441987991 558.114501953125
0.008327346295118332 0.008327346295118332 560.43994140625
0.0074683562852442265 0.0074683562852442265 555.7396240234375
0.00800724234431982 0.00800724234431982 560.67333984375
0.008295130915939808 0.008295130915939808 558.96484375
0.007079115137457848 0.007079115137457848 559.3993530273438
0.008511731401085854 0.008511731401085854 566.9085083007812
0.00798746943473816 0.00798746943473816 559.5674438476562
0.007537919096648693 0.007537919096648693 559.525146484375
0.00782057736068964 0.00782057736068964 560.8838500976562
0.008297149091959 0.008297149091959 553.8541870117188
0.007011448964476585 0.007011448964476585 564.465576171875
0.008256773464381695 0.008256773464381695 562.6910400390625
0.008231895975768566 0.008231895975768566 556.0645751953125
0.007540319114923477 0.007540319114923477 560.8802490234375
0.00761240441352129 0.00761240441352129 571.0914306640625
0.00789711344987154 0.00789711344987154 564.05126953125
0.007021189201623201 0.007021189201623201 568.271728515625
0.007863732986152172 0.007863732986152172 563.16162109375
0.0077638933435082436 0.0077638933435082436 567.0944213867188
0.00758626451715827 0.00758626451715827 559.3445434570312
0.007320599164813757 0.007320599164813757 562.1719970703125
0.0077540138736367226 0.0077540138736367226 562.2235107421875
0.007922524586319923 0.007922524586319923 567.8175048828125
0.007854664698243141 0.007854664698243141 559.2614135742188
0.007544167805463076 0.007544167805463076 573.7723388671875
0.007368525490164757 0.007368525490164757 564.1644287109375
0.00814951304346323 0.00814951304346323 559.613525390625
0.00856449268758297 0.00856449268758297 567.548095703125
0.007790122181177139 0.007790122181177139 568.604736328125
0.007726476527750492 0.007726476527750492 566.154541015625
0.008043685927987099 0.008043685927987099 559.6275024414062
0.007781577296555042 0.007781577296555042 563.0584106445312
0.007055795751512051 0.007055795751512051 567.6381225585938
0.007415414787828922 0.007415414787828922 556.7503051757812
0.007892445661127567 0.007892445661127567 560.4791870117188
0.007464752532541752 0.007464752532541752 567.1251220703125
0.006751696113497019 0.006751696113497019 567.8569946289062
0.007178092375397682 0.007178092375397682 567.1627197265625
0.007659820839762688 0.007659820839762688 559.2479248046875
0.0074602700769901276 0.0074602700769901276 566.2003173828125
0.007475756574422121 0.007475756574422121 568.126220703125
0.0075928522273898125 0.0075928522273898125 556.8031005859375
0.007450114469975233 0.007450114469975233 559.125244140625
0.006901179440319538 0.006901179440319538 566.48095703125
0.008333537727594376 0.008333537727594376 556.0741577148438
0.007342949975281954 0.007342949975281954 566.2461547851562
0.007646816782653332 0.007646816782653332 565.2945556640625
0.007833575829863548 0.007833575829863548 552.620361328125
0.007560223340988159 0.007560223340988159 567.1357421875
0.007715319283306599 0.007715319283306599 558.3475341796875
0.007815995253622532 0.007815995253622532 562.3807373046875
0.0077893901616334915 0.0077893901616334915 562.1192626953125
0.007630699314177036 0.007630699314177036 563.5626220703125
0.007618625648319721 0.007618625648319721 571.0686645507812
0.007168852724134922 0.007168852724134922 574.365966796875
0.007462332025170326 0.007462332025170326 565.8271484375
0.006883809342980385 0.006883809342980385 576.32666015625
0.007378578186035156 0.007378578186035156 564.28759765625
0.007643861696124077 0.007643861696124077 572.8507690429688
0.007566168904304504 0.007566168904304504 569.0748901367188
0.007302660960704088 0.007302660960704088 576.4603881835938
0.007147197611629963 0.007147197611629963 575.7236938476562
0.0072357309982180595 0.0072357309982180595 569.17919921875
0.006963939405977726 0.006963939405977726 565.8084716796875
0.007820209488272667 0.007820209488272667 560.2365112304688
0.006776688154786825 0.006776688154786825 566.76318359375
0.007101892493665218 0.007101892493665218 564.0021362304688
0.007158677093684673 0.007158677093684673 577.4781494140625
0.007189724128693342 0.007189724128693342 569.959228515625
0.007648199796676636 0.007648199796676636 562.2896118164062
0.007027548272162676 0.007027548272162676 572.8673095703125
0.007123658899217844 0.007123658899217844 567.95947265625
0.008038302883505821 0.008038302883505821 576.355224609375
0.007280559279024601 0.007280559279024601 570.0845947265625
0.007390660233795643 0.007390660233795643 558.0379638671875
0.006554241292178631 0.006554241292178631 576.6996459960938
0.0078258216381073 0.0078258216381073 574.440673828125
0.007277732715010643 0.007277732715010643 573.7607421875
0.007201979868113995 0.007201979868113995 574.04541015625
0.007184112444519997 0.007184112444519997 569.5498657226562
0.0070412601344287395 0.0070412601344287395 576.7925415039062
0.007279234007000923 0.007279234007000923 576.1211547851562
0.007670002989470959 0.007670002989470959 569.311767578125
0.006693099159747362 0.006693099159747362 571.5660400390625
0.007938090711832047 0.007938090711832047 570.4835815429688
0.00683862529695034 0.00683862529695034 563.06396484375
0.007124410010874271 0.007124410010874271 571.5068969726562
0.006856697145849466 0.006856697145849466 571.0088500976562
0.006740341894328594 0.006740341894328594 574.6843872070312
0.007731502875685692 0.007731502875685692 569.6888427734375
0.006649582646787167 0.006649582646787167 563.6202392578125
