0.1871567964553833 0.18698854744434357 3.3648581504821777
0.17585402727127075 0.17566606402397156 3.7592854499816895
0.1662212759256363 0.1659957319498062 4.510997772216797
0.163061261177063 0.16277597844600677 5.705746650695801
0.15638019144535065 0.15602687001228333 7.066362380981445
0.14339092373847961 0.14294429123401642 8.932708740234375
0.1395818591117859 0.13900643587112427 11.508485794067383
0.13386119902133942 0.1331803798675537 13.61631965637207
0.12632544338703156 0.12549927830696106 16.523372650146484
0.1197151318192482 0.11872293055057526 19.844022750854492
0.11863759905099869 0.11745154857635498 23.72100067138672
0.11322150379419327 0.11179729551076889 28.48411750793457
0.09840492904186249 0.0967559665441513 32.97930145263672
0.0972578153014183 0.09537037461996078 37.74883270263672
0.09174787253141403 0.08951742947101593 44.608795166015625
0.08741075545549393 0.08491506427526474 49.913848876953125
0.08098029345273972 0.07825489342212677 54.50794982910156
0.0802997499704361 0.07723888754844666 61.21726608276367
0.07453759014606476 0.07113032042980194 68.14541625976562
0.07392655313014984 0.07025179266929626 73.49527740478516
0.06988953053951263 0.06597686558961868 78.2532958984375
0.06823738664388657 0.06407434493303299 83.26080322265625
0.06666078418493271 0.06227421015501022 87.73149108886719
0.06472718715667725 0.06007903069257736 92.96305847167969
0.06420224905014038 0.05941006541252136 95.84368133544922
0.06269174069166183 0.05771397799253464 99.55525207519531
0.06297601759433746 0.05795695632696152 100.38121032714844
0.06356092542409897 0.05824589356780052 106.30070495605469
0.06287438422441483 0.05749443918466568 107.59884643554688
0.06389035284519196 0.058345869183540344 110.88964080810547
0.0618344321846962 0.056370045989751816 109.28768920898438
0.05923476070165634 0.05360456183552742 112.60401153564453
0.06276369839906693 0.05717610940337181 111.7518310546875
0.056883927434682846 0.05137363076210022 110.20594787597656
0.05914211645722389 0.05357006937265396 111.44091796875
0.05733586475253105 0.051906220614910126 108.59285736083984
0.060322050005197525 0.05492056906223297 108.02959442138672
0.059198472648859024 0.05382831394672394 107.40316772460938
0.05579349398612976 0.05058716982603073 104.12648010253906
0.05936305224895477 0.05428536608815193 101.5537109375
0.05736391246318817 0.05226964130997658 101.88546752929688
0.05402181297540665 0.049190811812877655 96.61998748779297
0.054809365421533585 0.04995500296354294 97.08724975585938
0.054857417941093445 0.05016627162694931 93.82289123535156
0.05516410619020462 0.050622545182704926 90.83120727539062
0.05456911027431488 0.05021313577890396 87.1195068359375
0.05338120460510254 0.049115292727947235 85.31820678710938
0.05494473874568939 0.050661638379096985 85.6619873046875
0.05432840809226036 0.05014951154589653 83.57791900634766
0.0543498657643795 0.05034451186656952 80.10710906982422
0.05732101574540138 0.053354911506175995 79.32208251953125
0.053631749004125595 0.049823448061943054 76.1660385131836
0.05016268417239189 0.04651554301381111 72.94280242919922
0.05272998288273811 0.04912583529949188 72.08293151855469
0.052036136388778687 0.04848813638091087 70.95999145507812
0.0571383498609066 0.05371014401316643 68.56410217285156
0.05244598165154457 0.04908256232738495 67.26835632324219
0.050506092607975006 0.04724251106381416 65.27166748046875
0.05168360099196434 0.04844029247760773 64.86614990234375
0.05299403890967369 0.049798425287008286 63.912269592285156
0.050015103071928024 0.04684901982545853 63.3216438293457
0.04957221820950508 0.04649597406387329 61.52489471435547
0.05110468715429306 0.04804462939500809 61.2011604309082
0.050296664237976074 0.04722535237669945 61.426239013671875
0.04916112497448921 0.04612167924642563 60.78889465332031
0.05204017832875252 0.049054332077503204 59.716922760009766
0.05140548199415207 0.048455610871315 58.997432708740234
0.04716124385595322 0.04417487978935242 59.72730255126953
0.05072110518813133 0.047774337232112885 58.93537521362305
0.04963991045951843 0.04669385403394699 58.92115783691406
0.05107562988996506 0.04804650694131851 60.582496643066406
0.051895398646593094 0.048866044729948044 60.58709716796875
0.048791177570819855 0.0458146408200264 59.530738830566406
0.04982634633779526 0.04681715369224548 60.18385696411133
0.04953128471970558 0.04650082066655159 60.60930252075195
0.04888639971613884 0.04587514325976372 60.22515869140625
0.048163991421461105 0.04511934891343117 60.89282989501953
0.04673455283045769 0.04371005296707153 60.49000549316406
0.04924367368221283 0.04622519761323929 60.36956024169922
0.05163686349987984 0.04861629009246826 60.41144561767578
0.0506431870162487 0.04761439561843872 60.5758056640625
0.04769487679004669 0.044697925448417664 59.938995361328125
0.047035180032253265 0.04400040954351425 60.695396423339844
0.048522282391786575 0.045475251972675323 60.940589904785156
0.04979023337364197 0.04673578217625618 61.08905792236328
0.05026202276349068 0.04723747819662094 60.49087142944336
0.047128379344940186 0.04410561919212341 60.45517349243164
0.04889551177620888 0.04584638774394989 60.98245620727539
0.04648543894290924 0.04346546158194542 60.39952087402344
0.046363331377506256 0.04338720068335533 59.52259826660156
0.04593643918633461 0.0429411306977272 59.90617752075195
0.048200126737356186 0.04519294202327728 60.14366149902344
0.04782041534781456 0.044795021414756775 60.50790786743164
0.046365074813365936 0.043336234986782074 60.576812744140625
0.04748828709125519 0.044447965919971466 60.80644989013672
0.04833650588989258 0.045291878283023834 60.892581939697266
0.04540957137942314 0.04239410161972046 60.30940246582031
0.0447876937687397 0.041747987270355225 60.794097900390625
0.046769000589847565 0.04377426952123642 59.89461898803711
0.04619262367486954 0.04317031055688858 60.446292877197266
0.045354779809713364 0.04238700494170189 59.35547637939453
0.045543257147073746 0.04258289188146591 59.20732116699219
0.04586053639650345 0.04286719858646393 59.86677932739258
0.046522919088602066 0.043539296835660934 59.672462463378906
0.04691203683614731 0.04386264085769653 60.98789978027344
0.04529028385877609 0.04224492609500885 60.90712356567383
0.046237971633672714 0.0432034470140934 60.690460205078125
0.04340185597538948 0.040372125804424286 60.59458923339844
0.04573472589254379 0.042690813541412354 60.87822723388672
0.0439821258187294 0.04092678800225258 61.10675811767578
0.0433415062725544 0.04030510038137436 60.728145599365234
0.045127879828214645 0.04204189032316208 61.719757080078125
0.044787824153900146 0.04175012558698654 60.75396728515625
0.04551800340414047 0.04253651946783066 59.62968444824219
0.044053833931684494 0.04103850945830345 60.3065185546875
0.04284753277897835 0.03980798274278641 60.79100036621094
0.04230634868144989 0.039262961596250534 60.86772918701172
0.04103435203433037 0.03800860047340393 60.51500701904297
0.042400456964969635 0.0393662303686142 60.68450927734375
0.04310068488121033 0.040109388530254364 59.825897216796875
0.04448222741484642 0.041456907987594604 60.506378173828125
0.041112665086984634 0.03811098262667656 60.03366470336914
0.04130498692393303 0.0382678247988224 60.74320983886719
0.04098547622561455 0.03799569234251976 59.795677185058594
0.04342741519212723 0.04044729471206665 59.6024169921875
0.04554061219096184 0.04255524277687073 59.70738983154297
0.04061431810259819 0.037656381726264954 59.15873336791992
0.042429614812135696 0.03944341838359833 59.72394561767578
0.04270150139927864 0.039683371782302856 60.362571716308594
0.041799843311309814 0.03879810497164726 60.03473663330078
0.0405128039419651 0.03755068778991699 59.2423095703125
0.03943733498454094 0.03640641272068024 60.61845397949219
0.03958064690232277 0.03656352311372757 60.34244918823242
0.040592633187770844 0.03757210448384285 60.410579681396484
0.04023030400276184 0.0372127965092659 60.35015106201172
0.03974057361483574 0.03669670969247818 60.87725067138672
0.04078451171517372 0.03779517486691475 59.78673553466797
0.038659509271383286 0.03566420078277588 59.90617752075195
0.03950786218047142 0.0365450344979763 59.25654602050781
0.038510680198669434 0.03553599491715431 59.49372863769531
0.037472452968358994 0.03444958105683327 60.45745086669922
0.03772640973329544 0.034722380340099335 60.08060836791992
0.03897804021835327 0.036000803112983704 59.54472351074219
0.03747718036174774 0.034482166171073914 59.90031051635742
0.037408918142318726 0.034408703446388245 60.00431442260742
0.03981420397758484 0.03684454411268234 59.3931770324707
0.03847934305667877 0.03545272722840309 60.532344818115234
0.03960716351866722 0.03659480810165405 60.24709701538086
0.036078259348869324 0.03304188698530197 60.72748565673828
0.0400167852640152 0.036998964846134186 60.35639572143555
0.03849954158067703 0.03547666221857071 60.457618713378906
0.038578879088163376 0.03553793579339981 60.818851470947266
0.03936423733830452 0.036342304199934006 60.43867874145508
0.03879065439105034 0.03575310856103897 60.750946044921875
0.03568359091877937 0.03263454511761665 60.98094940185547
0.038205835968256 0.035202302038669586 60.07069778442383
0.03925907239317894 0.03624923899769783 60.19666290283203
0.0390455462038517 0.03605704754590988 59.76995849609375
0.03704209253191948 0.033990390598773956 61.034061431884766
0.03726065158843994 0.0342344231903553 60.524593353271484
0.03884120285511017 0.035850055515766144 59.82292175292969
0.03595000505447388 0.03291194140911102 60.76129913330078
0.037132613360881805 0.03410736843943596 60.5048713684082
0.03817327693104744 0.03513523191213608 60.76091003417969
0.03414908051490784 0.031089648604393005 61.188602447509766
0.036506932228803635 0.033484116196632385 60.45629119873047
0.03539474308490753 0.03233180567622185 61.258766174316406
0.03572100028395653 0.03266539052128792 61.11216735839844
0.03527434915304184 0.032171107828617096 62.06486511230469
0.035224176943302155 0.032156702131032944 61.34947967529297
0.035602547228336334 0.032508619129657745 61.878562927246094
0.03464348614215851 0.03159517049789429 60.966304779052734
0.0358501598238945 0.03274296224117279 62.14396667480469
0.03640463948249817 0.03328166902065277 62.45943069458008
0.03411021828651428 0.031023157760500908 61.7412109375
0.03332890570163727 0.030262544751167297 61.327247619628906
0.0346992164850235 0.031617507338523865 61.634159088134766
0.034716762602329254 0.0316501185297966 61.332916259765625
0.03346671536564827 0.030371610075235367 61.902130126953125
0.03560122475028038 0.032513827085494995 61.74793243408203
0.03319702669978142 0.030099375173449516 61.95305633544922
0.03468964993953705 0.03165755793452263 60.64187240600586
0.03538254275918007 0.03227068483829498 62.23714828491211
0.03447677567601204 0.03134362772107124 62.662940979003906
0.03475227579474449 0.03163349628448486 62.3756103515625
0.036242738366127014 0.033132124692201614 62.212284088134766
0.03493364155292511 0.03182116523385048 62.24956512451172
0.03312775865197182 0.030046800151467323 61.619163513183594
0.031565774232149124 0.028457246720790863 62.1705322265625
0.03207342326641083 0.029033541679382324 60.79766082763672
0.035455137491226196 0.03238045424222946 61.493690490722656
0.03498702496290207 0.03192450478672981 61.250404357910156
0.03306051343679428 0.030014118179678917 60.92790222167969
0.03132043033838272 0.02818836271762848 62.6413688659668
0.031120356172323227 0.027993526309728622 62.53661346435547
0.034673187881708145 0.03153479844331741 62.76777648925781
0.0319676399230957 0.02884596213698387 62.433555603027344
0.031234120950102806 0.028045032173395157 63.781768798828125
0.033500876277685165 0.03037944994866848 62.42854690551758
0.0315651074051857 0.028412912040948868 63.04389190673828
0.03317243233323097 0.03000393509864807 63.36992645263672
0.03286714106798172 0.02974407747387886 62.46125030517578
0.032192494720220566 0.029125453904271126 61.34081268310547
0.033400315791368484 0.030292585492134094 62.15462875366211
0.03200644254684448 0.02891652286052704 61.798431396484375
0.031263384968042374 0.02813652902841568 62.537139892578125
0.03328515961766243 0.030227653682231903 61.15010452270508
0.03250007703900337 0.02943219617009163 61.357627868652344
0.03132114186882973 0.028209257870912552 62.23765182495117
0.03130822628736496 0.028207525610923767 62.0140380859375
0.0301839467138052 0.027074838057160378 62.18218231201172
0.03190760314464569 0.028786972165107727 62.41265106201172
0.030403418466448784 0.027262449264526367 62.819374084472656
0.03201436996459961 0.028903160244226456 62.224220275878906
0.03071761131286621 0.027570510283112526 62.9420280456543
0.033017028123140335 0.029861414805054665 63.112281799316406
0.031103242188692093 0.02797767147421837 62.51142501831055
0.031644683331251144 0.028480224311351776 63.289207458496094
0.030432986095547676 0.027304131537675858 62.57710647583008
0.029672857373952866 0.026541590690612793 62.62535095214844
0.03124561533331871 0.028124485164880753 62.42261505126953
0.031659211963415146 0.028538279235363007 62.418663024902344
0.030811402946710587 0.027705028653144836 62.12746810913086
0.030231647193431854 0.027114279568195343 62.347354888916016
0.03263399377465248 0.02953166514635086 62.04659652709961
0.030508212745189667 0.027400296181440353 62.1583137512207
0.030502550303936005 0.027373045682907104 62.59008026123047
0.027822209522128105 0.024651970714330673 63.404788970947266
0.028680654242634773 0.025540603324770927 62.80101013183594
0.029697315767407417 0.02655958943068981 62.7545166015625
0.02994304709136486 0.02673087827861309 64.24336242675781
0.03126641362905502 0.02810763195157051 63.175621032714844
0.028312213718891144 0.025189129635691643 62.46168518066406
0.031245362013578415 0.02809351682662964 63.03691101074219
0.031073791906237602 0.027970515191555023 62.065521240234375
0.030482321977615356 0.02730850875377655 63.47624969482422
0.030670123174786568 0.027500394731760025 63.39458084106445
0.02857886627316475 0.025420233607292175 63.172664642333984
0.029418328776955605 0.026272859424352646 62.90937805175781
0.028638746589422226 0.0254199355840683 64.37623596191406
0.029535284265875816 0.02637198381125927 63.26601791381836
0.028433669358491898 0.02524023875594139 63.86860656738281
0.03111252933740616 0.027895256876945496 64.345458984375
0.03077751025557518 0.027555670589208603 64.43677520751953
0.029689164832234383 0.02646671235561371 64.44906616210938
0.02856488898396492 0.025417430326342583 62.94915771484375
0.028616230934858322 0.025400947779417038 64.3056640625
0.026895079761743546 0.02369646541774273 63.9722785949707
0.02934904210269451 0.02614757791161537 64.029296875
0.028070546686649323 0.02490873634815216 63.23621368408203
0.026971524581313133 0.023786935955286026 63.69178009033203
0.028396496549248695 0.025228966027498245 63.3505973815918
0.02784378081560135 0.024678384885191917 63.30791473388672
0.027934271842241287 0.024737339466810226 63.938655853271484
0.029058147221803665 0.025893449783325195 63.2939453125
0.027801351621747017 0.024625558406114578 63.5158805847168
0.028968172147870064 0.02578192763030529 63.724876403808594
0.027750853449106216 0.02456999011337757 63.61724853515625
0.02753560058772564 0.024363156408071518 63.448890686035156
0.026815878227353096 0.023636413738131523 63.58930587768555
0.02914036251604557 0.025954725220799446 63.71275329589844
0.02744170092046261 0.024244112893939018 63.95177459716797
0.026818016543984413 0.023618748411536217 63.985374450683594
0.02861202508211136 0.025432538241147995 63.58973693847656
0.029269462451338768 0.02608778513967991 63.63356018066406
0.028130732476711273 0.02490859106183052 64.44281768798828
0.027225496247410774 0.02399839460849762 64.54202270507812
0.028182806447148323 0.024982774630188942 64.0006332397461
0.026737118139863014 0.023553527891635895 63.67180633544922
0.027133451774716377 0.023931488394737244 64.03925323486328
0.02843148075044155 0.02521074190735817 64.4147720336914
0.028407834470272064 0.02524588257074356 63.23904800415039
0.028508828952908516 0.02532394975423813 63.697574615478516
0.02747722715139389 0.024280741810798645 63.92969512939453
0.027254832908511162 0.02405964396893978 63.90378952026367
0.027933426201343536 0.024765830487012863 63.35190963745117
0.028377901762723923 0.025206875056028366 63.420528411865234
0.028518209233880043 0.025362560525536537 63.11297607421875
0.02838023751974106 0.025188852101564407 63.82771301269531
0.027697918936610222 0.024520020931959152 63.55796432495117
0.02713574469089508 0.023938262835144997 63.94963836669922
0.027640366926789284 0.02441304922103882 64.54637145996094
0.02788149006664753 0.02465854398906231 64.45890808105469
0.02682027779519558 0.02358168736100197 64.77182006835938
0.028609737753868103 0.025404956191778183 64.09562683105469
0.027083301916718483 0.02385890856385231 64.48785400390625
0.026836974546313286 0.023592887446284294 64.88174438476562
0.027190707623958588 0.02397768944501877 64.2603759765625
0.027037525549530983 0.023799985647201538 64.75080871582031
0.026163781061768532 0.022936547175049782 64.54468536376953
0.026341622695326805 0.023139670491218567 64.03903198242188
0.027812348678708076 0.024587716907262802 64.4926528930664
0.026788782328367233 0.02361791580915451 63.417320251464844
0.02467966265976429 0.02150280401110649 63.537166595458984
0.026228010654449463 0.02304231747984886 63.7138671875
0.0275003332644701 0.02426530234515667 64.70063018798828
0.02715943567454815 0.02395365759730339 64.11555480957031
0.0281011201441288 0.02488883212208748 64.24575805664062
0.02658245526254177 0.023357026278972626 64.50857543945312
0.027099736034870148 0.023872949182987213 64.53573608398438
0.027057021856307983 0.023823201656341553 64.67642211914062
0.02610013447701931 0.0228896401822567 64.20987701416016
0.025020472705364227 0.021790212020277977 64.60520935058594
0.025185488164424896 0.021921571344137192 65.27835845947266
0.026162095367908478 0.022960396483540535 64.03396606445312
0.026110367849469185 0.022902406752109528 64.15921020507812
0.026605531573295593 0.023381371051073074 64.48321533203125
0.026619363576173782 0.0234239399433136 63.908470153808594
0.025666968896985054 0.022445255890488625 64.43424987792969
0.026208173483610153 0.02299540303647518 64.25540161132812
0.02433328703045845 0.021125368773937225 64.15838623046875
0.02493678592145443 0.02175402082502842 63.65529251098633
0.025641033425927162 0.022407762706279755 64.66542053222656
0.025956235826015472 0.022722970694303513 64.6653060913086
0.02677866630256176 0.023559872061014175 64.3758773803711
0.025675076991319656 0.022438084706664085 64.73983764648438
0.02481301873922348 0.021557290107011795 65.11455535888672
0.025674311444163322 0.02244921401143074 64.501953125
0.024776918813586235 0.021573511883616447 64.06815338134766
0.025587040930986404 0.02234179526567459 64.90492248535156
0.025066783651709557 0.02189701609313488 63.39534378051758
0.024872103706002235 0.021682102233171463 63.800018310546875
0.025981202721595764 0.022810334339737892 63.41736602783203
0.02443857677280903 0.02123326063156128 64.10633087158203
0.026106996461749077 0.022878937423229218 64.56118774414062
0.023810042068362236 0.0206209197640419 63.78245544433594
0.024591602385044098 0.021407335996627808 63.68532943725586
0.02492339350283146 0.0217231847345829 64.00416564941406
0.02643711492419243 0.023207206279039383 64.59815979003906
0.02587592601776123 0.022626403719186783 64.99044799804688
0.024635417386889458 0.021428631618618965 64.13572692871094
0.02556641772389412 0.02233847603201866 64.558837890625
0.02568833902478218 0.0225084125995636 63.59853744506836
0.024086836725473404 0.02089696377515793 63.79747772216797
0.024627652019262314 0.02143663540482521 63.82033920288086
0.024126941338181496 0.020887143909931183 64.79595947265625
0.022997625172138214 0.019768647849559784 64.57955932617188
0.024484800174832344 0.021224867552518845 65.19863891601562
0.02552647888660431 0.022278685122728348 64.95588684082031
0.023975901305675507 0.020715583115816116 65.20638275146484
0.023945853114128113 0.020704183727502823 64.83338165283203
0.025075621902942657 0.021847151219844818 64.5694351196289
0.024443412199616432 0.021197278052568436 64.92269897460938
0.025149602442979813 0.021923910826444626 64.51382446289062
0.025488844141364098 0.02225392311811447 64.69843292236328
0.023437006399035454 0.020227789878845215 64.18434143066406
0.023560239002108574 0.020356807857751846 64.0686264038086
0.023903289809823036 0.02067800797522068 64.50564575195312
0.02430330216884613 0.021086513996124268 64.33578491210938
0.023952005431056023 0.020761942490935326 63.8012580871582
0.025883255526423454 0.022651908919215202 64.62694549560547
0.026674674823880196 0.023454392328858376 64.40565490722656
0.02347317896783352 0.02024928107857704 64.47795104980469
0.02403285913169384 0.020811570808291435 64.42576599121094
0.023595940321683884 0.020366443321108818 64.58993530273438
0.0247275959700346 0.021474789828062057 65.05613708496094
0.02490203268826008 0.021665332838892937 64.7340087890625
0.023775657638907433 0.02056802622973919 64.15263366699219
0.024031125009059906 0.020814310759305954 64.3363037109375
0.02252301760017872 0.019287025555968285 64.71983337402344
0.023828689008951187 0.02059202827513218 64.73320007324219
0.023491648957133293 0.02024480327963829 64.93692779541016
0.02573515474796295 0.0224590040743351 65.52300262451172
0.024245107546448708 0.02098352275788784 65.231689453125
0.024052273482084274 0.020794671028852463 65.15206146240234
0.022921564057469368 0.019654661417007446 65.33806610107422
0.023748032748699188 0.02048359252512455 65.28882598876953
0.02452898770570755 0.021280549466609955 64.96875
0.023699400946497917 0.02044055238366127 65.17696380615234
0.023565756157040596 0.020307276397943497 65.16959381103516
0.024081042036414146 0.020838245749473572 64.85592651367188
0.022575559094548225 0.019351746886968613 64.47624206542969
0.022497976198792458 0.019246269017457962 65.03414916992188
0.022172080352902412 0.018929308280348778 64.85543823242188
0.023087160661816597 0.019833222031593323 65.07878112792969
0.022630061954259872 0.0193704254925251 65.19271087646484
0.02310626395046711 0.019866755232214928 64.79019165039062
0.0235852412879467 0.02034755051136017 64.7538070678711
0.02407987229526043 0.0208074189722538 65.44908142089844
0.024153897538781166 0.020900024101138115 65.07746887207031
0.022438829764723778 0.019159389659762383 65.58879089355469
0.02443092316389084 0.02116706222295761 65.2772216796875
0.02408740669488907 0.02081664279103279 65.41529846191406
0.022008128464221954 0.018764618784189224 64.87019348144531
0.02336134761571884 0.02009790763258934 65.26880645751953
0.022717351093888283 0.019490113481879234 64.54476928710938
0.022831086069345474 0.019587496295571327 64.87178039550781
0.021653424948453903 0.018447905778884888 64.11036682128906
0.02161329798400402 0.018368646502494812 64.8930435180664
0.022732537239789963 0.019497541710734367 64.69990539550781
0.023169152438640594 0.019938431680202484 64.61441802978516
0.02421645075082779 0.020962707698345184 65.07486724853516
0.023179367184638977 0.019916530698537827 65.2567367553711
0.022105727344751358 0.018855739384889603 64.99974822998047
0.02216426469385624 0.018924735486507416 64.79059600830078
0.022116564214229584 0.018828529864549637 65.76067352294922
0.022982515394687653 0.01972208172082901 65.20869445800781
0.022824734449386597 0.019568756222724915 65.11957550048828
0.021009536460042 0.017763212323188782 64.92648315429688
0.023405296728014946 0.02015017345547676 65.10247039794922
0.02067132480442524 0.017462026327848434 64.18597412109375
0.02313675731420517 0.019872579723596573 65.28355407714844
0.022076290100812912 0.01883518323302269 64.82212829589844
0.022473160177469254 0.019213706254959106 65.1890640258789
0.022099364548921585 0.01885206252336502 64.9460220336914
0.02180725708603859 0.01855551451444626 65.03483581542969
0.023143095895648003 0.01990371383726597 64.78762817382812
0.024005072191357613 0.020766481757164 64.77179718017578
0.022242305800318718 0.019014433026313782 64.55746459960938
0.02267310954630375 0.019441010430455208 64.6419677734375
0.021810239180922508 0.01860281452536583 64.14849090576172
0.02232031337916851 0.01909542642533779 64.49774169921875
0.022076604887843132 0.01885068044066429 64.51847839355469
0.021987568587064743 0.018800299614667892 63.74538040161133
0.022059548646211624 0.018843941390514374 64.31216430664062
0.022986188530921936 0.01973455771803856 65.03263854980469
0.02162688784301281 0.018414799124002457 64.24179077148438
0.02216878905892372 0.018928399309515953 64.80781555175781
0.024067649617791176 0.02081979252398014 64.9571304321289
0.022941909730434418 0.019720392301678658 64.43035888671875
0.021361427381634712 0.018117748200893402 64.87359619140625
0.022378165274858475 0.019155792891979218 64.44746398925781
0.02134377509355545 0.018125858157873154 64.35835266113281
0.022052787244319916 0.018831312656402588 64.42950439453125
0.022460127249360085 0.019238973036408424 64.42308044433594
0.0221942737698555 0.018969416618347168 64.49712371826172
0.022522224113345146 0.0192825086414814 64.79431915283203
0.020887482911348343 0.01767261140048504 64.29743194580078
0.02006463333964348 0.01686178147792816 64.05704498291016
0.021120257675647736 0.017868738621473312 65.03040313720703
0.02091660350561142 0.01770273596048355 64.27734375
0.022313829511404037 0.019005615264177322 66.16429138183594
0.021841032430529594 0.01857677474617958 65.28514862060547
0.02141590230166912 0.018144292756915092 65.43220520019531
0.0219043530523777 0.018669242039322853 64.70223236083984
0.02165811136364937 0.01842002384364605 64.76173400878906
0.023179611191153526 0.019876472651958466 66.06278228759766
0.021462157368659973 0.01819399744272232 65.36321258544922
0.023329269140958786 0.020072825253009796 65.12887573242188
0.022676538676023483 0.01938878558576107 65.75505065917969
0.021761741489171982 0.018457327038049698 66.08830261230469
0.02288009226322174 0.01963803544640541 64.84112548828125
0.021677229553461075 0.01842300221323967 65.08453369140625
0.021708698943257332 0.01847093738615513 64.7552490234375
0.022779764607548714 0.019508568570017815 65.42391967773438
0.02171005681157112 0.018419791013002396 65.80532836914062
0.021080439910292625 0.01780904456973076 65.42790985107422
0.021517649292945862 0.018310431391000748 64.14434814453125
0.021137209609150887 0.017869429662823677 65.3556137084961
0.022238124161958694 0.018965180963277817 65.4588623046875
0.021951070055365562 0.0186387300491333 66.24679565429688
0.021004464477300644 0.017744751647114754 65.19424438476562
0.021623939275741577 0.018396267667412758 64.55341339111328
0.020944485440850258 0.017696883529424667 64.9520263671875
0.02098717726767063 0.01772252656519413 65.29301452636719
0.0209744144231081 0.01772749051451683 64.93849182128906
0.02088170312345028 0.01761876419186592 65.25878143310547
0.019925611093640327 0.01666807010769844 65.15081024169922
0.021134424954652786 0.017931655049324036 64.05538940429688
0.020380865782499313 0.01717260107398033 64.165283203125
0.02330205589532852 0.02003025822341442 65.4359359741211
0.02138451673090458 0.018151510506868362 64.66012573242188
0.022279705852270126 0.01901901885867119 65.21375274658203
0.020175229758024216 0.01697278954088688 64.04882049560547
0.02090013399720192 0.017642291262745857 65.15684509277344
0.020700916647911072 0.017452705651521683 64.96420288085938
0.020966187119483948 0.017762158066034317 64.08059692382812
0.021729234606027603 0.018488168716430664 64.82130432128906
0.02125605195760727 0.01801118068397045 64.89741516113281
0.022007761523127556 0.01877630315721035 64.62916564941406
0.020732440054416656 0.017527492716908455 64.09893035888672
0.020753558725118637 0.017512962222099304 64.81194305419922
0.021282067522406578 0.018034009262919426 64.96116638183594
0.021171927452087402 0.017901167273521423 65.41520690917969
0.021027790382504463 0.017773643136024475 65.08295440673828
0.020294291898608208 0.017077447846531868 64.33689880371094
0.020676754415035248 0.017399702221155167 65.54103088378906
0.020239396020770073 0.01699696108698845 64.84869384765625
0.02242361009120941 0.019155625253915787 65.35968017578125
0.020909294486045837 0.01765856146812439 65.01467895507812
0.018976639956235886 0.01574070006608963 64.71878051757812
0.01994171366095543 0.01670614443719387 64.71138763427734
0.024289917200803757 0.021023936569690704 65.31961059570312
0.02165580354630947 0.01838567480444908 65.40257263183594
0.02151472494006157 0.018260937184095383 65.07575988769531
0.02146136201918125 0.018218722194433212 64.852783203125
0.021273987367749214 0.018040690571069717 64.66593933105469
0.01999269239604473 0.01678125374019146 64.22876739501953
0.021497968584299088 0.01829024776816368 64.15443420410156
0.02027224935591221 0.017027225345373154 64.90049743652344
0.021050075069069862 0.017764773219823837 65.7060546875
0.020489942282438278 0.017212314531207085 65.55256652832031
0.02074945904314518 0.017494071274995804 65.10777282714844
0.01937773823738098 0.016152752563357353 64.49972534179688
0.021427994593977928 0.01816996932029724 65.1605224609375
0.021533574908971786 0.018276184797286987 65.14781188964844
0.021520525217056274 0.018240127712488174 65.60796356201172
0.02135612443089485 0.01813454180955887 64.43165588378906
0.020592397078871727 0.01735226809978485 64.80258178710938
0.019690506160259247 0.016485700383782387 64.09609985351562
0.020516879856586456 0.017277751117944717 64.7825927734375
0.019281480461359024 0.01610860787332058 63.457435607910156
0.019133131951093674 0.01590302586555481 64.60211944580078
0.020721184089779854 0.017507877200841904 64.26614379882812
0.020072132349014282 0.016881361603736877 63.81541442871094
0.02068515494465828 0.017505351454019547 63.596092224121094
0.020977597683668137 0.017710093408823013 65.3500747680664
0.01956544816493988 0.01642550155520439 62.798927307128906
0.02198708988726139 0.01870913803577423 65.55904388427734
0.021340344101190567 0.018119439482688904 64.41810607910156
0.021421942859888077 0.018144043162465096 65.55799865722656
0.020848102867603302 0.017619941383600235 64.56324768066406
0.020427215844392776 0.01716748997569084 65.19453430175781
0.02043878845870495 0.017171915620565414 65.33746337890625
0.020720306783914566 0.017496269196271896 64.48074340820312
0.020139969885349274 0.016865063458681107 65.49813842773438
0.019438715651631355 0.016256336122751236 63.647605895996094
0.021396614611148834 0.01813831925392151 65.16592407226562
0.019202306866645813 0.015953581780195236 64.97451782226562
0.020306827500462532 0.017091499641537666 64.30654907226562
0.01981933042407036 0.016609981656074524 64.18695831298828
0.02090809866786003 0.0176781564950943 64.59884643554688
0.019408801570534706 0.016187168657779694 64.43264770507812
0.022024527192115784 0.018746335059404373 65.56382751464844
0.019019216299057007 0.015837039798498154 63.64352798461914
0.020268023014068604 0.016993407160043716 65.49232482910156
0.01907261833548546 0.015870388597249985 64.04460144042969
0.019820567220449448 0.016574222594499588 64.92689514160156
0.019509073346853256 0.0162372924387455 65.43560028076172
0.01922430470585823 0.01600268855690956 64.43231201171875
0.021467987447977066 0.01822022721171379 64.9552001953125
0.019515428692102432 0.01630086824297905 64.29121398925781
0.01939764805138111 0.01614939421415329 64.965087890625
0.019721711054444313 0.01647542230784893 64.92576599121094
0.02006841078400612 0.01684005931019783 64.5670394897461
0.01953277736902237 0.01623544655740261 65.94660949707031
0.019663259387016296 0.016492225229740143 63.420677185058594
0.020504048094153404 0.01724446937441826 65.19156646728516
0.02028258889913559 0.017036914825439453 64.91346740722656
0.019321924075484276 0.016100244596600533 64.43360137939453
0.01963227242231369 0.016430187970399857 64.04167175292969
0.02014968916773796 0.01694488525390625 64.0960693359375
0.020056983456015587 0.01683228649199009 64.49394226074219
0.02025969699025154 0.01704946532845497 64.20463562011719
0.020197279751300812 0.01697920449078083 64.36148834228516
0.020986001938581467 0.017727725207805634 65.16552734375
0.021431872621178627 0.018193140625953674 64.77462768554688
0.02044997736811638 0.017225902527570724 64.48151397705078
0.020464301109313965 0.017223142087459564 64.82316589355469
0.019566094502806664 0.016344264149665833 64.43661499023438
0.01855568028986454 0.01535086054354906 64.09639739990234
0.018496599048376083 0.015308884903788567 63.754295349121094
0.019984865561127663 0.01680370233952999 63.623252868652344
0.019632287323474884 0.016418004408478737 64.28565979003906
0.019161412492394447 0.015944110229611397 64.34603881835938
0.019819598644971848 0.016641434282064438 63.56327819824219
0.020024588331580162 0.016808858141303062 64.31461334228516
0.019679196178913116 0.016464078798890114 64.3023452758789
0.019997894763946533 0.016743652522563934 65.0848617553711
0.020029963925480843 0.016778158023953438 65.03612518310547
0.019859185442328453 0.01657939702272415 65.59577178955078
0.01862017624080181 0.015335099771618843 65.70152282714844
0.021417517215013504 0.018157850950956345 65.19332885742188
0.01948498748242855 0.016219735145568848 65.30503845214844
0.020911820232868195 0.017625153064727783 65.73332977294922
0.020465267822146416 0.017151588574051857 66.27359008789062
0.019977090880274773 0.016741473227739334 64.71234130859375
0.019487876445055008 0.01622927188873291 65.17207336425781
0.020385075360536575 0.01711418479681015 65.41783142089844
0.018741531297564507 0.015517276711761951 64.485107421875
0.020000949501991272 0.016717882826924324 65.66134643554688
0.02014528214931488 0.016868596896529198 65.53370666503906
0.02172919549047947 0.018455851823091507 65.46686553955078
0.018966227769851685 0.015746764838695526 64.38927459716797
0.020860468968749046 0.01757146790623665 65.78002166748047
0.019448667764663696 0.016222305595874786 64.52725219726562
0.018224870786070824 0.014965142123401165 65.19456481933594
0.019002551212906837 0.015727687627077103 65.49726867675781
0.01971236988902092 0.01645146682858467 65.21806335449219
0.01830192096531391 0.015084769576787949 64.343017578125
0.019691985100507736 0.016450412571430206 64.83146667480469
0.01981216110289097 0.01654059812426567 65.43125915527344
0.018948068842291832 0.0157378651201725 64.20408630371094
0.020191360265016556 0.016924196854233742 65.34326934814453
0.01938963681459427 0.01617342233657837 64.32430267333984
0.019613025709986687 0.0164002887904644 64.25474548339844
0.02025812491774559 0.017053678631782532 64.08891296386719
0.01943124085664749 0.016236379742622375 63.89723205566406
0.018879428505897522 0.015644796192646027 64.69264221191406
0.01747756451368332 0.01425253227353096 64.50062561035156
0.019919754937291145 0.016685888171195984 64.67733764648438
0.01792505383491516 0.014721999876201153 64.06108856201172
0.019874436780810356 0.016652043908834457 64.4478530883789
0.019996820017695427 0.016757160425186157 64.79318237304688
0.019793082028627396 0.016566786915063858 64.52588653564453
0.019158082082867622 0.015913505107164383 64.89152526855469
0.018957167863845825 0.015701899304986 65.10536193847656
0.020252952352166176 0.016982607543468475 65.40690612792969
0.019232455641031265 0.016016485169529915 64.31941223144531
0.019447360187768936 0.016205623745918274 64.83472442626953
0.01885942742228508 0.01565813273191452 64.02590942382812
0.01923656463623047 0.01602018065750599 64.32769012451172
0.01945578306913376 0.01622047647833824 64.70611572265625
0.0187631044536829 0.015542636625468731 64.40937042236328
0.01927155815064907 0.016033973544836044 64.75167846679688
0.019371256232261658 0.016130881384015083 64.80748748779297
0.020262280479073524 0.01701182872056961 65.009033203125
0.021233001723885536 0.01795196160674095 65.62081909179688
0.019039787352085114 0.015769153833389282 65.41268920898438
0.01905949041247368 0.015818685293197632 64.81611633300781
0.019180383533239365 0.01594296470284462 64.74836730957031
0.020107567310333252 0.01685778796672821 64.99557495117188
0.018631281331181526 0.015414427034556866 64.33708190917969
0.01911955326795578 0.015851061791181564 65.36984252929688
0.018691763281822205 0.015421358868479729 65.40807342529297
0.018778128549456596 0.015505906194448471 65.44445037841797
0.01921577751636505 0.015973351895809174 64.8485107421875
0.018817663192749023 0.015604203566908836 64.26918029785156
0.019732609391212463 0.016495876014232635 64.73467254638672
0.01994686760008335 0.01676468551158905 63.643653869628906
0.01901533454656601 0.01576448231935501 65.01705932617188
0.019036520272493362 0.0157812237739563 65.10591125488281
0.017586708068847656 0.014385714195668697 64.0198745727539
0.019276978448033333 0.01604698970913887 64.59978485107422
0.018886197358369827 0.0156979039311409 63.76588439941406
0.01850260980427265 0.015261100605130196 64.83016967773438
0.018874244764447212 0.015636272728443146 64.75945281982422
0.019455285742878914 0.0162232406437397 64.64089965820312
0.01912807486951351 0.015897244215011597 64.61660766601562
0.017646895721554756 0.0144345723092556 64.2464828491211
0.01872122660279274 0.015500783920288086 64.40884399414062
0.018144240602850914 0.01495286449790001 63.827537536621094
0.01757148467004299 0.014382345601916313 63.782779693603516
0.017823804169893265 0.014579612761735916 64.88384246826172
0.018117347732186317 0.014894469641149044 64.45756530761719
0.019297407940030098 0.016045335680246353 65.04145050048828
0.018980884924530983 0.015789968892931938 63.81832504272461
0.01850280724465847 0.015251679345965385 65.02254486083984
0.018670737743377686 0.01540401205420494 65.33450317382812
0.018237484619021416 0.015081634745001793 63.11699295043945
0.017909271642565727 0.014676286838948727 64.65968322753906
0.017723336815834045 0.01456473022699356 63.172149658203125
0.018774723634123802 0.015502923168241978 65.43601989746094
0.01855638064444065 0.015387887135148048 63.36986541748047
0.017912941053509712 0.01471247524023056 64.00930786132812
0.01890283264219761 0.015706652775406837 63.923587799072266
0.019483694806694984 0.01624557375907898 64.76243591308594
0.019729385152459145 0.016530364751815796 63.98041534423828
0.018534142524003983 0.01531989872455597 64.28486633300781
0.01754946820437908 0.014348560944199562 64.01814270019531
0.017025938257575035 0.013885303400456905 62.81269836425781
0.018886348232626915 0.01569734513759613 63.78007507324219
0.0173339806497097 0.014140750281512737 63.864620208740234
0.018648093566298485 0.01549188420176506 63.124183654785156
0.019193444401025772 0.015985693782567978 64.15499877929688
0.018411705270409584 0.015201319009065628 64.20772552490234
0.01854107901453972 0.015347113832831383 63.879310607910156
0.02034103125333786 0.01705108769237995 65.79887390136719
0.018224773928523064 0.01498660072684288 64.7634506225586
0.017656607553362846 0.014446580782532692 64.20052337646484
0.018771758303046227 0.015515657141804695 65.12203979492188
0.01727767288684845 0.014090986922383308 63.733734130859375
0.017814312130212784 0.01462563406676054 63.773582458496094
0.018295569345355034 0.015107575803995132 63.759857177734375
0.017523780465126038 0.01436843816190958 63.10686492919922
0.017741287127137184 0.01457958947867155 63.233970642089844
0.017885413020849228 0.014706122688949108 63.58582305908203
0.018305670469999313 0.015147373080253601 63.16596603393555
0.017719369381666183 0.01451505534350872 64.08627319335938
0.017705392092466354 0.014555109664797783 63.00564956665039
0.017842581495642662 0.014618433080613613 64.48295593261719
0.018096018582582474 0.014913592487573624 63.64854431152344
0.018310945481061935 0.015147693455219269 63.26506042480469
0.017200784757733345 0.01400122232735157 63.991241455078125
0.017395799979567528 0.01422887109220028 63.33856964111328
0.01859089732170105 0.015385361388325691 64.11072540283203
0.01809099316596985 0.014907022938132286 63.679412841796875
0.017970606684684753 0.014722215011715889 64.96781921386719
0.01821650192141533 0.014995155856013298 64.42691040039062
0.01836176961660385 0.015142729505896568 64.38078308105469
0.01793188787996769 0.014768578112125397 63.266212463378906
0.01767325960099697 0.014468735083937645 64.09048461914062
0.018072815611958504 0.014860723167657852 64.24185180664062
0.018229899927973747 0.015017246827483177 64.2530517578125
0.01824013702571392 0.015048854053020477 63.8256721496582
0.017830435186624527 0.01461885031312704 64.231689453125
0.017202425748109818 0.01403613481670618 63.325836181640625
0.018389832228422165 0.015218060463666916 63.435447692871094
0.01825762540102005 0.01506243646144867 63.90376663208008
0.018256859853863716 0.0150079857558012 64.97749328613281
0.01660405844449997 0.013444146141409874 63.19822692871094
0.01862482540309429 0.015407535247504711 64.34579467773438
0.017378129065036774 0.014193573966622353 63.69112014770508
0.018214747309684753 0.014940205030143261 65.49085235595703
0.01843443512916565 0.015207848511636257 64.53173828125
0.017581677064299583 0.014335652813315392 64.92047119140625
0.018354564905166626 0.015081737190485 65.45655822753906
0.0195652823895216 0.016230259090662003 66.70046997070312
0.01756924018263817 0.014339398592710495 64.59684753417969
0.017845645546913147 0.01458648033440113 65.18328857421875
0.018800929188728333 0.01552552543580532 65.50807189941406
0.017218146473169327 0.014044273644685745 63.47746276855469
0.01788743957877159 0.014639066532254219 64.96745300292969
0.01733831875026226 0.014140031300485134 63.96574783325195
0.017341455444693565 0.014184433966875076 63.14043045043945
0.018399327993392944 0.015166589058935642 64.65480041503906
0.018139520660042763 0.014872551895678043 65.33938598632812
0.017114704474806786 0.013967184349894524 62.950401306152344
0.018170829862356186 0.0149364173412323 64.68826293945312
0.018119486048817635 0.014882377348840237 64.7421875
0.017681993544101715 0.014470640569925308 64.22705078125
0.01829308271408081 0.01501460000872612 65.56964111328125
0.01833033747971058 0.015077564865350723 65.05545043945312
0.01776115782558918 0.014493418857455254 65.35477447509766
0.017423465847969055 0.014175239950418472 64.96452331542969
0.01797441765666008 0.01475992426276207 64.28987121582031
0.017135340720415115 0.013966124504804611 63.38434600830078
0.01780889369547367 0.014581374824047089 64.55036926269531
0.018299976363778114 0.015050715766847134 64.9852294921875
0.01720534823834896 0.013985920697450638 64.38856506347656
0.017376871779561043 0.014204433187842369 63.448787689208984
0.018293121829628944 0.015047305263578892 64.91632080078125
0.017604004591703415 0.014412660151720047 63.826908111572266
0.0180535726249218 0.014858575537800789 63.899925231933594
0.018917687237262726 0.015682941302657127 64.69490051269531
0.017433200031518936 0.014259964227676392 63.46470260620117
0.01833191141486168 0.015188749879598618 62.86323928833008
0.01723288930952549 0.01409698836505413 62.71803283691406
0.016495341435074806 0.013359447941184044 62.71788024902344
0.01951807551085949 0.016284583136439323 64.66984558105469
0.016998913139104843 0.01386282593011856 62.72175598144531
0.016995703801512718 0.013814715668559074 63.6197509765625
0.01657680608332157 0.013425024226307869 63.03564453125
0.018263250589370728 0.015091756358742714 63.429893493652344
0.01749219372868538 0.01430075615644455 63.82875061035156
0.015896057710051537 0.012735312804579735 63.214900970458984
0.017563408240675926 0.014346342533826828 64.34130859375
0.017352459952235222 0.01415683701634407 63.91246032714844
0.016854068264365196 0.013637457974255085 64.33221435546875
0.01667257957160473 0.013463671319186687 64.17816162109375
0.01722274161875248 0.014011656865477562 64.22168731689453
0.016994835808873177 0.013796636834740639 63.96399688720703
0.017355436459183693 0.014143634587526321 64.23605346679688
0.01735888235270977 0.014178598299622536 63.605682373046875
0.017534751445055008 0.014297395013272762 64.74713134765625
0.016862092539668083 0.013655008748173714 64.14169311523438
0.01751166209578514 0.014287155121564865 64.49015808105469
0.01802394539117813 0.014751390554010868 65.45108795166016
0.01673167198896408 0.013565259985625744 63.32826232910156
0.017933668568730354 0.01470162346959114 64.64089965820312
0.01635652408003807 0.013209089636802673 62.94868469238281
0.015607244335114956 0.012531016021966934 61.524574279785156
0.01712486520409584 0.013903427869081497 64.42874145507812
0.017948482185602188 0.014719855040311813 64.57255554199219
0.01613706909120083 0.012976143509149551 63.218528747558594
0.016437316313385963 0.013202117756009102 64.7039794921875
0.017468512058258057 0.014217229560017586 65.02565002441406
0.017142279073596 0.013914763927459717 64.55029296875
0.01637483574450016 0.01317889429628849 63.918846130371094
0.017014579847455025 0.013819055631756783 63.91047286987305
0.016760658472776413 0.013557398691773415 64.06519317626953
0.016622202470898628 0.01341281458735466 64.187744140625
0.016637127846479416 0.013446315191686153 63.81623840332031
0.01748327724635601 0.014249654486775398 64.67244720458984
0.016523201018571854 0.013343175873160362 63.600521087646484
0.01687534712255001 0.013705117627978325 63.40457534790039
0.01608477160334587 0.012926850467920303 63.15843963623047
0.01715819537639618 0.014020979404449463 62.74433898925781
0.016660060733556747 0.013481208123266697 63.577056884765625
0.017512332648038864 0.014369845390319824 62.849761962890625
0.016070827841758728 0.012962501496076584 62.166507720947266
0.01689095050096512 0.013770818710327148 62.40264129638672
0.01704990491271019 0.013917669653892517 62.644710540771484
0.017900414764881134 0.014720152132213116 63.60525131225586
0.0166330523788929 0.013492783531546593 62.805381774902344
0.016779815778136253 0.01361499261111021 63.29646301269531
0.01685122400522232 0.013663850724697113 63.74746322631836
0.016274085268378258 0.013080758973956108 63.866539001464844
0.01695108599960804 0.013688389211893082 65.25395202636719
0.01648402400314808 0.013335099443793297 62.978485107421875
0.016121482476592064 0.012950753793120384 63.4145622253418
0.016087329015135765 0.012960695661604404 62.532684326171875
0.01608877256512642 0.012870093807578087 64.3735580444336
0.016774917021393776 0.013618675991892815 63.12480926513672
0.016241703182458878 0.012980252504348755 65.22903442382812
0.016537494957447052 0.013333490118384361 64.080078125
0.016518037766218185 0.013302645646035671 64.307861328125
0.016976648941636086 0.013787349686026573 63.785980224609375
0.018015515059232712 0.014829926192760468 63.711761474609375
0.018170570954680443 0.014929190278053284 64.82762908935547
0.016223391517996788 0.013021512888371944 64.03758239746094
0.01616744138300419 0.0129749346524477 63.850128173828125
0.019207853823900223 0.015941642224788666 65.32424926757812
0.01643482781946659 0.013181915506720543 65.05824279785156
0.016918515786528587 0.013686222024261951 64.64588928222656
0.016952170059084892 0.013776327483355999 63.516849517822266
0.017600569874048233 0.014422615990042686 63.55907440185547
0.018285414204001427 0.015038376674056053 64.94076538085938
0.016754088923335075 0.013523954898118973 64.60269165039062
0.016477134078741074 0.013281771913170815 63.9072265625
0.016562601551413536 0.013361679390072823 64.01844024658203
0.01835808902978897 0.015123538672924042 64.69100952148438
0.01604078896343708 0.012858308851718903 63.649593353271484
0.01566714607179165 0.01251961663365364 62.95058059692383
0.016783295199275017 0.013608282431960106 63.500244140625
0.016307160258293152 0.013077767565846443 64.58785247802734
0.016226302832365036 0.01302876602858305 63.95075225830078
0.015686307102441788 0.012564463540911674 62.436859130859375
0.016217611730098724 0.013000300154089928 64.34622192382812
0.016319215297698975 0.013137713074684143 63.630027770996094
0.01593567617237568 0.012798619456589222 62.74113082885742
0.017117194831371307 0.013922223821282387 63.89940643310547
0.017393432557582855 0.014174140058457851 64.38584899902344
0.015866782516241074 0.012676557525992393 63.804508209228516
0.016453636810183525 0.013259446248412132 63.88380432128906
0.017665784806013107 0.014470136724412441 63.91297912597656
0.016613028943538666 0.013436049222946167 63.53960418701172
0.015390101820230484 0.012287830002605915 62.045448303222656
0.017923792824149132 0.014717265963554382 64.13052368164062
0.01781434379518032 0.014575282111763954 64.78125
0.017172260209918022 0.01396083552390337 64.22848510742188
0.0173951368778944 0.014186277985572815 64.17716979980469
0.016563313081860542 0.013399120420217514 63.28386306762695
0.01643468253314495 0.013238303363323212 63.927589416503906
0.01649295911192894 0.01337442547082901 62.370662689208984
0.015915747731924057 0.012736259028315544 63.58977127075195
0.017861314117908478 0.01474473625421524 62.331565856933594
0.01690969057381153 0.013766316697001457 62.86747741699219
0.0165968406945467 0.013397455215454102 63.987701416015625
0.016118383035063744 0.012944884598255157 63.469970703125
0.016541307792067528 0.013380754739046097 63.21107482910156
0.017369922250509262 0.014116345904767513 65.07151794433594
0.016584990546107292 0.013360746204853058 64.4848861694336
0.01612628810107708 0.012905236333608627 64.42105102539062
0.01642938144505024 0.013197139836847782 64.64484405517578
0.015957320109009743 0.012687010690569878 65.40618133544922
0.017025969922542572 0.013820204883813858 64.11531829833984
0.016558587551116943 0.013351652771234512 64.13870239257812
0.016420163214206696 0.013276660814881325 62.87004089355469
0.01776490919291973 0.014564615674316883 64.005859375
0.01711849868297577 0.013864090666174889 65.08815002441406
0.016503646969795227 0.013384154997766018 62.38984298706055
0.016397695988416672 0.013194575905799866 64.06241607666016
0.017360547557473183 0.014120317064225674 64.80460357666016
0.017300834879279137 0.014120550826191902 63.605690002441406
0.016638770699501038 0.013462046161293983 63.53450012207031
0.01527200173586607 0.012102327309548855 63.39349365234375
0.01714456081390381 0.013935385271906853 64.18350219726562
0.016582567244768143 0.013383581303060055 63.979713439941406
0.017147399485111237 0.013933204114437103 64.28388977050781
0.016081487759947777 0.012931321747601032 63.003318786621094
0.015826234593987465 0.012642767280340195 63.66934585571289
0.01590903103351593 0.012738905847072601 63.402488708496094
0.01609586738049984 0.012905316427350044 63.811004638671875
0.0160226933658123 0.012819940224289894 64.05506134033203
0.01640046201646328 0.01316983811557293 64.61247253417969
0.016171157360076904 0.012975931167602539 63.90452575683594
0.01665571518242359 0.013421019539237022 64.69392395019531
0.015848500654101372 0.012601573020219803 64.93856811523438
0.01670185849070549 0.01346789300441742 64.6792984008789
0.01655520126223564 0.013416953384876251 62.76494598388672
0.015794401988387108 0.012619194574654102 63.5041389465332
0.016171930357813835 0.013020182028412819 63.03497314453125
0.016546525061130524 0.01338383462280035 63.25379180908203
0.01716059073805809 0.013921130448579788 64.7892074584961
0.01765923947095871 0.014412728138267994 64.93023681640625
0.01715332642197609 0.013905590400099754 64.95474243164062
0.017387785017490387 0.014175750315189362 64.24067687988281
0.01632530614733696 0.013100258074700832 64.50094604492188
0.016372397541999817 0.01314662117511034 64.51554870605469
0.016068758442997932 0.012817133218050003 65.03251647949219
0.01688035950064659 0.013658866286277771 64.42985534667969
0.016232255846261978 0.013036548160016537 63.91416931152344
0.016293903812766075 0.013100818730890751 63.8616943359375
0.016120776534080505 0.012900466099381447 64.4062271118164
0.01601053960621357 0.012872223742306232 62.76631546020508
0.015835978090763092 0.012636858969926834 63.982398986816406
0.016040120273828506 0.012915167957544327 62.49903106689453
0.016644125804305077 0.013446545228362083 63.95160675048828
0.01692383922636509 0.013724824413657188 63.98028564453125
0.015908360481262207 0.01278422586619854 62.48270034790039
0.016721250489354134 0.013496797531843185 64.48905181884766
0.016642911359667778 0.013468900695443153 63.48020935058594
0.016343794763088226 0.013216134160757065 62.55320358276367
0.01654636487364769 0.013405002653598785 62.82723617553711
0.016089405864477158 0.012900630943477154 63.77550506591797
0.01627860777080059 0.013102181255817413 63.52851867675781
0.015341833233833313 0.012128408998250961 64.26849365234375
0.014287900179624557 0.0111156664788723 63.444671630859375
0.016567030921578407 0.013323638588190079 64.86784362792969
0.017023440450429916 0.013759162276983261 65.28557586669922
0.016400691121816635 0.013185730203986168 64.29923248291016
0.015523508191108704 0.012357083149254322 63.32850646972656
0.016260771080851555 0.013087729923427105 63.4608268737793
0.016430502757430077 0.013223376125097275 64.14253234863281
0.01683121919631958 0.013632643036544323 63.971527099609375
0.01742662489414215 0.014198334887623787 64.5657958984375
0.01711098477244377 0.0138933090493083 64.353515625
0.01705164648592472 0.013857548125088215 63.88196563720703
0.016317088156938553 0.01311880350112915 63.96569061279297
0.0162917859852314 0.013088470324873924 64.06629943847656
0.016310961917042732 0.013145585544407368 63.307518005371094
0.016465933993458748 0.01326700672507286 63.978546142578125
0.015853986144065857 0.012695305980741978 63.17359924316406
0.016603559255599976 0.01342694740742445 63.532222747802734
0.01556798629462719 0.012417259626090527 63.01453399658203
0.015844805166125298 0.012665452435612679 63.58705139160156
0.01649382710456848 0.013295965269207954 63.957244873046875
0.016162442043423653 0.013022561557590961 62.79759979248047
0.015772512182593346 0.012639261782169342 62.66501235961914
0.016058800742030144 0.012897616252303123 63.22367858886719
0.015996957197785378 0.012780927121639252 64.32061767578125
0.015703225508332253 0.012531466782093048 63.43516159057617
0.015210404060781002 0.012034229002892971 63.52350616455078
0.016066262498497963 0.012855703011155128 64.211181640625
0.016134610399603844 0.012958910316228867 63.51401901245117
0.016655586659908295 0.013416828587651253 64.7751693725586
0.015995755791664124 0.012770306318998337 64.50897979736328
0.014665381982922554 0.011532523669302464 62.65717315673828
0.016711121425032616 0.013501370325684547 64.19501495361328
0.01612166129052639 0.012946365401148796 63.50592803955078
0.014797322452068329 0.011602605693042278 63.89434051513672
0.015484869480133057 0.012307962402701378 63.53813171386719
0.015882812440395355 0.012705748900771141 63.541282653808594
0.01695827767252922 0.013678508810698986 65.59539794921875
0.01576576568186283 0.012544139288365841 64.43252563476562
0.015301503241062164 0.012047678232192993 65.07649230957031
0.01541479304432869 0.01222402323037386 63.815391540527344
0.015013099648058414 0.011805035173892975 64.16128540039062
0.015956439077854156 0.012739966623485088 64.32945251464844
0.015508643351495266 0.012306204065680504 64.04878997802734
0.015388762578368187 0.012231815606355667 63.13893508911133
0.015675252303481102 0.012490206398069859 63.70091247558594
0.015315438620746136 0.01217231061309576 62.86256408691406
0.014819871634244919 0.01164520625025034 63.49330139160156
0.014991638250648975 0.011825352907180786 63.325706481933594
0.01535334438085556 0.012191536836326122 63.23616409301758
0.01573883555829525 0.012577561661601067 63.22549057006836
