0.2595211863517761 0.2590702474117279 9.018728256225586
0.24527539312839508 0.24479927122592926 9.52242660522461
0.222189262509346 0.22166922688484192 10.400802612304688
0.2151736617088318 0.21454477310180664 12.577704429626465
0.21457034349441528 0.21380771696567535 15.252551078796387
0.19499805569648743 0.19410905241966248 17.7801570892334
0.1969134658575058 0.19580653309822083 22.138633728027344
0.18467147648334503 0.18337038159370422 26.02181625366211
0.17541411519050598 0.17383474111557007 31.587406158447266
0.16371583938598633 0.1618783175945282 36.75056457519531
0.15475107729434967 0.1526012420654297 42.99662780761719
0.1443859487771988 0.14187422394752502 50.23448944091797
0.1332152783870697 0.1302589774131775 59.12613296508789
0.12725651264190674 0.12389976531267166 67.13489532470703
0.13220977783203125 0.12829911708831787 78.21308898925781
0.12012911587953568 0.11567293107509613 89.12370300292969
0.11482822895050049 0.10988247394561768 98.91508483886719
0.10210823267698288 0.09671372920274734 107.89004516601562
0.10081696510314941 0.0947859138250351 120.62101745605469
0.09317656606435776 0.08664558827877045 130.6195068359375
0.08481203019618988 0.07790406048297882 138.1593780517578
0.08045139908790588 0.07305774837732315 147.87303161621094
0.08241721987724304 0.07453472912311554 157.6497802734375
0.07842632383108139 0.07014596462249756 165.60714721679688
0.07420662045478821 0.06554117798805237 173.30892944335938
0.07475578039884567 0.06573328375816345 180.4499053955078
0.07623742520809174 0.06702037155628204 184.34115600585938
0.07562986761331558 0.06627783179283142 187.04071044921875
0.07115206122398376 0.06179912015795708 187.058837890625
0.0711296796798706 0.06160959228873253 190.40176391601562
0.0673220083117485 0.05801168829202652 186.20645141601562
0.06326011568307877 0.0540081262588501 185.03973388671875
0.06390073895454407 0.054797641932964325 182.0618896484375
0.06494365632534027 0.05597241222858429 179.42486572265625
0.06264913827180862 0.05382164195179939 176.54989624023438
0.06269598007202148 0.05381114035844803 177.69679260253906
0.06064733862876892 0.05228199437260628 167.30690002441406
0.06206031143665314 0.053648583590984344 168.2345733642578
0.06455236673355103 0.05649447441101074 161.15792846679688
0.058324649930000305 0.050521306693553925 156.06690979003906
0.0591341108083725 0.051739830523729324 147.88565063476562
0.06090058758854866 0.053587593138217926 146.2598876953125
0.0575801320374012 0.05066738650202751 138.25491333007812
0.05956253036856651 0.05279722809791565 135.3060760498047
0.058112531900405884 0.051610372960567474 130.04315185546875
0.057433031499385834 0.05128488689661026 122.96289825439453
0.05695550888776779 0.050949499011039734 120.12017059326172
0.057012490928173065 0.05114045739173889 117.44065856933594
0.057690586894750595 0.051993995904922485 113.93179321289062
0.05980641394853592 0.054329872131347656 109.53080749511719
0.05287102982401848 0.0476110503077507 105.19960021972656
0.05786369368433952 0.05270007252693176 103.27243041992188
0.057305485010147095 0.05215379595756531 103.03378295898438
0.058025434613227844 0.05304451286792755 99.618408203125
0.05624821409583092 0.05137593671679497 97.44557189941406
0.05604051798582077 0.05127747356891632 95.26084899902344
0.05237109959125519 0.04768180102109909 93.7860107421875
0.05513617396354675 0.05033084750175476 96.10649871826172
0.05609450116753578 0.051416296511888504 93.56411743164062
0.053196754306554794 0.048522185534238815 93.49140930175781
0.053563881665468216 0.04887760430574417 93.72557067871094
0.05319122225046158 0.048434123396873474 95.14200592041016
0.05588299781084061 0.05114288628101349 94.80223083496094
0.05713257938623428 0.05234667658805847 95.71809387207031
0.052773572504520416 0.04798512160778046 95.76901245117188
0.05539138987660408 0.05047588050365448 98.31017303466797
0.050005462020635605 0.04517313838005066 96.64649200439453
0.05204087123274803 0.04722292721271515 96.35889434814453
0.04981299862265587 0.04493299126625061 97.60014343261719
0.0553649477660656 0.05046239495277405 98.05104064941406
0.057108789682388306 0.05210864171385765 100.00294494628906
0.050178371369838715 0.045244891196489334 98.66960144042969
0.05243629217147827 0.04749789834022522 98.76785278320312
0.049472369253635406 0.04455314576625824 98.38450622558594
0.05104915425181389 0.04609367623925209 99.10955810546875
0.050911374390125275 0.046043477952480316 97.35791778564453
0.05299068242311478 0.04806087166070938 98.59618377685547
0.04884772002696991 0.04393664002418518 98.2215805053711
0.05052276328206062 0.04565456509590149 97.36399841308594
0.05029661953449249 0.04539838433265686 97.9647216796875
0.04903830587863922 0.04422637075185776 96.23873901367188
0.051514435559511185 0.04670162871479988 96.25616455078125
0.048820555210113525 0.044050492346286774 95.40122985839844
0.049775660037994385 0.04502388834953308 95.03546142578125
0.0513322651386261 0.04656904935836792 95.26432800292969
0.04899550601840019 0.04423047974705696 95.30052185058594
0.04804006963968277 0.04330780357122421 94.64532470703125
0.04757409170269966 0.04293283820152283 92.8250961303711
0.04864530637860298 0.04389648139476776 94.97649383544922
0.04822313413023949 0.04352398216724396 93.9830322265625
0.047015368938446045 0.04226583242416382 94.99076843261719
0.04906544089317322 0.04434812813997269 94.34628295898438
0.0477454774081707 0.042966581881046295 95.577880859375
0.046599291265010834 0.04186251014471054 94.73562622070312
0.04850251227617264 0.04370708763599396 95.90847778320312
0.04574836418032646 0.04099903255701065 94.98660278320312
0.04682544246315956 0.04210392385721207 94.43034362792969
0.04839186370372772 0.04365308955311775 94.7755126953125
0.0463070385158062 0.041490182280540466 96.33714294433594
0.04889868572354317 0.044158149510622025 94.81075286865234
0.046699315309524536 0.04187547415494919 96.47679901123047
0.04593057557940483 0.04120272770524025 94.55693054199219
0.045420315116643906 0.04072889685630798 93.8283462524414
0.04486917704343796 0.0401117242872715 95.14901733398438
0.04444229602813721 0.039772458374500275 93.39677429199219
0.044177621603012085 0.03945353627204895 94.48174285888672
0.046875860542058945 0.04216863587498665 94.14448547363281
0.0444415882229805 0.03976980596780777 93.43565368652344
0.043405741453170776 0.03871336951851845 93.84748077392578
0.0434478335082531 0.0387427881360054 94.10089874267578
0.043042462319135666 0.038395628333091736 92.93670654296875
0.04210331663489342 0.03739757090806961 94.11492156982422
0.042671412229537964 0.03800586611032486 93.31095886230469
0.0440552793443203 0.03933333232998848 94.43892669677734
0.04342582821846008 0.03869672119617462 94.58218383789062
0.0439455583691597 0.03913923352956772 96.12651824951172
0.04429302737116814 0.03956016153097153 94.6573486328125
0.042081110179424286 0.037359148263931274 94.4392318725586
0.04296085238456726 0.03826956823468208 93.82567596435547
0.04356275498867035 0.03887299820780754 93.79510498046875
0.04406673088669777 0.03933662548661232 94.60211181640625
0.041644733399152756 0.036923445761203766 94.42578125
0.04230494424700737 0.03765012323856354 93.09644317626953
0.04266363009810448 0.03793131932616234 94.64620971679688
0.04005764052271843 0.035399697721004486 93.15884399414062
0.04161955416202545 0.036908090114593506 94.22931671142578
0.04085113853216171 0.036185093224048615 93.32089233398438
0.039568472653627396 0.03486943244934082 93.98081970214844
0.03872879967093468 0.03404633700847626 93.64924621582031
0.04102286323904991 0.036335285753011703 93.75155639648438
0.039211444556713104 0.034577228128910065 92.68433380126953
0.04226984083652496 0.03762897104024887 92.81739044189453
0.039426956325769424 0.034789539873600006 92.7483139038086
0.038229770958423615 0.033587079495191574 92.85382080078125
0.03880908712744713 0.03419788181781769 92.22410583496094
0.03871176764369011 0.034052565693855286 93.18402099609375
0.04183252900838852 0.037165578454732895 93.33900451660156
0.041040293872356415 0.03633549064397812 94.09603881835938
0.038897573947906494 0.034262947738170624 92.69256591796875
0.040359705686569214 0.03575669601559639 92.06021118164062
0.040870796889066696 0.036155834794044495 94.29923248291016
0.037028968334198 0.032459430396556854 91.39077758789062
0.03920816630125046 0.034479692578315735 94.5694580078125
0.038096629083156586 0.033423855900764465 93.45549011230469
0.03889046609401703 0.034223079681396484 93.34774780273438
0.036933138966560364 0.03230467438697815 92.5693130493164
0.038423191756010056 0.03376515209674835 93.16082763671875
0.03788343444466591 0.03314635530114174 94.74159240722656
0.03703809902071953 0.03240937739610672 92.57443237304688
0.03724183887243271 0.03255266696214676 93.783447265625
0.03551001101732254 0.030883651226758957 92.5271987915039
0.03617609664797783 0.031575847417116165 92.00495910644531
0.03490118309855461 0.03028189390897751 92.38579559326172
0.035986609756946564 0.03130143880844116 93.7033920288086
0.03705897182226181 0.03249312937259674 91.31684112548828
0.035888779908418655 0.031283654272556305 92.10249328613281
0.0352536216378212 0.030631987378001213 92.43269348144531
0.03586680442094803 0.031238947063684464 92.5571517944336
0.035319726914167404 0.03074662759900093 91.46199798583984
0.035597965121269226 0.03101302683353424 91.69877624511719
0.03661069646477699 0.031999461352825165 92.22469329833984
0.034803178161382675 0.030144579708576202 93.1719970703125
0.034130752086639404 0.02947712130844593 93.07259368896484
0.03564342483878136 0.030927591025829315 94.31668090820312
0.034942783415317535 0.030274538323283195 93.36494445800781
0.03475488722324371 0.030020814388990402 94.68142700195312
0.03464697673916817 0.03003540262579918 92.23149108886719
0.03639489784836769 0.03171426057815552 93.61273956298828
0.03464771807193756 0.030008554458618164 92.7833023071289
0.03627973422408104 0.031593311578035355 93.72845458984375
0.032163944095373154 0.027556685730814934 92.14515686035156
0.03315293788909912 0.028448522090911865 94.08834838867188
0.03598296642303467 0.03131904825568199 93.27833557128906
0.03502315282821655 0.030436895787715912 91.72517395019531
0.03455791249871254 0.029904881492257118 93.06063842773438
0.034435246139764786 0.029764920473098755 93.40650939941406
0.03359108418226242 0.0289183109998703 93.45542907714844
0.03248623386025429 0.02783406525850296 93.04336547851562
0.03252735733985901 0.027827821671962738 93.99075317382812
0.03291710466146469 0.028253234922885895 93.27742004394531
0.03230670467019081 0.027591492980718613 94.30421447753906
0.0326039120554924 0.027948305010795593 93.11216735839844
0.03317573294043541 0.028524912893772125 93.01643371582031
0.031565409153699875 0.02686258591711521 94.05646514892578
0.03256802633404732 0.027917474508285522 93.01101684570312
0.03182906284928322 0.027203701436519623 92.50724792480469
0.03126761317253113 0.026582833379507065 93.69558715820312
0.030901774764060974 0.026253890246152878 92.95770263671875
0.03183024376630783 0.02716904692351818 93.22396850585938
0.032859306782484055 0.02818296290934086 93.52690124511719
0.032711829990148544 0.028086338192224503 92.50982666015625
0.0314653180539608 0.026784148067235947 93.62339782714844
0.030863448977470398 0.02616216242313385 94.02574157714844
0.030834287405014038 0.026138566434383392 93.91441345214844
0.030297575518488884 0.02558252029120922 94.30111694335938
0.03244549408555031 0.027663638815283775 95.63710021972656
0.029674720019102097 0.024976100772619247 93.97239685058594
0.030093472450971603 0.02537226676940918 94.4240951538086
0.030004305765032768 0.025199588388204575 96.09435272216797
0.03266240283846855 0.027900999411940575 95.22807312011719
0.031112516298890114 0.026382440701127052 94.60150146484375
0.030163360759615898 0.025482632219791412 93.61457824707031
0.030048195272684097 0.02536711096763611 93.6217041015625
0.02919769659638405 0.024576768279075623 92.41856384277344
0.029842134565114975 0.025138936936855316 94.06396484375
0.030475372448563576 0.025774940848350525 94.00863647460938
0.032704953104257584 0.02800234779715538 94.05211639404297
0.031188389286398888 0.026498688384890556 93.79402160644531
0.028602290898561478 0.023901423439383507 94.0173568725586
0.029993746429681778 0.025209585204720497 95.6832046508789
0.030026879161596298 0.025296129286289215 94.61498260498047
0.030957581475377083 0.026224829256534576 94.65504455566406
0.029268965125083923 0.024535078555345535 94.67774963378906
0.03042389079928398 0.025676559656858444 94.94660949707031
0.030945327132940292 0.026194941252470016 95.00772857666016
0.030925411731004715 0.026177771389484406 94.95281219482422
0.029332131147384644 0.02468828484416008 92.87693786621094
0.03020154871046543 0.025487594306468964 94.27909088134766
0.02958374284207821 0.024864381179213524 94.38723754882812
0.028374621644616127 0.023648355156183243 94.52534484863281
0.029562514275312424 0.024870190769433975 93.84648895263672
0.02779354155063629 0.02306273952126503 94.61604309082031
0.028479084372520447 0.023762555792927742 94.33059692382812
0.02977410890161991 0.02507660537958145 93.95006561279297
0.030862201005220413 0.026126977056264877 94.70447540283203
0.028863554820418358 0.02410673163831234 95.136474609375
0.030140329152345657 0.02545132115483284 93.7801513671875
0.028825875371694565 0.024082930758595467 94.85887145996094
0.02780180424451828 0.02308814413845539 94.27318572998047
0.028231540694832802 0.023462535813450813 95.38011169433594
0.029530223459005356 0.02475995197892189 95.40541076660156
0.02761620283126831 0.022864364087581635 95.03677368164062
0.02762220799922943 0.02298799157142639 92.68431091308594
0.028112992644309998 0.023383092135190964 94.59803009033203
0.026737987995147705 0.022086210548877716 93.03553009033203
0.027341414242982864 0.022589460015296936 95.03909301757812
0.027148287743330002 0.022370541468262672 95.554931640625
0.02712058089673519 0.0223705992102623 94.9996337890625
0.026042604818940163 0.021333035081624985 94.19139862060547
0.02669939212501049 0.021940473467111588 95.1783676147461
0.027123766019940376 0.022323420271277428 96.00691223144531
0.029148440808057785 0.024352479726076126 95.91920471191406
0.027351710945367813 0.02249404974281788 97.15321350097656
0.027621809393167496 0.022781260311603546 96.81100463867188
0.02681148052215576 0.022011224180459976 96.00513458251953
0.028154686093330383 0.023380964994430542 95.47442626953125
0.026742514222860336 0.021920982748270035 96.43061065673828
0.02827998250722885 0.023483112454414368 95.9374008178711
0.026680922135710716 0.021831542253494263 96.98760986328125
0.026983560994267464 0.022177785634994507 96.11551666259766
0.02608390338718891 0.02132459357380867 95.18618774414062
0.026855165138840675 0.02203647419810295 96.37380981445312
0.02607402205467224 0.021309249103069305 95.29544067382812
0.025719784200191498 0.020931638777256012 95.76290893554688
0.027265425771474838 0.02249046042561531 95.49932861328125
0.026884417980909348 0.02211550436913967 95.37825775146484
0.02657303586602211 0.021772637963294983 96.00794982910156
0.02663666009902954 0.021913543343544006 94.46232604980469
0.026658331975340843 0.021869536489248276 95.77592468261719
0.02623331919312477 0.02142966538667679 96.07307434082031
0.025620687752962112 0.020828301087021828 95.84773254394531
0.02725822664797306 0.022454526275396347 96.07401275634766
0.02611095830798149 0.021278714761137962 96.6448745727539
0.026157744228839874 0.02132963016629219 96.56226348876953
0.026550710201263428 0.021648719906806946 98.039794921875
0.024751514196395874 0.019981054589152336 95.40919494628906
0.0248061902821064 0.01997893676161766 96.54507446289062
0.025416776537895203 0.020592747256159782 96.48058319091797
0.02725209668278694 0.02244110219180584 96.21987915039062
0.024765528738498688 0.01997140422463417 95.88250732421875
0.024465883150696754 0.019719529896974564 94.92705535888672
0.026033153757452965 0.021285802125930786 94.9470443725586
0.023504456505179405 0.01878785341978073 94.3320541381836
0.02706211805343628 0.022254126146435738 96.15985107421875
0.026678385213017464 0.021887581795454025 95.81607055664062
0.024609768763184547 0.01987205073237419 94.75436401367188
0.02399163879454136 0.019241441041231155 95.00396728515625
0.024263177067041397 0.0194719135761261 95.82525634765625
0.024846775457262993 0.020076235756278038 95.41080474853516
0.024067986756563187 0.0193621963262558 94.11582946777344
0.024327794089913368 0.01954450085759163 95.66586303710938
0.02345391921699047 0.018652869388461113 96.02099609375
0.024410158395767212 0.019640333950519562 95.39649963378906
0.02599353902041912 0.021261556074023247 94.63965606689453
0.024113832041621208 0.019275318831205368 96.770263671875
0.024378206580877304 0.019616251811385155 95.23908996582031
0.024700140580534935 0.020009871572256088 93.80537414550781
0.024668771773576736 0.019869796931743622 95.97950744628906
0.024923348799347878 0.020164553076028824 95.17591857910156
0.02439121901988983 0.01968032494187355 94.2178726196289
0.024426283314824104 0.019752323627471924 93.47919464111328
0.02432194910943508 0.019532043486833572 95.79810333251953
0.024022020399570465 0.01930529810488224 94.33445739746094
0.024065114557743073 0.019310347735881805 95.09532928466797
0.025211285799741745 0.020432591438293457 95.57388305664062
0.0241573303937912 0.019401725381612778 95.11209106445312
0.02484501339495182 0.02004646509885788 95.97096252441406
0.025520235300064087 0.020721806213259697 95.9686050415039
0.023294225335121155 0.018551699817180634 94.85053253173828
0.023475248366594315 0.01867128163576126 96.07933044433594
0.02359510213136673 0.018771056085824966 96.48091125488281
0.023413611575961113 0.018650826066732407 95.25572204589844
0.02361483871936798 0.018709708005189896 98.10263061523438
0.02361772209405899 0.018890123814344406 94.55198669433594
0.02388552762567997 0.0191089678555727 95.53119659423828
0.02398866042494774 0.01913585141301155 97.05620574951172
0.02292948216199875 0.018123261630535126 96.12442779541016
0.02314627729356289 0.018331095576286316 96.30363464355469
0.02339705266058445 0.01866891048848629 94.56285858154297
0.023559927940368652 0.01877737231552601 95.651123046875
0.023461172357201576 0.01872624084353447 94.6986312866211
0.023830972611904144 0.01913391798734665 93.94109344482422
0.023389993235468864 0.018694370985031128 93.91244506835938
0.02281154692173004 0.018051885068416595 95.19325256347656
0.022941192612051964 0.018228910863399506 94.2456283569336
0.02442784793674946 0.019724661484360695 94.06373596191406
0.023912908509373665 0.019203104078769684 94.19608306884766
0.023844366893172264 0.01915842667222023 93.71880340576172
0.02153504639863968 0.01683512143790722 93.99850463867188
0.02235492691397667 0.017581846565008163 95.46160888671875
0.021968409419059753 0.01719716750085354 95.42483520507812
0.02231086604297161 0.01756393536925316 94.93862915039062
0.022733347490429878 0.01798272505402565 95.01245880126953
0.022321101278066635 0.017565196380019188 95.11811065673828
0.022107474505901337 0.017282523214817047 96.49900817871094
0.022440627217292786 0.017664561048150063 95.52133178710938
0.02268119528889656 0.017851874232292175 96.58644104003906
0.022759441286325455 0.017985213547945023 95.48457336425781
0.022111624479293823 0.01729733496904373 96.28581237792969
0.023877453058958054 0.019085314124822617 95.84280395507812
0.021237216889858246 0.01645687408745289 95.60685729980469
0.02276860550045967 0.01798371970653534 95.69773864746094
0.021865250542759895 0.01709023490548134 95.50030517578125
0.02245941199362278 0.017657678574323654 96.03468322753906
0.021908514201641083 0.017137886956334114 95.41253662109375
0.021933497861027718 0.01715218648314476 95.6262435913086
0.021426193416118622 0.016677821055054665 94.96746826171875
0.02035578526556492 0.015630854293704033 94.49861145019531
0.021834973245859146 0.017095135524868965 94.79673767089844
0.021137088537216187 0.016356591135263443 95.60994720458984
0.0206772368401289 0.015921281650662422 95.11909484863281
0.021759871393442154 0.017054487019777298 94.10769653320312
0.02272629365324974 0.018044160678982735 93.64263916015625
0.021542919799685478 0.01685132458806038 93.83189392089844
0.023793937638401985 0.019069086760282516 94.49701690673828
0.0220330823212862 0.017346646636724472 93.72870635986328
0.022188132628798485 0.017395373433828354 95.85517883300781
0.021068131551146507 0.016298986971378326 95.38289642333984
0.021728577092289925 0.01698797196149826 94.81211853027344
0.02232019230723381 0.017601720988750458 94.36943054199219
0.021502045914530754 0.01676950603723526 94.65078735351562
0.02281869947910309 0.018032997846603394 95.71404266357422
0.020811572670936584 0.016068721190094948 94.85700988769531
0.021097762510180473 0.016351399943232536 94.92725372314453
0.02158237248659134 0.016886118799448013 93.92506408691406
0.020951969549059868 0.016240913420915604 94.22113037109375
0.02048865333199501 0.015747742727398872 94.81819915771484
0.02140803635120392 0.01663941517472267 95.37240600585938
0.021737098693847656 0.016990838572382927 94.92518615722656
0.020569656044244766 0.015794727951288223 95.49858093261719
0.021212823688983917 0.016436047852039337 95.53553009033203
0.020513802766799927 0.01574571058154106 95.36183166503906
0.021397419273853302 0.016587674617767334 96.19489288330078
0.021128537133336067 0.016377588734030724 95.01896667480469
0.020596202462911606 0.01580154150724411 95.89324188232422
0.021698173135519028 0.0169147327542305 95.6688232421875
0.02075154334306717 0.016035571694374084 94.31942749023438
0.02121826447546482 0.016484417021274567 94.67695617675781
0.019661789759993553 0.014979044906795025 93.65489196777344
0.02158482000231743 0.016861919313669205 94.4580307006836
0.019810892641544342 0.015154991298913956 93.11804962158203
0.020014794543385506 0.015232721343636513 95.6414794921875
0.022022651508450508 0.01725883036851883 95.27642822265625
0.02138068899512291 0.016628174111247063 95.05029296875
0.019689055159687996 0.015005826018750668 93.66458129882812
0.020877422764897346 0.01608051359653473 95.93819427490234
0.020496755838394165 0.01575501076877117 94.83491516113281
0.020726336166262627 0.01598893478512764 94.74803924560547
0.020778460428118706 0.015994247049093246 95.68427276611328
0.02040645107626915 0.01560191996395588 96.09064483642578
0.021048160269856453 0.016175713390111923 97.4489517211914
0.02029573544859886 0.01551746390759945 95.5654296875
0.021809715777635574 0.016978293657302856 96.62843322753906
0.02080102637410164 0.01603788509964943 95.2628402709961
0.02013271674513817 0.015381304547190666 95.02822875976562
0.020618662238121033 0.015897806733846664 94.41709899902344
0.019740374758839607 0.015037855133414268 94.05039978027344
0.02028031460940838 0.015511111356317997 95.38407897949219
0.019747689366340637 0.015082033351063728 93.3131103515625
0.02019539102911949 0.01543835736811161 95.14067077636719
0.020765628665685654 0.015961213037371635 96.08830261230469
0.02007487043738365 0.015287297777831554 95.75145721435547
0.019324108958244324 0.014532859437167645 95.8249740600586
0.021223094314336777 0.01631098985671997 98.24209594726562
0.02066529542207718 0.015957292169332504 94.16006469726562
0.020614737644791603 0.015850722789764404 95.28028869628906
0.01965194009244442 0.01490907371044159 94.85733795166016
0.020365683361887932 0.015629513189196587 94.72340393066406
0.020108597353100777 0.015403587371110916 94.1001968383789
0.020187348127365112 0.015462061390280724 94.50572204589844
0.019322017207741737 0.014628597535192966 93.868408203125
0.020325902849435806 0.015647761523723602 93.56285095214844
0.01951597072184086 0.014791501685976982 94.48939514160156
0.01944410428404808 0.014801843091845512 92.84524536132812
0.020717181265354156 0.016074005514383316 92.8635025024414
0.019129643216729164 0.014386695809662342 94.85896301269531
0.02022228203713894 0.015496904961764812 94.50753021240234
0.018505971878767014 0.013880369253456593 92.51206970214844
0.020712288096547127 0.015912113711237907 96.00348663330078
0.019186191260814667 0.014414596371352673 95.4319076538086
0.019201841205358505 0.01441375631839037 95.76171112060547
0.01942325383424759 0.014666925184428692 95.12655639648438
0.019095351919531822 0.01438393909484148 94.22825622558594
0.01965559646487236 0.01488134078681469 95.48509979248047
0.019038662314414978 0.014326930977404118 94.23462677001953
0.02062230370938778 0.01587599702179432 94.9261474609375
0.020485270768404007 0.01568492501974106 96.00692749023438
0.019103944301605225 0.014360342174768448 94.8720474243164
0.018576227128505707 0.01384754478931427 94.57366943359375
0.019124150276184082 0.014429662376642227 93.8897476196289
0.01944241300225258 0.01473141461610794 94.21995544433594
0.02036738581955433 0.01558658480644226 95.61602020263672
0.01967184618115425 0.014941200613975525 94.61289978027344
0.020390313118696213 0.015654483810067177 94.71656799316406
0.01921548694372177 0.014459529891610146 95.11913299560547
0.020447056740522385 0.015715308487415314 94.63495635986328
0.02023293636739254 0.015479639172554016 95.06594848632812
0.019298166036605835 0.014537269249558449 95.21793365478516
0.01860160566866398 0.013853420503437519 94.96371459960938
0.018715253099799156 0.014014067128300667 94.02371215820312
0.019702721387147903 0.014890845865011215 96.23751831054688
0.019430555403232574 0.014690123498439789 94.80863189697266
0.019048932939767838 0.014239943586289883 96.17977905273438
0.01998329721391201 0.015177518129348755 96.11558532714844
0.018947765231132507 0.014211120083928108 94.73291015625
0.01863173581659794 0.01387006975710392 95.23333740234375
0.02037893235683441 0.015632523223757744 94.92820739746094
0.018638471141457558 0.01394701935350895 93.82902526855469
0.02013433538377285 0.015393028035759926 94.8261489868164
0.018274039030075073 0.013551009818911552 94.4605712890625
0.01941913366317749 0.01463338639587164 95.71495819091797
0.01949213072657585 0.014748942106962204 94.86376953125
0.019428392872214317 0.014692696742713451 94.71391296386719
0.02029499039053917 0.015539645217359066 95.10690307617188
0.018590155988931656 0.013942314311861992 92.95683288574219
0.01956716738641262 0.01483665220439434 94.61030578613281
0.018124861642718315 0.013451231643557549 93.47261047363281
0.018126007169485092 0.013420669361948967 94.10676574707031
0.019350100308656693 0.014629671350121498 94.4085693359375
0.019738342612981796 0.014959920197725296 95.56846618652344
0.018153676763176918 0.013471769168972969 93.63815307617188
0.01862766221165657 0.013898519799113274 94.58284759521484
0.018535278737545013 0.013767052441835403 95.36450958251953
0.018471797928214073 0.013814201578497887 93.15193176269531
0.019393987953662872 0.014630444347858429 95.27085876464844
0.017554955556988716 0.012812713161110878 94.8448486328125
0.018460003659129143 0.013741148635745049 94.37709045410156
0.017305532470345497 0.012595057487487793 94.20950317382812
0.018603593111038208 0.013832859694957733 95.4146728515625
0.018223576247692108 0.013499165885150433 94.48819732666016
0.01809879019856453 0.013377150520682335 94.43277740478516
0.01863447017967701 0.01386798545718193 95.32969665527344
0.017668884247541428 0.012954151257872581 94.294677734375
0.01887982338666916 0.014129146933555603 95.01353454589844
0.0178541149944067 0.013219352811574936 92.69524383544922
0.018557118251919746 0.013861056417226791 93.92123413085938
0.018590621650218964 0.01387283019721508 94.35581970214844
0.019817449152469635 0.015059394761919975 95.16107177734375
0.019070060923695564 0.01434861309826374 94.42894744873047
0.018513944000005722 0.013742293231189251 95.43303680419922
0.018304508179426193 0.013546121306717396 95.16773986816406
0.018652305006980896 0.01382473949342966 96.55133056640625
0.017735444009304047 0.013019937090575695 94.31013488769531
0.018355606123805046 0.013568352907896042 95.74507904052734
0.018426263704895973 0.013752367347478867 93.47794342041016
0.017378633841872215 0.012655600905418396 94.4606704711914
0.01914571225643158 0.014364740811288357 95.61941528320312
0.017901470884680748 0.013207478448748589 93.87985229492188
0.01889106072485447 0.014180567115545273 94.20988464355469
0.018369993194937706 0.013726869598031044 92.86248779296875
0.01854739710688591 0.013829337432980537 94.36119079589844
0.01708337850868702 0.012385604903101921 93.9554672241211
0.01672719046473503 0.012080585584044456 92.9321060180664
0.01707189902663231 0.012368498370051384 94.0679931640625
0.01796853356063366 0.013289973139762878 93.57121276855469
0.018971968442201614 0.014137896709144115 96.68144226074219
0.017570991069078445 0.012818723917007446 95.04536437988281
0.01849231868982315 0.01375429518520832 94.76048278808594
0.01640404388308525 0.011723610572516918 93.60867309570312
0.017798127606511116 0.013061603531241417 94.7304916381836
0.01799868419766426 0.013271481730043888 94.54405212402344
0.018144603818655014 0.01340707577764988 94.75057983398438
0.016399679705500603 0.011769745498895645 92.59869384765625
0.017031582072377205 0.012384708039462566 92.93749237060547
0.01728583313524723 0.01259271427989006 93.86236572265625
0.01795591041445732 0.013246320188045502 94.19178771972656
0.017860962077975273 0.013170529156923294 93.80867004394531
0.017300553619861603 0.012611815705895424 93.77474212646484
0.018055817112326622 0.013289164751768112 95.33304595947266
0.017969617620110512 0.013277824968099594 93.83586883544922
0.017545239999890327 0.012859364971518517 93.71749114990234
0.017555680125951767 0.01283319853246212 94.44963836669922
0.018677864223718643 0.013978489674627781 93.98750305175781
0.017309267073869705 0.012658309191465378 93.01914978027344
0.01784701831638813 0.013133293017745018 94.27452087402344
0.01755518838763237 0.012864699587225914 93.80976867675781
0.019600575789809227 0.014975739642977715 92.49673461914062
0.018527396023273468 0.013866322115063667 93.22148132324219
0.018502850085496902 0.01377737894654274 94.50941467285156
0.01776675321161747 0.012988312169909477 95.56880950927734
0.016924917697906494 0.012200897559523582 94.48042297363281
0.017518814653158188 0.012775198556482792 94.872314453125
0.016275014728307724 0.011518249288201332 95.13531494140625
0.017197411507368088 0.012465870007872581 94.63082885742188
0.017562076449394226 0.012834988534450531 94.5417709350586
0.017451774328947067 0.012789985164999962 93.23579406738281
0.0172911174595356 0.01261834241449833 93.45549011230469
0.01865379326045513 0.01396446768194437 93.78651428222656
0.01773768663406372 0.012984929606318474 95.05513000488281
0.017564132809638977 0.012843762524425983 94.40738677978516
0.01730869710445404 0.01254960522055626 95.18183898925781
0.016293123364448547 0.011598172597587109 93.89900207519531
0.017182601615786552 0.012453891336917877 94.57421112060547
0.01677318848669529 0.012049008160829544 94.48361206054688
0.017118409276008606 0.012435131706297398 93.66556549072266
0.016676772385835648 0.011932739056646824 94.88067626953125
0.01765192672610283 0.012921669520437717 94.60516357421875
0.01604362204670906 0.011367743834853172 93.517578125
0.017370007932186127 0.012723779305815697 92.92456817626953
0.016566798090934753 0.011858923360705376 94.15750122070312
0.0173027366399765 0.012624003924429417 93.57467651367188
0.016347281634807587 0.011750697158277035 91.93169403076172
0.01647721230983734 0.011878440156579018 91.9754638671875
0.016314413398504257 0.011624924838542938 93.789794921875
0.01690549962222576 0.012275749817490578 92.59498596191406
0.017823632806539536 0.013121801428496838 94.0366439819336
0.017168931663036346 0.012556827627122402 92.2420654296875
0.016227394342422485 0.011601991951465607 92.508056640625
0.017066385596990585 0.012445254251360893 92.42263793945312
0.017104391008615494 0.012441164813935757 93.26451110839844
0.01623944565653801 0.011633748188614845 92.11395263671875
0.016303157433867455 0.011671662330627441 92.62989044189453
0.016054335981607437 0.011488552205264568 91.315673828125
0.01581241376698017 0.011177858337759972 92.69111633300781
0.0172000490128994 0.012541715055704117 93.16670227050781
0.016237521544098854 0.011584986001253128 93.05071258544922
0.015819882974028587 0.011163964867591858 93.11837768554688
0.017176618799567223 0.012469123117625713 94.1499252319336
0.017455648630857468 0.012774746865034103 93.6180419921875
0.015586855821311474 0.011046439409255981 90.80833435058594
0.017258252948522568 0.012564902193844318 93.86701965332031
0.01627437211573124 0.011590765789151192 93.672119140625
0.016254249960184097 0.011614451184868813 92.7959976196289
0.017293768003582954 0.0126156285405159 93.56280517578125
0.01651221141219139 0.011874043382704258 92.76334381103516
0.016744030639529228 0.011980364099144936 95.27333068847656
0.01600785180926323 0.01138380542397499 92.48092651367188
0.01707102172076702 0.012335255742073059 94.71532440185547
0.01652211882174015 0.011799459345638752 94.45318603515625
0.017030373215675354 0.012366842478513718 93.2706298828125
0.016909848898649216 0.012289915233850479 92.3986587524414
0.015253236517310143 0.010594133287668228 93.18206024169922
0.016301032155752182 0.01161518320441246 93.71696472167969
0.017181824892759323 0.012423760257661343 95.16131591796875
0.016247054561972618 0.011555912904441357 93.82282257080078
0.016285670921206474 0.011613024398684502 93.45291900634766
0.016415253281593323 0.011759473010897636 93.1156234741211
0.016260633245110512 0.011585758067667484 93.49751281738281
0.01581554114818573 0.011188242584466934 92.54598999023438
0.016873355954885483 0.01218416914343834 93.78375244140625
0.01507931761443615 0.010497190989553928 91.64254760742188
0.015635348856449127 0.011061768978834152 91.47159576416016
0.016190141439437866 0.0115590188652277 92.62246704101562
0.017048481851816177 0.012362172827124596 93.72620391845703
0.015422198921442032 0.010770811699330807 93.02775573730469
0.01567797362804413 0.011044247075915337 92.67453002929688
0.01717444509267807 0.01250399835407734 93.40892791748047
0.015244770795106888 0.010728249326348305 90.33042907714844
0.01599116064608097 0.011407747864723206 91.66825866699219
0.015049588866531849 0.0104955630376935 91.08052062988281
0.015734337270259857 0.011082027107477188 93.04621887207031
0.01589013822376728 0.011287866160273552 92.04544830322266
0.01659657247364521 0.011971574276685715 92.4999771118164
0.01558082364499569 0.010959314182400703 92.43019104003906
0.01645467057824135 0.011715780943632126 94.77777862548828
0.01627148687839508 0.011537984944880009 94.6700439453125
0.01572304591536522 0.011041635647416115 93.62821197509766
0.016918528825044632 0.012132816016674042 95.71426391601562
0.016569990664720535 0.011817383579909801 95.05213928222656
0.016420045867562294 0.011657586321234703 95.24920654296875
0.014709952287375927 0.010054782032966614 93.10340881347656
0.015863506123423576 0.011053702794015408 96.19606018066406
0.01595783606171608 0.011306846514344215 93.01979064941406
0.01624491810798645 0.011536303907632828 94.17228698730469
0.016450436785817146 0.011699654161930084 95.01565551757812
0.017134319990873337 0.012396898120641708 94.74842834472656
0.014882414601743221 0.010256949812173843 92.5093002319336
0.01657027378678322 0.011988021433353424 91.64503479003906
0.016358057036995888 0.01171015202999115 92.95809936523438
0.016442928463220596 0.011758925393223763 93.68008422851562
0.017053022980690002 0.012345517054200172 94.15010070800781
0.01608782261610031 0.011365670710802078 94.44305419921875
0.016488898545503616 0.011792298406362534 93.93199920654297
0.01462467573583126 0.009982289746403694 92.84772491455078
0.016330933198332787 0.011626755818724632 94.08354949951172
0.01497960276901722 0.010304246097803116 93.50712585449219
0.01563427597284317 0.01088830828666687 94.91937255859375
0.01581394299864769 0.011168267577886581 92.91351318359375
0.016254227608442307 0.011551673524081707 94.05107116699219
0.016489088535308838 0.011790185235440731 93.97808837890625
0.015792950987815857 0.011095019057393074 93.95863342285156
0.015256749466061592 0.010611724108457565 92.90049743652344
0.016440361738204956 0.011722497642040253 94.35730743408203
0.015927214175462723 0.011174432933330536 95.05564880371094
0.016706982627511024 0.01196846179664135 94.7704086303711
0.014898846857249737 0.010231789201498032 93.34115600585938
0.01631939969956875 0.011651264503598213 93.36271667480469
0.015026360750198364 0.01042142417281866 92.09873962402344
0.015135681256651878 0.01051737368106842 92.36616516113281
0.015903903171420097 0.011261295527219772 92.85214233398438
0.015466566197574139 0.010890635661780834 91.51861572265625
0.015583228319883347 0.011014388874173164 91.37678527832031
0.01567404717206955 0.011080706492066383 91.86680603027344
0.015504701994359493 0.010851397179067135 93.06610107421875
0.01580781862139702 0.011189108714461327 92.37419891357422
0.0158885195851326 0.011242365464568138 92.923095703125
0.015397895127534866 0.010747590102255344 93.006103515625
0.015173409134149551 0.010550176724791527 92.46466064453125
0.015339000150561333 0.010677289217710495 93.23422241210938
0.015089428052306175 0.0103677399456501 94.43376922607422
0.015256611630320549 0.010494764894247055 95.23692321777344
0.01628648303449154 0.011560026556253433 94.52914428710938
0.01490318775177002 0.01014700811356306 95.12358856201172
0.015297634527087212 0.010586189106106758 94.22889709472656
0.014478892087936401 0.0098013486713171 93.55086517333984
0.01600654236972332 0.01130326371639967 94.06558227539062
0.015019232407212257 0.0103016197681427 94.35225677490234
0.014757162891328335 0.010104943066835403 93.04440307617188
0.01476668007671833 0.010080935433506966 93.71488952636719
0.015791727229952812 0.011129082180559635 93.25289154052734
0.014998279511928558 0.01033475436270237 93.27049255371094
0.01545552909374237 0.010846279561519623 92.18498229980469
0.016053035855293274 0.011364148929715157 93.77775573730469
0.015225912444293499 0.01053414773195982 93.83529663085938
0.016143709421157837 0.011424953117966652 94.3751220703125
0.015411240980029106 0.010792842134833336 92.36798095703125
0.015887783840298653 0.011223303154110909 93.28962707519531
0.014761453494429588 0.010101803578436375 93.19300079345703
0.015519465319812298 0.010860737413167953 93.174560546875
0.01533210277557373 0.010633617639541626 93.96969604492188
0.01524999737739563 0.010603656992316246 92.92681884765625
0.0166010782122612 0.011847864836454391 95.06429290771484
0.015431977808475494 0.010770447552204132 93.23060607910156
0.015059273689985275 0.010447696782648563 92.23153686523438
0.014815766364336014 0.01018550619482994 92.60519409179688
0.014168184250593185 0.009533648379147053 92.69071197509766
0.015516886487603188 0.010769633576273918 94.94505310058594
0.015709348022937775 0.010955749079585075 95.07199096679688
0.015149708837270737 0.01043095625936985 94.37504577636719
0.015187716111540794 0.010470762848854065 94.33906555175781
0.01504448987543583 0.010320490226149559 94.47999572753906
0.01600499078631401 0.011241666041314602 95.26651763916016
0.014620326459407806 0.009923669509589672 93.93314361572266
0.015661410987377167 0.010957574471831322 94.07673645019531
0.015463030897080898 0.010720835998654366 94.84390258789062
0.015917664393782616 0.011158331297338009 95.1866683959961
0.015648456290364265 0.010900840163230896 94.95233154296875
0.016343511641025543 0.011613048613071442 94.60924530029297
0.014569091610610485 0.009875810705125332 93.86561584472656
0.014718477614223957 0.009981229901313782 94.74495697021484
0.015745870769023895 0.010904294438660145 96.83154296875
0.015490347519516945 0.010748568922281265 94.83557891845703
0.014873655512928963 0.010137537494301796 94.72235107421875
0.01578436605632305 0.010901844128966331 97.65045166015625
0.015220202505588531 0.010544942691922188 93.50519561767578
0.015421039424836636 0.010630475357174873 95.811279296875
0.01536184549331665 0.010710528120398521 93.02633666992188
0.015132993459701538 0.01039575133472681 94.74485778808594
0.015325477346777916 0.010574446991086006 95.02062225341797
0.01592610776424408 0.011170810088515282 95.1059341430664
0.014544718898832798 0.009871043264865875 93.4735107421875
0.014583718031644821 0.00994384940713644 92.79736328125
0.014259681105613708 0.009634817950427532 92.49726867675781
0.013756830245256424 0.009202590212225914 91.08479309082031
0.015581442043185234 0.010880328714847565 94.02226257324219
0.014853451400995255 0.010234786197543144 92.37329864501953
0.01448635570704937 0.009908709675073624 91.55291748046875
0.014243479818105698 0.009775650687515736 89.35658264160156
0.015510582365095615 0.01082771085202694 93.65743255615234
0.014866292476654053 0.010223388671875 92.85808563232422
0.014748629182577133 0.010069401003420353 93.58457946777344
0.014587251469492912 0.009996235370635986 91.8203125
0.014782201498746872 0.0101359523832798 92.92497253417969
0.014474757015705109 0.009829169139266014 92.91177368164062
0.014726739376783371 0.010078487917780876 92.96502685546875
0.01467309519648552 0.010084865614771843 91.76459503173828
0.015588836744427681 0.01095687597990036 92.63920593261719
0.014730379916727543 0.010050114244222641 93.60531616210938
0.014468677341938019 0.009879333898425102 91.786865234375
0.014645956456661224 0.010023917071521282 92.44078063964844
0.014869804494082928 0.010271044448018074 91.97520446777344
0.015009651891887188 0.010361988097429276 92.95327758789062
0.015622935257852077 0.010950564406812191 93.44741821289062
0.015090808272361755 0.010397713631391525 93.86189270019531
0.015073519200086594 0.010392154566943645 93.62728881835938
0.013993211090564728 0.009381617419421673 92.23188018798828
0.015060094185173512 0.010258542373776436 96.03103637695312
0.01507191639393568 0.010426245629787445 92.91342163085938
0.01476331613957882 0.010128564201295376 92.69503784179688
0.014591759070754051 0.009927719831466675 93.28077697753906
0.014662103727459908 0.009878257289528847 95.67693328857422
0.01565604656934738 0.01082694623619318 96.58199310302734
0.015323024243116379 0.010606891475617886 94.32266998291016
0.014413179829716682 0.00970219075679779 94.21978759765625
0.015189072117209435 0.010474295355379581 94.29554748535156
0.01534886285662651 0.010634084232151508 94.29557800292969
0.015157230198383331 0.010419919155538082 94.7462158203125
0.014255477115511894 0.00958507414907217 93.40807342529297
0.013966822996735573 0.009308895096182823 93.15855407714844
0.01381286233663559 0.009214242920279503 91.97239685058594
0.015591293573379517 0.01078782044351101 96.06946563720703
0.014064928516745567 0.009416759014129639 92.96338653564453
0.013959810137748718 0.009236617013812065 94.46387481689453
0.014529603533446789 0.009788436815142632 94.82333374023438
0.014470076188445091 0.009760947898030281 94.18257141113281
0.014230506494641304 0.009547634981572628 93.65744018554688
0.014168873429298401 0.009521178901195526 92.95390319824219
0.015249263495206833 0.010576561093330383 93.45406341552734
0.014142896980047226 0.009452265687286854 93.8126220703125
0.014535218477249146 0.009862245991826057 93.45944213867188
0.013773721642792225 0.009091195650398731 93.65052032470703
0.01449037715792656 0.009809697046875954 93.61360168457031
0.014425120316445827 0.0097374701872468 93.75300598144531
0.014235042035579681 0.009646049700677395 91.77984619140625
0.015650078654289246 0.0108850859105587 95.29985046386719
0.013778211548924446 0.009176250547170639 92.03921508789062
0.01386235374957323 0.009249962866306305 92.24781799316406
0.013919597491621971 0.009340081363916397 91.59031677246094
0.014665504917502403 0.010008913464844227 93.13184356689453
0.01486482284963131 0.010202711448073387 93.24223327636719
0.014180706813931465 0.009606702253222466 91.4801025390625
0.014300810173153877 0.009633414447307587 93.34791564941406
0.014185750856995583 0.009578872472047806 92.1375732421875
0.013613630086183548 0.00898206327110529 92.63134765625
0.014224667102098465 0.009535299614071846 93.787353515625
0.013296704739332199 0.008759191259741783 90.75027465820312
0.014197403565049171 0.0095753138884902 92.44178771972656
0.013827885501086712 0.009259440004825592 91.36891174316406
0.01381683349609375 0.009195927530527115 92.41812133789062
0.0142672685906291 0.009630019776523113 92.74497985839844
0.015075994655489922 0.01036221906542778 94.2755126953125
0.013435051776468754 0.008833281695842743 92.03540802001953
0.014891715720295906 0.010151663795113564 94.80103302001953
0.014572227373719215 0.009961296804249287 92.21861267089844
0.01390622928738594 0.009225193411111832 93.6207275390625
0.014114513993263245 0.00949153769761324 92.45953369140625
0.014200057834386826 0.00949946790933609 94.01179504394531
0.014096919447183609 0.009428458288311958 93.36923217773438
0.01401418074965477 0.009262530133128166 95.03302764892578
0.014384286478161812 0.00972120463848114 93.26164245605469
0.013786332681775093 0.009153498336672783 92.65667724609375
0.014138150960206985 0.009491302073001862 92.93698120117188
0.014143147505819798 0.009533274918794632 92.19745635986328
0.015366947278380394 0.010745162144303322 92.43571472167969
0.014560245908796787 0.009934276342391968 92.51939392089844
0.014321048744022846 0.009668391197919846 93.05315399169922
0.013701127842068672 0.00904192216694355 93.18412780761719
0.013879307545721531 0.009281491860747337 91.95631408691406
0.013370692729949951 0.008770056068897247 92.01274871826172
0.014424045570194721 0.009678764268755913 94.90562438964844
0.014334606006741524 0.009643513709306717 93.82185363769531
0.014121316373348236 0.009386885911226273 94.6885986328125
0.014603639952838421 0.009954467415809631 92.98345184326172
0.01375252939760685 0.009111091494560242 92.82875061035156
0.013950193300843239 0.00928947702050209 93.21434020996094
0.01442884374409914 0.009805831126868725 92.46025085449219
0.014471800997853279 0.00988343358039856 91.76734161376953
0.013859758153557777 0.009252146817743778 92.1522216796875
0.013809272088110447 0.009213772602379322 91.90998840332031
0.013606438413262367 0.008991352282464504 92.30171966552734
0.014017250388860703 0.009398330934345722 92.3783950805664
0.014828594401478767 0.010120498016476631 94.16192626953125
0.01376342959702015 0.009080324321985245 93.662109375
0.013957664370536804 0.009305352345108986 93.04624938964844
0.01477796770632267 0.00998870562762022 95.78524780273438
0.01403883658349514 0.009398777037858963 92.80119323730469
0.014264371246099472 0.009450200013816357 96.28343200683594
0.013860933482646942 0.009095916524529457 95.30033111572266
0.014227915555238724 0.009419938549399376 96.15955352783203
0.014618199318647385 0.009759727865457535 97.16943359375
0.013951906934380531 0.009141137823462486 96.21538543701172
0.014250749722123146 0.009475908242166042 95.49684143066406
0.013834871351718903 0.009152122773230076 93.65498352050781
0.014619562774896622 0.00990584772080183 94.2742919921875
0.013330824673175812 0.008678853511810303 93.03941345214844
0.012826772406697273 0.008265492506325245 91.22560119628906
0.01411666814237833 0.009487038478255272 92.59259796142578
0.012980292551219463 0.00841288547962904 91.34814453125
0.0145322997123003 0.009835934266448021 93.92730712890625
0.013802316039800644 0.009117307141423225 93.7001724243164
0.013662055134773254 0.009011696092784405 93.00718688964844
0.01389944739639759 0.009216830134391785 93.65235900878906
0.014008882455527782 0.009284401312470436 94.4896240234375
0.013944476842880249 0.009226149879395962 94.36653137207031
0.01375382486730814 0.009054630063474178 93.98390197753906
0.014268044382333755 0.00961814634501934 92.99795532226562
0.013689786195755005 0.009024441242218018 93.30689239501953
0.01455102488398552 0.009863657876849174 93.74732971191406
0.013920411467552185 0.009282169863581657 92.76484680175781
0.013670874759554863 0.00905189011245966 92.37969207763672
0.013989599421620369 0.009296099655330181 93.87000274658203
0.014897666871547699 0.010174009948968887 94.47312927246094
0.013990554958581924 0.009362421929836273 92.56265258789062
0.013449114747345448 0.008805539458990097 92.87150573730469
0.013293525204062462 0.008670274168252945 92.46501159667969
0.013894340954720974 0.009247470647096634 92.93740844726562
0.01329848077148199 0.008676018565893173 92.44924926757812
0.01306801289319992 0.008479764685034752 91.76497650146484
0.014239713549613953 0.009554939344525337 93.69549560546875
0.012847932055592537 0.008252205327153206 91.91453552246094
0.013750813901424408 0.009114347398281097 92.72933959960938
0.014021417126059532 0.009364441968500614 93.13949584960938
0.014116400852799416 0.00946385320276022 93.05095672607422
0.013990338891744614 0.009332647547125816 93.15382385253906
0.013753862120211124 0.009143000468611717 92.21723937988281
0.013383496552705765 0.008721360005438328 93.24274444580078
0.013808149844408035 0.00912484247237444 93.66615295410156
0.013762082904577255 0.009147057309746742 92.30050659179688
0.013162653893232346 0.00859573669731617 91.33833312988281
0.014655528590083122 0.009972373023629189 93.66310119628906
0.012965122237801552 0.008373258635401726 91.83726501464844
0.014597075060009956 0.00986156053841114 94.71029663085938
0.013216990977525711 0.00865457858890295 91.24826049804688
0.01335090771317482 0.008691340684890747 93.19133758544922
0.012835966423153877 0.008279001340270042 91.13931274414062
0.013525359332561493 0.008851157501339912 93.48404693603516
0.013498686254024506 0.008852190338075161 92.92992401123047
0.013329404406249523 0.008588146418333054 94.82516479492188
0.013856455683708191 0.009102629497647285 95.07652282714844
0.013365164399147034 0.008665082044899464 94.00164794921875
0.013870932161808014 0.009035744704306126 96.70375061035156
0.013764919713139534 0.009005285799503326 95.19268035888672
0.01372242160141468 0.008997277356684208 94.50289916992188
0.01425105333328247 0.009459154680371284 95.83798217773438
0.01376708596944809 0.009031200781464577 94.71771240234375
0.013664370402693748 0.008902262896299362 95.24215698242188
0.013829235918819904 0.009080861695110798 94.96749114990234
0.013650879263877869 0.008978376165032387 93.45005798339844
0.013270210474729538 0.008719499222934246 91.01423645019531
0.0131742674857378 0.00857162568718195 92.05284118652344
0.01361476257443428 0.008917178027331829 93.95170593261719
0.014092362485826015 0.009339256212115288 95.06212615966797
0.013561447151005268 0.008798999711871147 95.24895477294922
0.013390455394983292 0.00866338424384594 94.54143524169922
0.01403905265033245 0.009335875511169434 94.06353759765625
0.013381414115428925 0.008685331791639328 93.92164611816406
0.014082787558436394 0.009390998631715775 93.83578491210938
0.014135481789708138 0.00947723351418972 93.16497802734375
0.013734810054302216 0.009099092334508896 92.71435546875
0.014013801701366901 0.009309686720371246 94.0822982788086
0.014067145064473152 0.009402196854352951 93.29896545410156
0.013025099411606789 0.008378495462238789 92.93206787109375
0.013682231307029724 0.008997417986392975 93.6962661743164
0.013996971771121025 0.009230906143784523 95.3213119506836
0.013641862198710442 0.008955392055213451 93.72941589355469
0.012986423447728157 0.00832895003259182 93.14948272705078
0.013281816616654396 0.008649783208966255 92.64066314697266
0.013567456975579262 0.008931158110499382 92.72596740722656
0.01352111529558897 0.008837305940687656 93.67619323730469
0.013755183666944504 0.009042671881616116 94.25023651123047
0.013646624982357025 0.00892316922545433 94.4691162109375
0.013380276039242744 0.008789489045739174 91.81573486328125
0.013736993074417114 0.009056195616722107 93.61595153808594
0.01308288611471653 0.00844227522611618 92.81221008300781
0.013370075263082981 0.00873364508152008 92.72860717773438
0.013756238855421543 0.00910082459449768 93.10829162597656
0.013406071811914444 0.008796099573373795 92.1994400024414
0.013313207775354385 0.00859223585575819 94.41944122314453
0.013231370598077774 0.008553063496947289 93.56613159179688
0.014186392538249493 0.009521694853901863 93.29396057128906
0.01342836581170559 0.008785855025053024 92.8502197265625
0.012457175180315971 0.00783044658601284 92.53458404541016
0.01308945007622242 0.008472107350826263 92.34685516357422
0.013770351186394691 0.009066469967365265 94.07762145996094
0.012799883261322975 0.00816216692328453 92.75433349609375
0.01348732877522707 0.00873529352247715 95.04070281982422
0.013529365882277489 0.008781244046986103 94.96244812011719
0.013350427150726318 0.00860791839659214 94.85018157958984
0.013529393821954727 0.008766253478825092 95.2628173828125
0.013303976505994797 0.008574043400585651 94.59866333007812
0.013349473476409912 0.008559150621294975 95.80647277832031
0.01363072544336319 0.008846143260598183 95.69163513183594
0.013489395380020142 0.008732946589589119 95.12896728515625
0.012674691155552864 0.007979203946888447 93.90973663330078
0.012807024642825127 0.008082724176347256 94.48600769042969
0.01353265717625618 0.008833829313516617 93.97654724121094
0.013316061347723007 0.008649490773677826 93.33141326904297
0.013651009649038315 0.008848471567034721 96.05076599121094
0.013246726244688034 0.008523352444171906 94.46748352050781
0.013382566161453724 0.0086937565356493 93.77619934082031
0.013481078669428825 0.008816560730338097 93.29035186767578
0.012935947626829147 0.008329060859978199 92.13774108886719
0.013392758555710316 0.008717847988009453 93.49821472167969
0.012752333655953407 0.008195282891392708 91.1410140991211
0.012765396386384964 0.008099116384983063 93.32559204101562
0.013444960117340088 0.00878753699362278 93.14847564697266
0.013967452570796013 0.00929238274693489 93.50138854980469
0.01251564733684063 0.007914911024272442 92.01473999023438
0.013019721955060959 0.008500306867063046 90.3883056640625
0.01408729050308466 0.009465765208005905 92.43050384521484
0.013914890587329865 0.009235215373337269 93.593505859375
0.014041237533092499 0.009369666688144207 93.43142700195312
0.012945262715220451 0.008318526670336723 92.53471374511719
0.014220103621482849 0.009537006728351116 93.66194152832031
0.012306775897741318 0.007684845943003893 92.43859100341797
0.013094652444124222 0.008410518988966942 93.68266296386719
0.01385902427136898 0.009102625772356987 95.12797546386719
0.013894476927816868 0.0091526098549366 94.83734130859375
0.012737861834466457 0.00809234008193016 92.91043853759766
0.012718671932816505 0.008006428368389606 94.244873046875
0.01258876733481884 0.007973629981279373 92.30274200439453
0.012369589880108833 0.0076842764392495155 93.70628356933594
0.01272871159017086 0.008123833686113358 92.09757232666016
0.013130671344697475 0.00842519011348486 94.10962677001953
0.012881999835371971 0.008283990435302258 91.96018981933594
0.01350785419344902 0.008782699704170227 94.50308227539062
0.013530584052205086 0.008794697001576424 94.71774291992188
0.014025847427546978 0.009227661415934563 95.9637222290039
0.01308788824826479 0.008526000194251537 91.23776245117188
0.013765229843556881 0.008968857116997242 95.92745971679688
0.012758122757077217 0.008082619868218899 93.51007080078125
0.012390922755002975 0.007796510122716427 91.88825988769531
0.012977391481399536 0.008256614208221436 94.41554260253906
0.013733815401792526 0.008935609832406044 95.96412658691406
0.012893930077552795 0.00820831023156643 93.71239471435547
0.012856926769018173 0.008128132671117783 94.57588195800781
0.012622835114598274 0.008013052865862846 92.19564056396484
0.01395922340452671 0.009278113022446632 93.62222290039062
