0.1587841659784317 0.15649910271167755 4.570122241973877
0.15195296704769135 0.14986538887023926 4.175166606903076
0.14791278541088104 0.14579778909683228 4.229992866516113
0.13878467679023743 0.13636761903762817 4.834122180938721
0.14174719154834747 0.1388666033744812 5.761167526245117
0.1310005933046341 0.12758047878742218 6.8402252197265625
0.12890081107616425 0.1248898059129715 8.02202320098877
0.1242840439081192 0.11955712735652924 9.45383071899414
0.12020283937454224 0.11482688784599304 10.751897811889648
0.11619053035974503 0.10976871848106384 12.843623161315918
0.11017865687608719 0.10318614542484283 13.98501968383789
0.11711642146110535 0.10929099470376968 15.650848388671875
0.10788226872682571 0.09928523749113083 17.194063186645508
0.10483413934707642 0.09523436427116394 19.199542999267578
0.09973451495170593 0.08986970782279968 19.7296085357666
0.09553863108158112 0.08537011593580246 20.337034225463867
0.09656119346618652 0.08591251075267792 21.297359466552734
0.09463930130004883 0.08364532887935638 21.987943649291992
0.09200019389390945 0.08105749636888504 21.885398864746094
0.08379356563091278 0.07276250422000885 22.06212615966797
0.08297787606716156 0.07212071120738983 21.71432876586914
0.08616335690021515 0.07513925433158875 22.04821014404297
0.0842304453253746 0.07333709299564362 21.786697387695312
0.08218677341938019 0.07148443907499313 21.4046630859375
0.0766354575753212 0.06560808420181274 22.05474090576172
0.07941968739032745 0.06868710368871689 21.465164184570312
0.07623804360628128 0.06553614139556885 21.403797149658203
0.07756145298480988 0.06672809273004532 21.66672134399414
0.07592803984880447 0.06515993177890778 21.536216735839844
0.07500559836626053 0.06438833475112915 21.234521865844727
0.07710223644971848 0.06623924523591995 21.72597885131836
0.07493828237056732 0.06418118625879288 21.51419448852539
0.07390658557415009 0.06332255899906158 21.168048858642578
0.0723002552986145 0.061763688921928406 21.073131561279297
0.06896013021469116 0.05849955230951309 20.921157836914062
0.07136660814285278 0.06075996160507202 21.213293075561523
0.06863027811050415 0.05845825374126434 20.344043731689453
0.0702633261680603 0.0599212646484375 20.68411636352539
0.06795737147331238 0.057735443115234375 20.44384765625
0.06921258568763733 0.059155769646167755 20.11363410949707
0.06893465667963028 0.059194713830947876 19.479881286621094
0.06576813012361526 0.056153059005737305 19.230144500732422
0.06537770479917526 0.05620289593935013 18.349613189697266
0.06474965065717697 0.0554918572306633 18.515583038330078
0.06421569734811783 0.055046603083610535 18.338191986083984
0.06296879798173904 0.05432146415114403 17.294668197631836
0.067296102643013 0.05866405740380287 17.264095306396484
0.061740659177303314 0.05323294550180435 17.015424728393555
0.06383013725280762 0.05533881112933159 16.98265838623047
0.06466442346572876 0.05636187642812729 16.60509490966797
0.06501998007297516 0.05687261372804642 16.29473114013672
0.06444451212882996 0.056284043937921524 16.320934295654297
0.06763383746147156 0.059358518570661545 16.550636291503906
0.06204192340373993 0.05356857553124428 16.94669532775879
0.062032006680965424 0.05373069643974304 16.602615356445312
0.06395194679498672 0.05572785437107086 16.44818115234375
0.06488457322120667 0.05699599161744118 15.777156829833984
0.059865158051252365 0.05179523676633835 16.139842987060547
0.06313368678092957 0.05522153154015541 15.82430648803711
0.06277873367071152 0.05534017086029053 14.877129554748535
0.05964481830596924 0.051991477608680725 15.306678771972656
0.059940677136182785 0.05229035019874573 15.300655364990234
0.06254947185516357 0.05508217215538025 14.93459701538086
0.06037173420190811 0.05300658941268921 14.73028564453125
0.057570844888687134 0.04970410466194153 15.733480453491211
0.06073945015668869 0.05348611995577812 14.506656646728516
0.057753514498472214 0.04973659664392471 16.033836364746094
0.059451472014188766 0.05200214684009552 14.898648262023926
0.06015630066394806 0.05252819508314133 15.256206512451172
0.059014011174440384 0.05083706974983215 16.3538818359375
0.05948305502533913 0.051580026745796204 15.806055068969727
0.059828124940395355 0.051890112459659576 15.876028060913086
0.05537065118551254 0.047448188066482544 15.844924926757812
0.062351807951927185 0.05476684868335724 15.169921875
0.05618639290332794 0.04821191728115082 15.948945999145508
0.059178516268730164 0.051460325717926025 15.436384201049805
0.05907037854194641 0.051474831998348236 15.191096305847168
0.055802516639232635 0.04820260778069496 15.199819564819336
0.0575648732483387 0.05003682151436806 15.056103706359863
0.0590645894408226 0.05152994394302368 15.069286346435547
0.05596504732966423 0.04834780469536781 15.234485626220703
0.060339611023664474 0.05305597558617592 14.567270278930664
0.05810770392417908 0.05053813010454178 15.139145851135254
0.06074086204171181 0.05310281366109848 15.276094436645508
0.05702393501996994 0.04931636154651642 15.41514778137207
0.05696900933980942 0.04896722361445427 16.00356674194336
0.05781129375100136 0.050276871770620346 15.068845748901367
0.05644480139017105 0.048863090574741364 15.163418769836426
0.056182440370321274 0.04857226088643074 15.22036075592041
0.05531521514058113 0.04790152981877327 14.827369689941406
0.057475361973047256 0.050401151180267334 14.148423194885254
0.05333392694592476 0.04620112106204033 14.265609741210938
0.053913265466690063 0.046759217977523804 14.308094024658203
0.056570738554000854 0.049465812742710114 14.209848403930664
0.05717989802360535 0.050046470016241074 14.266854286193848
0.05820475518703461 0.05115966126322746 14.090190887451172
0.05591142177581787 0.04846467822790146 14.893489837646484
0.05103252828121185 0.043071988970041275 15.921082496643066
0.05473439767956734 0.04665210098028183 16.164594650268555
0.05582740902900696 0.04806269332766533 15.529427528381348
0.05206020176410675 0.044162094593048096 15.796209335327148
0.053038205951452255 0.04554961621761322 14.977176666259766
0.054067522287368774 0.046331461519002914 15.472122192382812
0.0518498495221138 0.04464493319392204 14.409829139709473
0.051665276288986206 0.0443912111222744 14.548129081726074
0.05195361748337746 0.04490317404270172 14.100883483886719
0.05446096509695053 0.04775959625840187 13.402740478515625
0.055209167301654816 0.04808979481458664 14.238741874694824
0.053075190633535385 0.04559149220585823 14.967398643493652
0.05343449115753174 0.04594171792268753 14.985546112060547
0.05452616512775421 0.04669537767767906 15.661571502685547
0.05346175655722618 0.0457686185836792 15.386276245117188
0.05164841189980507 0.04386797547340393 15.560870170593262
0.05156298354268074 0.04404483735561371 15.036291122436523
0.05364091694355011 0.04608675837516785 15.108318328857422
0.05382734164595604 0.046497032046318054 14.660621643066406
0.05349934846162796 0.04628793150186539 14.422837257385254
0.05108059570193291 0.043663039803504944 14.835110664367676
0.050937067717313766 0.0436839796602726 14.506174087524414
0.05083354189991951 0.043897852301597595 13.871379852294922
0.049948800355196 0.04266300052404404 14.571596145629883
0.04938732832670212 0.0422746017575264 14.225454330444336
0.05016643553972244 0.042857252061367035 14.618370056152344
0.050122372806072235 0.04281964898109436 14.605448722839355
0.05311449617147446 0.045919254422187805 14.390481948852539
0.050666406750679016 0.04337673261761665 14.57934856414795
0.051501162350177765 0.044010236859321594 14.981847763061523
0.05273757502436638 0.045281827449798584 14.911492347717285
0.0497414655983448 0.04224839061498642 14.986146926879883
0.05084747076034546 0.043166615068912506 15.36170768737793
0.0491451695561409 0.04166252166032791 14.96529769897461
0.049610551446676254 0.0420616939663887 15.097716331481934
0.05126933380961418 0.04372379183769226 15.091086387634277
0.04804319888353348 0.04062331095337868 14.839773178100586
0.04883692041039467 0.041445791721343994 14.782257080078125
0.05010716989636421 0.04284541308879852 14.523509979248047
0.05090683698654175 0.04357869178056717 14.656293869018555
0.04850345477461815 0.04083532094955444 15.33626937866211
0.04946395382285118 0.04203176498413086 14.864374160766602
0.04791286215186119 0.04009147360920906 15.642776489257812
0.04962100088596344 0.041751354932785034 15.739290237426758
0.04893025383353233 0.04128266125917435 15.295186996459961
0.04865288361907005 0.04077370837330818 15.758349418640137
0.0483626052737236 0.04068063572049141 15.363936424255371
0.051822248846292496 0.04410741850733757 15.429657936096191
0.04640672355890274 0.03866748884320259 15.478468894958496
0.049635712057352066 0.04190600663423538 15.459410667419434
0.04920925945043564 0.041628398001194 15.161721229553223
0.04932834953069687 0.041767723858356476 15.121248245239258
0.048454392701387405 0.04080775007605553 15.293285369873047
0.04846850782632828 0.040953315794467926 15.030386924743652
0.048485852777957916 0.040875498205423355 15.220705032348633
0.04612632840871811 0.038379766047000885 15.493120193481445
0.047252632677555084 0.039686352014541626 15.132560729980469
0.049868807196617126 0.042192891240119934 15.351828575134277
0.04652082920074463 0.03885277360677719 15.336109161376953
0.04777935892343521 0.04020557180047035 15.147571563720703
0.04778771102428436 0.0398329421877861 15.909537315368652
0.046138547360897064 0.03827144205570221 15.734209060668945
0.0481819212436676 0.04029460996389389 15.774624824523926
0.04786692559719086 0.03997042030096054 15.793007850646973
0.04834696650505066 0.04024834185838699 16.197246551513672
0.048178400844335556 0.04028663784265518 15.783527374267578
0.04486627131700516 0.03703360632061958 15.665327072143555
0.04626375809311867 0.03831040486693382 15.90670394897461
0.04651124030351639 0.038647234439849854 15.728007316589355
0.04688030108809471 0.0391661711037159 15.428257942199707
0.04479772597551346 0.03704739362001419 15.500665664672852
0.04649098217487335 0.039113253355026245 14.755457878112793
0.046900469809770584 0.03931790962815285 15.165121078491211
0.04816636070609093 0.040581829845905304 15.169059753417969
0.04559947922825813 0.03789953887462616 15.399881362915039
0.044594183564186096 0.03698621317744255 15.215940475463867
0.04518880322575569 0.037204988300800323 15.967626571655273
0.04756045714020729 0.039568912237882614 15.983086585998535
0.04377206042408943 0.03570346534252167 16.137187957763672
0.046252861618995667 0.03826095908880234 15.983800888061523
0.045040592551231384 0.036994557827711105 16.092069625854492
0.043796125799417496 0.0359514020383358 15.689444541931152
0.04397795349359512 0.03609419986605644 15.767509460449219
0.044449158012866974 0.03677085414528847 15.356605529785156
0.045812856405973434 0.03810903802514076 15.407636642456055
0.04600166901946068 0.03835327923297882 15.296777725219727
0.04324410483241081 0.03554082289338112 15.406564712524414
0.04574479162693024 0.03822265565395355 15.044269561767578
0.043758831918239594 0.03591527044773102 15.687122344970703
0.04467618092894554 0.0367470346391201 15.858293533325195
0.045569323003292084 0.037666067481040955 15.806507110595703
0.046781569719314575 0.03877629339694977 16.01055335998535
0.04294140264391899 0.03484649956226349 16.189807891845703
0.045427046716213226 0.037514761090278625 15.824569702148438
0.04509217292070389 0.03708430007100105 16.015748977661133
0.04583679139614105 0.0381355881690979 15.4024076461792
0.04354896396398544 0.0358223095536232 15.453306198120117
0.04626917839050293 0.0385143868625164 15.509584426879883
0.04238985851407051 0.03444945067167282 15.880817413330078
0.04391128942370415 0.03603476658463478 15.753046035766602
0.046312861144542694 0.03856808319687843 15.489555358886719
0.04229884594678879 0.03463044762611389 15.3367919921875
0.04304129257798195 0.03489765524864197 16.287275314331055
0.045158229768276215 0.0371173694729805 16.081722259521484
0.041852839291095734 0.03367486596107483 16.35594367980957
0.043127212673425674 0.03468216955661774 16.89008331298828
0.044482313096523285 0.03631497174501419 16.33468246459961
0.04246801882982254 0.033977821469306946 16.980390548706055
0.04429161176085472 0.03601081669330597 16.56159210205078
0.04274396598339081 0.03452005982398987 16.44780731201172
0.04014290124177933 0.03197557479143143 16.33464813232422
0.04519946128129959 0.03731370344758034 15.771515846252441
0.0436532124876976 0.03570793569087982 15.890556335449219
0.04542618617415428 0.03721874579787254 16.414878845214844
0.042983271181583405 0.03480593115091324 16.35467529296875
0.04628783464431763 0.03818122297525406 16.213220596313477
0.04151241108775139 0.03314307704567909 16.738666534423828
0.04294721782207489 0.03460431098937988 16.685815811157227
0.04223752021789551 0.03407995402812958 16.315128326416016
0.04237169027328491 0.03416457772254944 16.414226531982422
0.043193936347961426 0.035184286534786224 16.019298553466797
0.04308589547872543 0.03487161919474602 16.42854881286621
0.04249589890241623 0.03443662449717522 16.118549346923828
0.0434427410364151 0.03527052327990532 16.344432830810547
0.04374310374259949 0.035775553435087204 15.935101509094238
0.04444124549627304 0.03631836920976639 16.245752334594727
0.04214908927679062 0.03393515199422836 16.42786979675293
0.04536163806915283 0.03751395642757416 15.695364952087402
0.041827183216810226 0.03378691524267197 16.080535888671875
0.03964734077453613 0.031610824167728424 16.073030471801758
0.04102051258087158 0.03282085061073303 16.399324417114258
0.04075873643159866 0.03258586674928665 16.34574317932129
0.04031688719987869 0.0318232923746109 16.987184524536133
0.04279438406229019 0.03429805487394333 16.992660522460938
0.04116778075695038 0.032700542360544205 16.934478759765625
0.041518352925777435 0.033273108303546906 16.4904842376709
0.04154903441667557 0.03337884321808815 16.340381622314453
0.041650280356407166 0.03360456973314285 16.091419219970703
0.0418262854218483 0.033774591982364655 16.10338592529297
0.043427079916000366 0.035332463681697845 16.18923568725586
0.042065903544425964 0.03381893411278725 16.493942260742188
0.04147975891828537 0.03323262557387352 16.494264602661133
0.04214897379279137 0.033677101135253906 16.94374656677246
0.04138890653848648 0.03298403322696686 16.80974769592285
0.04247253015637398 0.0338609404861927 17.22317886352539
0.040190763771533966 0.03138396888971329 17.613590240478516
0.04125382378697395 0.03267486020922661 17.157926559448242
0.04076224938035011 0.03237680345773697 16.770893096923828
0.0397128127515316 0.031121764332056046 17.18209457397461
0.04077428579330444 0.032238490879535675 17.07158851623535
0.03953969106078148 0.03115912899374962 16.761125564575195
0.041889190673828125 0.03355236351490021 16.673654556274414
0.03928745537996292 0.030876241624355316 16.822429656982422
0.040071357041597366 0.031564872711896896 17.012969970703125
0.04312383383512497 0.03456781059503555 17.112049102783203
0.04181264340877533 0.0332336500287056 17.157989501953125
0.03925812989473343 0.030866574496030807 16.783113479614258
0.04249504208564758 0.034009795635938644 16.97049331665039
0.03974710404872894 0.031258657574653625 16.976892471313477
0.03957708925008774 0.031152646988630295 16.84888458251953
0.039980921894311905 0.03152730315923691 16.90723419189453
0.04110439121723175 0.03252439573407173 17.159988403320312
0.040186807513237 0.03174957260489464 16.874465942382812
0.040470946580171585 0.03193814679980278 17.065601348876953
0.04022258520126343 0.03162149339914322 17.20218276977539
0.040171679109334946 0.03164545074105263 17.052453994750977
0.04081127047538757 0.03256312757730484 16.496288299560547
0.038577958941459656 0.030337586998939514 16.480743408203125
0.03920808807015419 0.03100571408867836 16.404748916625977
0.04122408106923103 0.03334033489227295 15.767494201660156
0.04123344272375107 0.033033572137355804 16.399738311767578
0.0390913151204586 0.030793342739343643 16.5959415435791
0.04045766219496727 0.03204980865120888 16.815704345703125
0.04093858599662781 0.03258182853460312 16.713512420654297
0.03932834416627884 0.03052796609699726 17.600757598876953
0.04064313322305679 0.0320994108915329 17.087440490722656
0.03818788006901741 0.02934538945555687 17.684982299804688
0.04019822180271149 0.03161891549825668 17.158607482910156
0.04158444702625275 0.033011965453624725 17.14495849609375
0.04160233587026596 0.032916463911533356 17.371742248535156
0.038146983832120895 0.02971748635172844 16.858993530273438
0.040016964077949524 0.031542375683784485 16.949174880981445
0.039536252617836 0.03115527145564556 16.761960983276367
0.04034464433789253 0.03209809958934784 16.493087768554688
0.039413053542375565 0.031148280948400497 16.5295467376709
0.03887414187192917 0.03067123517394066 16.405811309814453
0.039107535034418106 0.030811835080385208 16.59139633178711
0.03998735547065735 0.03176281601190567 16.449073791503906
0.04148419201374054 0.03313395380973816 16.700477600097656
0.038839709013700485 0.030407704412937164 16.864009857177734
0.03982899710536003 0.031471457332372665 16.715076446533203
0.04026906192302704 0.03194043040275574 16.65726089477539
0.03931088745594025 0.030632877722382545 17.35601806640625
0.04009207338094711 0.03160407394170761 16.975994110107422
0.037139877676963806 0.028330501168966293 17.618755340576172
0.03834369406104088 0.029560886323451996 17.565616607666016
0.03963610902428627 0.031029580160975456 17.213054656982422
0.04124026373028755 0.03227554261684418 17.929441452026367
0.037018053233623505 0.028345858678221703 17.344388961791992
0.039141930639743805 0.030392765998840332 17.498329162597656
0.03750482201576233 0.028827238827943802 17.355167388916016
0.03804953396320343 0.02949965000152588 17.09976577758789
0.03890549764037132 0.0302469190210104 17.317153930664062
0.04013838618993759 0.031477753072977066 17.321266174316406
0.038380399346351624 0.0297840666025877 17.192665100097656
0.03744937852025032 0.028651028871536255 17.596698760986328
0.037086620926856995 0.028269562870264053 17.63411521911621
0.04078591614961624 0.03201037645339966 17.551082611083984
0.03870552405714989 0.030077489092946053 17.256067276000977
0.03959792107343674 0.030953502282500267 17.288841247558594
0.03722943365573883 0.028523599728941917 17.411666870117188
0.0395875982940197 0.030942680314183235 17.28983497619629
0.04005405679345131 0.031101029366254807 17.906051635742188
0.038974691182374954 0.03029811382293701 17.353151321411133
0.040939413011074066 0.03202664107084274 17.825542449951172
0.037519585341215134 0.028769612312316895 17.49994468688965
0.03909885138273239 0.03019869700074196 17.800312042236328
0.03995819389820099 0.030998189002275467 17.92000961303711
0.037199392914772034 0.028352998197078705 17.692790985107422
0.03759869188070297 0.02897147834300995 17.254430770874023
0.03763509541749954 0.028965985402464867 17.33822250366211
0.04012386500835419 0.03155089542269707 17.14594078063965
0.0377831906080246 0.02928834594786167 16.989686965942383
0.03945827856659889 0.031063541769981384 16.789470672607422
0.039436597377061844 0.031026676297187805 16.819843292236328
0.03772863373160362 0.029033374041318893 17.39051628112793
0.036147307604551315 0.02725318633019924 17.788244247436523
0.037196263670921326 0.028420841321349144 17.550844192504883
0.038303542882204056 0.029456131160259247 17.694820404052734
0.039239753037691116 0.030014803633093834 18.44989776611328
0.04035180062055588 0.03130882978439331 18.0859375
0.03771057724952698 0.02869275026023388 18.03565216064453
0.0378422848880291 0.02867315337061882 18.33826446533203
0.037683069705963135 0.02869579568505287 17.97454261779785
0.03700612485408783 0.028055155649781227 17.901939392089844
0.037375546991825104 0.028381848707795143 17.987394332885742
0.03903252258896828 0.030130960047245026 17.803123474121094
0.040421728044748306 0.03168260678648949 17.478240966796875
0.0376211479306221 0.028864089399576187 17.514118194580078
0.03800620138645172 0.029233373701572418 17.545658111572266
0.03571537882089615 0.02683650702238083 17.757740020751953
0.0393054373562336 0.030321652069687843 17.96756935119629
0.0363454632461071 0.027616767212748528 17.457393646240234
0.03761003166437149 0.028560591861605644 18.0988826751709
0.03690905496478081 0.028311926871538162 17.19425392150879
0.03703036531805992 0.028191450983285904 17.677825927734375
0.03793902322649956 0.02901211939752102 17.85380744934082
0.03743072599172592 0.028683137148618698 17.495174407958984
0.036731474101543427 0.028050817549228668 17.361316680908203
0.03677787631750107 0.027885127812623978 17.78549575805664
0.03661169484257698 0.027759365737438202 17.70465660095215
0.0375409871339798 0.028859436511993408 17.363101959228516
0.03617390617728233 0.027555497363209724 17.23681640625
0.03927327319979668 0.03039564937353134 17.755245208740234
0.03710838407278061 0.028408344835042953 17.40007781982422
0.03713451325893402 0.02824191376566887 17.785202026367188
0.034527868032455444 0.025560427457094193 17.934877395629883
0.03874674439430237 0.02966313436627388 18.16721534729004
0.037513017654418945 0.028721604496240616 17.58282470703125
0.03670336306095123 0.027465207502245903 18.476306915283203
0.03816152364015579 0.02927401289343834 17.77501678466797
0.034502193331718445 0.025527149438858032 17.950088500976562
0.03718464821577072 0.028140466660261154 18.088359832763672
0.038570284843444824 0.02941766381263733 18.30523681640625
0.036569543182849884 0.02760506421327591 17.9289608001709
0.03602610528469086 0.026689935475587845 18.672340393066406
0.035564299672842026 0.026476508006453514 18.175582885742188
0.034063514322042465 0.025095146149396896 17.93673324584961
0.03636912629008293 0.02732672356069088 18.08480453491211
0.03488798066973686 0.02607206627726555 17.631826400756836
0.03699351102113724 0.02814636379480362 17.694297790527344
0.03707151114940643 0.028220603242516518 17.70181655883789
0.035402532666921616 0.026631968095898628 17.541126251220703
0.03791418671607971 0.029128605499863625 17.571163177490234
0.03619757294654846 0.02744244784116745 17.510250091552734
0.035175323486328125 0.02621586062014103 17.91892433166504
0.0358721949160099 0.027161255478858948 17.421878814697266
0.03597026690840721 0.02710426226258278 17.732009887695312
0.03589861840009689 0.027029208838939667 17.738821029663086
0.03592544049024582 0.026840776205062866 18.169328689575195
0.03577898442745209 0.026878055185079575 17.80185890197754
0.03662719950079918 0.027649609372019768 17.955181121826172
0.03711697831749916 0.02813955768942833 17.95484161376953
0.036655738949775696 0.027875429019331932 17.560623168945312
0.0364699549973011 0.02772516943514347 17.48957061767578
0.03655659034848213 0.027764203026890755 17.584774017333984
0.03746958076953888 0.028636153787374496 17.666851043701172
0.03747101500630379 0.028283338993787766 18.375349044799805
0.037898026406764984 0.02881602942943573 18.163997650146484
0.03721082955598831 0.02792675420641899 18.568153381347656
0.03760156035423279 0.028242088854312897 18.71894073486328
0.03751109540462494 0.0283267293125391 18.368730545043945
0.036360692232847214 0.027151618152856827 18.418149948120117
0.03602670133113861 0.026930764317512512 18.191869735717773
0.035134151577949524 0.02596278488636017 18.342735290527344
0.037138909101486206 0.028054967522621155 18.16788101196289
0.034982964396476746 0.025900250300765038 18.165428161621094
0.03693603724241257 0.0276530422270298 18.56598663330078
0.03534526750445366 0.026299044489860535 18.092443466186523
0.03692582994699478 0.02778843231499195 18.274789810180664
0.03413558006286621 0.024936940521001816 18.397275924682617
0.033215392380952835 0.024044813588261604 18.341156005859375
0.035289645195007324 0.026016399264335632 18.54649543762207
0.03517628461122513 0.02595764771103859 18.437271118164062
0.035507842898368835 0.026310095563530922 18.395496368408203
0.0363987535238266 0.027341168373823166 18.115169525146484
0.03634278476238251 0.02731337398290634 18.05882453918457
0.03742033988237381 0.028219027444720268 18.402626037597656
0.035331375896930695 0.026291055604815483 18.08064079284668
0.03581101819872856 0.026750784367322922 18.120464324951172
0.034226495772600174 0.02510892227292061 18.235145568847656
0.035667434334754944 0.02656782791018486 18.19921112060547
0.037718936800956726 0.028493378311395645 18.451114654541016
0.034001339226961136 0.024903861805796623 18.1949520111084
0.035335466265678406 0.026203807443380356 18.263317108154297
0.03565916419029236 0.026729505509138107 17.859315872192383
0.0351620689034462 0.02604018524289131 18.243762969970703
0.035195060074329376 0.026006560772657394 18.376998901367188
0.03689085319638252 0.027789901942014694 18.201904296875
0.03603292256593704 0.02702549658715725 18.014846801757812
0.03423599898815155 0.025217775255441666 18.03644561767578
0.03638745844364166 0.02735179476439953 18.07132911682129
0.03527241200208664 0.02657516673207283 17.394493103027344
0.037246137857437134 0.02844470553100109 17.602861404418945
0.03626635670661926 0.02726767025887966 17.99737548828125
0.03573228791356087 0.026601504534482956 18.261568069458008
0.037969574332237244 0.02866419032216072 18.610769271850586
0.03492007404565811 0.025638995692133904 18.562156677246094
0.0353691391646862 0.026026219129562378 18.685840606689453
0.03293823078274727 0.02368265390396118 18.511150360107422
0.0363142266869545 0.027032850310206413 18.562755584716797
0.0350092351436615 0.02580922469496727 18.40001678466797
0.034352730959653854 0.025377720594406128 17.950021743774414
0.03337107598781586 0.02441926673054695 17.90361785888672
0.03670947626233101 0.02759522758424282 18.228498458862305
0.03588984161615372 0.02684432454407215 18.09103775024414
0.03714315593242645 0.028000157326459885 18.285995483398438
0.035525694489479065 0.02640622854232788 18.238933563232422
0.03505970910191536 0.02588149532675743 18.35642433166504
0.03473682701587677 0.025436723604798317 18.600210189819336
0.03644144535064697 0.02690490335226059 19.073087692260742
0.034552332013845444 0.02507813088595867 18.948402404785156
0.03347558528184891 0.02392900176346302 19.09316635131836
0.035124510526657104 0.025553200393915176 19.142620086669922
0.03295234218239784 0.023455506190657616 18.993669509887695
0.033346861600875854 0.023894593119621277 18.904537200927734
0.035466019064188004 0.026059020310640335 18.813995361328125
0.035977791994810104 0.02648143842816353 18.992708206176758
0.03527888283133507 0.025984328240156174 18.5891056060791
0.0349389873445034 0.02546822279691696 18.9415283203125
0.035213030874729156 0.026079542934894562 18.2669734954834
0.03357110172510147 0.024016104638576508 19.109996795654297
0.035008836537599564 0.025471212342381477 19.07524871826172
0.03449385240674019 0.0250515379011631 18.884628295898438
0.0355798676609993 0.0261167474091053 18.92624282836914
0.03596659377217293 0.02631373144686222 19.305721282958984
0.03405904397368431 0.02431264892220497 19.492786407470703
0.03613102063536644 0.026402819901704788 19.456401824951172
0.03487568721175194 0.02501700073480606 19.717370986938477
0.03440243750810623 0.025000346824526787 18.804183959960938
0.03529462590813637 0.025883236899971962 18.822776794433594
0.03668668493628502 0.02724069356918335 18.891979217529297
0.0334787480533123 0.0240669883787632 18.823516845703125
0.03702272102236748 0.027618423104286194 18.808597564697266
0.03583524748682976 0.026439545676112175 18.791400909423828
0.032207854092121124 0.02277567610144615 18.864356994628906
0.03465728834271431 0.02539486065506935 18.524852752685547
0.035392750054597855 0.026108887046575546 18.567726135253906
0.03337379917502403 0.024301642552018166 18.144309997558594
0.03422042354941368 0.02507977932691574 18.28129005432129
0.03151150792837143 0.02241915836930275 18.1846981048584
0.036582306027412415 0.02734006941318512 18.484468460083008
0.03478208929300308 0.025779398158192635 18.005382537841797
0.03428758308291435 0.025135798379778862 18.303565979003906
0.03458064794540405 0.025389879941940308 18.38153076171875
0.03419732674956322 0.02521364390850067 17.967365264892578
0.03662244975566864 0.027445947751402855 18.35300636291504
0.03340236470103264 0.02419375628232956 18.417213439941406
0.03398372605443001 0.024594394490122795 18.778663635253906
0.035322435200214386 0.02591049112379551 18.823890686035156
0.03505987673997879 0.025640612468123436 18.838523864746094
0.03543168306350708 0.025868479162454605 19.12641143798828
0.03267352283000946 0.02337757684290409 18.591888427734375
0.03363876789808273 0.024222932755947113 18.8316650390625
0.0354963056743145 0.025886543095111847 19.219524383544922
0.0342131145298481 0.024837158620357513 18.751909255981445
0.033186327666044235 0.023822829127311707 18.72699546813965
0.03400948643684387 0.024633796885609627 18.751379013061523
0.033098798245191574 0.023546535521745682 19.104524612426758
0.033198438584804535 0.023787014186382294 18.822847366333008
0.03357512503862381 0.02429954707622528 18.5511531829834
0.03384691849350929 0.024422671645879745 18.848491668701172
0.034699875861406326 0.02525274083018303 18.894268035888672
0.0336901918053627 0.02437843568623066 18.62351417541504
0.03472144901752472 0.025203417986631393 19.03605842590332
0.03394818678498268 0.024557344615459442 18.781681060791016
0.033562444150447845 0.024122200906276703 18.880489349365234
0.03500361740589142 0.025760885328054428 18.4854679107666
0.03391289338469505 0.024657918140292168 18.50994873046875
0.03226117417216301 0.02295958250761032 18.60318374633789
0.03456105291843414 0.025105049833655357 18.912006378173828
0.03509411960840225 0.02547466568648815 19.238906860351562
0.03328914940357208 0.02371326833963394 19.151763916015625
0.035004861652851105 0.02529721148312092 19.415298461914062
0.03516019508242607 0.0254477858543396 19.424816131591797
0.03408532962203026 0.024444540962576866 19.28157615661621
0.03298204764723778 0.022856470197439194 20.251155853271484
0.03454676270484924 0.02490938827395439 19.274749755859375
0.03421502187848091 0.024575142189860344 19.27975845336914
0.03239256143569946 0.022778848186135292 19.227428436279297
0.03344576060771942 0.023715708404779434 19.46010398864746
0.03305453807115555 0.023603174835443497 18.902725219726562
0.03404376283288002 0.02441544458270073 19.256637573242188
0.0345563106238842 0.0249222069978714 19.268203735351562
0.031096428632736206 0.02201041392982006 18.172029495239258
0.03266065567731857 0.023377297446131706 18.566715240478516
0.031846217811107635 0.0223284550011158 19.0355281829834
0.03224204108119011 0.02293860912322998 18.60686492919922
0.03290015831589699 0.023635976016521454 18.528362274169922
0.03348001837730408 0.02392761781811714 19.10479736328125
0.03401235491037369 0.024459118023514748 19.106475830078125
0.03472018241882324 0.025179553776979446 19.081254959106445
0.03463471308350563 0.025209803134202957 18.84981918334961
0.03430855646729469 0.02503851242363453 18.540088653564453
0.03308013826608658 0.023944944143295288 18.270387649536133
0.03236064314842224 0.02311558462679386 18.490116119384766
0.0345674566924572 0.025400733575224876 18.333444595336914
0.034263771027326584 0.025050869211554527 18.425804138183594
0.03270578756928444 0.023158464580774307 19.094646453857422
0.03369032219052315 0.024193108081817627 18.994428634643555
0.03351516276597977 0.023662224411964417 19.70587730407715
0.03121831826865673 0.021629922091960907 19.17679214477539
0.03253140673041344 0.022836659103631973 19.38949203491211
0.03146917372941971 0.021891802549362183 19.154739379882812
0.032894525676965714 0.023190448060631752 19.408151626586914
0.031171539798378944 0.02160024084150791 19.142597198486328
0.03543689846992493 0.026020968332886696 18.831859588623047
0.03288501128554344 0.023705437779426575 18.359146118164062
0.03378564491868019 0.02430184930562973 18.96759033203125
0.031728655099868774 0.02248837798833847 18.48055076599121
0.0338100902736187 0.024260178208351135 19.099824905395508
0.03248519077897072 0.02320307120680809 18.56423568725586
0.03284858167171478 0.023366693407297134 18.963775634765625
0.03389917314052582 0.024585874751210213 18.62659454345703
0.03407445549964905 0.025037363171577454 18.074180603027344
0.034007977694272995 0.024812104180455208 18.391746520996094
0.0329703651368618 0.02374911494553089 18.44249725341797
0.03441980108618736 0.025324251502752304 18.19110107421875
0.03251290321350098 0.02314489707350731 18.73601531982422
0.03320503979921341 0.02383831888437271 18.733444213867188
0.03277410566806793 0.023318272083997726 18.911663055419922
0.033891987055540085 0.024138472974300385 19.507028579711914
0.03250342607498169 0.023165598511695862 18.675655364990234
0.03269229456782341 0.02330753579735756 18.769515991210938
0.03155861422419548 0.02215512841939926 18.806970596313477
0.03248941898345947 0.023097194731235504 18.78445053100586
0.033599235117435455 0.02393668331205845 19.325103759765625
0.03289250284433365 0.02335439622402191 19.076210021972656
0.03349332511425018 0.023675914853811264 19.634815216064453
0.03120455890893936 0.02159121073782444 19.226696014404297
0.03287206590175629 0.023090017959475517 19.564096450805664
0.03292669355869293 0.023279501125216484 19.294387817382812
0.031721822917461395 0.0221010223031044 19.241596221923828
0.03384528309106827 0.02433980070054531 19.010963439941406
0.031813766807317734 0.022202052175998688 19.22342872619629
0.032851990312337875 0.023616310209035873 18.471359252929688
0.03238368406891823 0.022791586816310883 19.184192657470703
0.03276824951171875 0.023102525621652603 19.331443786621094
0.03304153308272362 0.023614030331373215 18.855003356933594
0.032749809324741364 0.023132972419261932 19.233673095703125
0.03394472599029541 0.024406202137470245 19.077045440673828
0.032688554376363754 0.02321251481771469 18.952077865600586
0.03508791700005531 0.025305889546871185 19.564056396484375
0.03449705243110657 0.024669015780091286 19.65607452392578
0.03438478708267212 0.02440084144473076 19.967891693115234
0.032315902411937714 0.022456564009189606 19.718677520751953
0.03304782882332802 0.023196488618850708 19.702680587768555
0.03324010223150253 0.023406323045492172 19.667558670043945
0.03284469246864319 0.022882899269461632 19.9235897064209
0.0321284681558609 0.022485284134745598 19.28636932373047
0.03359214961528778 0.0237504243850708 19.683446884155273
0.03371178358793259 0.023784443736076355 19.854677200317383
0.03252114728093147 0.02283848077058792 19.365331649780273
0.03211536630988121 0.022421758621931076 19.38721466064453
0.033127352595329285 0.023551158607006073 19.152385711669922
0.031649764627218246 0.0221234280616045 19.052669525146484
0.03226510435342789 0.022705359384417534 19.119487762451172
0.03353356942534447 0.024044901132583618 18.977333068847656
0.03346647694706917 0.02382611855864525 19.280715942382812
0.03394002467393875 0.024301204830408096 19.277637481689453
0.03242452070116997 0.02259925752878189 19.650527954101562
0.03218384087085724 0.022482173517346382 19.403335571289062
0.03408631309866905 0.024383312091231346 19.4060001373291
0.03235363960266113 0.02292824536561966 18.850788116455078
0.031186839565634727 0.02172139845788479 18.93088150024414
0.033545710146427155 0.023907756432890892 19.275909423828125
0.03399577736854553 0.024342484772205353 19.30658531188965
0.03145710378885269 0.022020181640982628 18.87384605407715
0.03313540667295456 0.023542050272226334 19.18671226501465
0.031668491661548615 0.02202802523970604 19.280929565429688
0.03223966062068939 0.022539790719747543 19.399742126464844
0.032686032354831696 0.022961534559726715 19.448997497558594
0.03365110605955124 0.023845134302973747 19.6119441986084
0.03136756643652916 0.02179711125791073 19.140907287597656
0.032832689583301544 0.02294318377971649 19.779006958007812
0.03324366360902786 0.02364048920571804 19.20635223388672
0.03350833058357239 0.02372143045067787 19.573802947998047
0.03332344815135002 0.023575088009238243 19.496719360351562
0.03238768130540848 0.022483598440885544 19.808162689208984
0.03152010217308998 0.021761823445558548 19.516555786132812
0.03173463046550751 0.02181483432650566 19.83959197998047
0.03193439915776253 0.022115925326943398 19.636947631835938
0.03126572072505951 0.021350443363189697 19.83055305480957
0.032902829349040985 0.022954363375902176 19.896934509277344
0.03379087150096893 0.023708753287792206 20.16423797607422
0.03194330260157585 0.022195380181074142 19.4958438873291
0.031379781663417816 0.021729175001382828 19.30120849609375
0.0314512625336647 0.021807976067066193 19.286575317382812
0.03202100098133087 0.022272706031799316 19.496593475341797
0.03300800174474716 0.023060912266373634 19.894180297851562
0.03262767195701599 0.022763056680560112 19.729230880737305
0.0324978232383728 0.02278418093919754 19.42728042602539
0.033360302448272705 0.02352827601134777 19.664051055908203
0.032912611961364746 0.02311338484287262 19.598453521728516
0.03292743116617203 0.023168310523033142 19.51824188232422
0.03266431763768196 0.02300592139363289 19.316789627075195
0.03168630599975586 0.022031880915164948 19.308853149414062
0.03148927539587021 0.021698445081710815 19.58165740966797
0.032446056604385376 0.022647656500339508 19.596797943115234
0.031626779586076736 0.021833118051290512 19.587324142456055
0.032733190804719925 0.023164622485637665 19.13713836669922
0.03067629411816597 0.021108001470565796 19.136585235595703
0.03380677476525307 0.023898866027593613 19.81581687927246
0.032271891832351685 0.02254370227456093 19.456377029418945
0.034966737031936646 0.025266703218221664 19.400066375732422
0.031754449009895325 0.022037509828805923 19.433876037597656
0.030435550957918167 0.020648501813411713 19.5740966796875
0.03253574296832085 0.022763067856431007 19.54534912109375
0.030585873872041702 0.020968127995729446 19.235492706298828
0.0332452729344368 0.023236775770783424 20.01699447631836
0.032595694065093994 0.022732846438884735 19.725692749023438
0.03313076123595238 0.023079168051481247 20.103187561035156
0.03210712596774101 0.022456157952547073 19.301937103271484
0.031215425580739975 0.02159189246594906 19.24706268310547
0.02981043979525566 0.020310159772634506 19.00055694580078
0.03214717283844948 0.02234143391251564 19.611478805541992
0.03246519714593887 0.022584237158298492 19.76192283630371
0.03158251568675041 0.021932747215032578 19.299537658691406
0.03192267566919327 0.022258955985307693 19.32744026184082
0.032320793718099594 0.022662704810500145 19.316179275512695
0.03064463660120964 0.020979372784495354 19.330524444580078
0.029270227998495102 0.019897431135177612 18.745590209960938
0.031949661672115326 0.022090714424848557 19.717897415161133
0.03140706941485405 0.021885652095079422 19.042831420898438
0.032099269330501556 0.022506490349769592 19.185558319091797
0.033284999430179596 0.02339523658156395 19.779525756835938
0.03112519159913063 0.021391736343503 19.46691131591797
0.03059757873415947 0.021119289100170135 18.956581115722656
0.030936453491449356 0.020992852747440338 19.88719940185547
0.03162606060504913 0.0218161940574646 19.619731903076172
0.031344786286354065 0.02163008600473404 19.429401397705078
0.03208596259355545 0.022608181461691856 18.955562591552734
0.03185851499438286 0.022302700206637383 19.111629486083984
0.03277357295155525 0.023180093616247177 19.18695831298828
0.03240112215280533 0.022687502205371857 19.427242279052734
0.02974606491625309 0.020413998514413834 18.66413116455078
0.033123552799224854 0.023292627185583115 19.661846160888672
0.030778270214796066 0.021175282076001167 19.205974578857422
0.02944263629615307 0.019841361790895462 19.20254898071289
0.033087193965911865 0.023110268637537956 19.9538516998291
0.03304826468229294 0.023249607533216476 19.597312927246094
0.030700072646141052 0.020894940942525864 19.610261917114258
0.030520904809236526 0.020685847848653793 19.670114517211914
0.0314541831612587 0.02157694473862648 19.754472732543945
0.030949894338846207 0.021265733987092972 19.368322372436523
0.03161143884062767 0.02163947932422161 19.943920135498047
0.03063064068555832 0.020833900198340416 19.59347915649414
0.030959662050008774 0.021189359948039055 19.540603637695312
0.030398797243833542 0.02066686376929283 19.463863372802734
0.030823763459920883 0.021084439009428024 19.478649139404297
0.03151656314730644 0.021609172224998474 19.814781188964844
0.029996709898114204 0.020282506942749023 19.42840576171875
0.03170262277126312 0.022030334919691086 19.34457015991211
0.03153347223997116 0.021773066371679306 19.520809173583984
0.032167576253414154 0.022426627576351166 19.48189926147461
0.030700232833623886 0.020910104736685753 19.580257415771484
0.03147704154253006 0.02176089584827423 19.432287216186523
0.030838150531053543 0.020784590393304825 20.107118606567383
0.03182554617524147 0.02182072587311268 20.009639739990234
0.03394623100757599 0.02387005276978016 20.15235137939453
0.03066520392894745 0.020881645381450653 19.567115783691406
0.033096011728048325 0.023061314597725868 20.069393157958984
0.030398618429899216 0.020810609683394432 19.176015853881836
0.03139295428991318 0.021730531007051468 19.324848175048828
0.03185148909687996 0.022025156766176224 19.652664184570312
0.03134629502892494 0.02143700048327446 19.81859016418457
0.032366517931222916 0.022541504353284836 19.650028228759766
0.03170515596866608 0.021898530423641205 19.61324691772461
0.032989274710416794 0.022827427834272385 20.32369041442871
0.03195803612470627 0.022054310888051987 19.80744743347168
0.03141666576266289 0.021664271131157875 19.50478744506836
0.02978464588522911 0.020079396665096283 19.410499572753906
0.03158283233642578 0.021400103345513344 20.365459442138672
0.03213975206017494 0.02195025607943535 20.378990173339844
0.030369557440280914 0.02021740935742855 20.30429458618164
0.031158961355686188 0.02096410095691681 20.38971710205078
0.03125397488474846 0.021181471645832062 20.145008087158203
0.03068980760872364 0.020651932805776596 20.075748443603516
0.03217482939362526 0.02218496799468994 19.97972297668457
0.030593613162636757 0.02074672468006611 19.693775177001953
0.03197633475065231 0.022360224276781082 19.232219696044922
0.030401602387428284 0.020776282995939255 19.25063705444336
0.031076595187187195 0.021281830966472626 19.589527130126953
0.032122593373060226 0.02222556807100773 19.794052124023438
0.03112046793103218 0.021258344873785973 19.724245071411133
0.030574381351470947 0.020500704646110535 20.14735221862793
0.03172316774725914 0.0218697227537632 19.706886291503906
0.03108307719230652 0.021374370902776718 19.41741180419922
0.030930042266845703 0.021184595301747322 19.490890502929688
0.03182205557823181 0.02226930484175682 19.10550308227539
0.031752314418554306 0.022036999464035034 19.430627822875977
0.030003968626260757 0.020544864237308502 18.9182071685791
0.03138984367251396 0.021876495331525803 19.026695251464844
0.03045661561191082 0.02084524556994438 19.22273826599121
0.030637850984930992 0.02097512036561966 19.32546043395996
0.02991338074207306 0.02038571983575821 19.055320739746094
0.030466407537460327 0.020683810114860535 19.565195083618164
0.030082935467362404 0.020255696028470993 19.654478073120117
0.03209435194730759 0.021922338753938675 20.344024658203125
0.031892936676740646 0.021676234900951385 20.433401107788086
0.03192000091075897 0.021715784445405006 20.408430099487305
0.029510648921132088 0.019607797265052795 19.805702209472656
0.030373357236385345 0.020326636731624603 20.093441009521484
0.0315462201833725 0.02159734070301056 19.89775848388672
0.030954891815781593 0.020904365926980972 20.101051330566406
0.030842501670122147 0.020891668274998665 19.90166473388672
0.03306225314736366 0.022703781723976135 20.716943740844727
0.030750960111618042 0.02069317363202572 20.11557388305664
0.02981644868850708 0.019730016589164734 20.172863006591797
0.029457509517669678 0.01921776309609413 20.4794921875
0.03056095354259014 0.020464997738599777 20.191909790039062
0.02974853664636612 0.019921720027923584 19.653635025024414
0.029691901057958603 0.0197418425232172 19.900115966796875
0.030801601707935333 0.021045569330453873 19.512062072753906
0.031095802783966064 0.02111344039440155 19.964723587036133
0.03191361576318741 0.021860938519239426 20.105356216430664
0.030888738110661507 0.021069880574941635 19.637714385986328
0.029688483104109764 0.019963916391134262 19.449132919311523
0.03099142014980316 0.02113763988018036 19.70755958557129
0.032252416014671326 0.02237950637936592 19.74582290649414
0.030290953814983368 0.020656688138842583 19.268531799316406
0.03121662326157093 0.02134874276816845 19.735759735107422
0.031790271401405334 0.0219418965280056 19.69675064086914
0.03153969720005989 0.021648000925779343 19.78339385986328
0.032212018966674805 0.02218686416745186 20.050308227539062
0.031080570071935654 0.021006133407354355 20.148874282836914
0.02980022504925728 0.01988246664404869 19.83551788330078
0.03186161816120148 0.021719299256801605 20.284635543823242
0.02861277386546135 0.018715176731348038 19.79519271850586
0.02883175015449524 0.018910357728600502 19.842784881591797
0.030765417963266373 0.020646657794713974 20.237520217895508
0.030484627932310104 0.02022785320878029 20.5135498046875
0.030030913650989532 0.020064370706677437 19.933082580566406
0.03120396099984646 0.02122120000422001 19.96552085876465
0.030231207609176636 0.02031075768172741 19.840898513793945
0.029929835349321365 0.02027452364563942 19.31062126159668
0.03129175305366516 0.02147427573800087 19.634958267211914
0.03213300183415413 0.02207840606570244 20.109188079833984
0.03184656798839569 0.021911194548010826 19.870742797851562
0.02934914268553257 0.01938110589981079 19.936073303222656
0.0308135487139225 0.02073715627193451 20.152782440185547
0.03183026984333992 0.0218446534126997 19.971229553222656
0.028440456837415695 0.018889153376221657 19.10260772705078
0.031060803681612015 0.0210944265127182 19.93275260925293
0.031372543424367905 0.02153284288942814 19.679401397705078
0.030689243227243423 0.020877066999673843 19.624353408813477
0.02960195019841194 0.01973777636885643 19.728343963623047
0.030321897938847542 0.02046315371990204 19.717487335205078
0.028755567967891693 0.018948271870613098 19.61458969116211
0.030738521367311478 0.020595692098140717 20.285655975341797
0.030375104397535324 0.020355915650725365 20.038375854492188
0.030229859054088593 0.020139535889029503 20.180644989013672
0.03112885355949402 0.021183688193559647 19.89032745361328
0.03031923994421959 0.02024531364440918 20.147850036621094
0.02987109124660492 0.01969880983233452 20.344562530517578
0.030006682500243187 0.020105505362153053 19.802352905273438
0.029579753056168556 0.019483212381601334 20.19308090209961
0.03018517978489399 0.02007434517145157 20.221668243408203
0.03033488616347313 0.02027655579149723 20.116657257080078
0.032215528190135956 0.022124385461211205 20.182281494140625
0.02991899847984314 0.01990058645606041 20.036823272705078
0.030987970530986786 0.020961347967386246 20.053241729736328
0.0312768816947937 0.02132033184170723 19.913101196289062
0.031917475163936615 0.02167520299553871 20.484540939331055
0.029577895998954773 0.0197036974132061 19.748395919799805
0.031676359474658966 0.02145799621939659 20.436725616455078
0.02933163195848465 0.019339008256793022 19.985246658325195
0.03153200075030327 0.02138656936585903 20.290861129760742
0.030952058732509613 0.02081991173326969 20.264293670654297
0.030433040112257004 0.020479876548051834 19.906328201293945
0.03290481120347977 0.0225755013525486 20.658618927001953
0.030489522963762283 0.020441552624106407 20.095937728881836
0.03174217417836189 0.02137293666601181 20.73847198486328
0.030458049848675728 0.02011372148990631 20.688655853271484
0.02921631559729576 0.019193079322576523 20.046472549438477
0.02997477725148201 0.01976572349667549 20.418106079101562
0.028726860880851746 0.018570804968476295 20.312110900878906
0.029723897576332092 0.019772343337535858 19.903106689453125
0.02964206226170063 0.019955091178417206 19.37394142150879
0.030041852965950966 0.020171422511339188 19.740859985351562
0.030282285064458847 0.020642761141061783 19.27904510498047
0.0289313867688179 0.01945466920733452 18.95343589782715
0.030076349154114723 0.020501738414168358 19.149221420288086
0.029906613752245903 0.020211823284626007 19.38957977294922
0.030474264174699783 0.02093435637652874 19.079814910888672
0.030314981937408447 0.020796094089746475 19.03777313232422
0.028267789632081985 0.01887870579957962 18.778167724609375
0.03118283487856388 0.021403484046459198 19.558700561523438
0.03270502761006355 0.02268872782588005 20.032596588134766
0.03216474503278732 0.02184479497373104 20.639894485473633
0.028458304703235626 0.018390098586678505 20.13641357421875
0.02914426103234291 0.018845990300178528 20.596542358398438
0.029703311622142792 0.019294925034046173 20.8167724609375
0.030475391075015068 0.020204950124025345 20.54088020324707
0.02973947301506996 0.019638508558273315 20.201929092407227
0.029765896499156952 0.01954472064971924 20.442352294921875
0.028496164828538895 0.018379632383584976 20.233064651489258
0.029162585735321045 0.01898455247282982 20.356063842773438
0.02879883348941803 0.018675819039344788 20.24602699279785
0.029007185250520706 0.01876475289463997 20.48486328125
0.02943950705230236 0.019213896244764328 20.451221466064453
0.03150785341858864 0.021157924085855484 20.69985580444336
0.0296214260160923 0.01940320059657097 20.436447143554688
0.02927117794752121 0.019030194729566574 20.481964111328125
0.029325440526008606 0.019367702305316925 19.91547393798828
0.0298435278236866 0.0199307668954134 19.825519561767578
0.030981816351413727 0.020763348788022995 20.436931610107422
0.030539829283952713 0.02030107006430626 20.477516174316406
0.031031634658575058 0.02086850255727768 20.326263427734375
0.029608657583594322 0.01968027651309967 19.856761932373047
0.0315106101334095 0.02136632427573204 20.2885684967041
0.030308183282613754 0.020077083259820938 20.462200164794922
0.030579881742596626 0.02048429846763611 20.191165924072266
0.029543206095695496 0.019285542890429497 20.515323638916016
0.029783086851239204 0.019738104194402695 20.089963912963867
0.029986219480633736 0.01974489912390709 20.48263931274414
0.02986936643719673 0.01968313381075859 20.372467041015625
0.029422033578157425 0.019232183694839478 20.37969970703125
0.03051602840423584 0.020460033789277077 20.111988067626953
0.029351960867643356 0.01926892250776291 20.166074752807617
0.030763383954763412 0.020537950098514557 20.45086669921875
0.028151821345090866 0.017992088571190834 20.319461822509766
0.029242845252156258 0.01897653564810753 20.532617568969727
0.029089931398630142 0.018909292295575142 20.36127471923828
0.02920902706682682 0.01908833719789982 20.241378784179688
0.03069283813238144 0.020471855998039246 20.44196319580078
0.029415957629680634 0.01927109807729721 20.28972053527832
0.02990155667066574 0.019929617643356323 19.943878173828125
0.030355127528309822 0.020306527614593506 20.097198486328125
0.0291549451649189 0.019346075132489204 19.617740631103516
0.030683061107993126 0.02064804919064045 20.070022583007812
0.02885552868247032 0.019035469740629196 19.64011573791504
0.030600301921367645 0.020600423216819763 19.999757766723633
0.02982071042060852 0.019858472049236298 19.924476623535156
0.028967423364520073 0.0189784187823534 19.978008270263672
0.029591891914606094 0.019551459699869156 20.08086585998535
0.03104381635785103 0.02107645571231842 19.934722900390625
0.02941981516778469 0.01948240026831627 19.874828338623047
0.028892982751131058 0.019048944115638733 19.688074111938477
0.030441172420978546 0.020302779972553253 20.276784896850586
0.029619067907333374 0.019657034426927567 19.924068450927734
0.03012843057513237 0.02004747837781906 20.161903381347656
0.03009817562997341 0.01991082727909088 20.37469482421875
0.028924085199832916 0.0187008585780859 20.446453094482422
0.02878773957490921 0.018721092492341995 20.1332950592041
0.030139584094285965 0.0199506264179945 20.377914428710938
0.03099544160068035 0.020693514496088028 20.603853225708008
0.029019542038440704 0.018983323127031326 20.072437286376953
0.02853119559586048 0.018339984118938446 20.382421493530273
0.031666774302721024 0.021121378988027573 21.090789794921875
0.03069523721933365 0.02036326937377453 20.663936614990234
0.03097270429134369 0.020605608820915222 20.73419189453125
0.02920958772301674 0.019099773839116096 20.219627380371094
0.03286343067884445 0.022557614371180534 20.61163330078125
0.029192157089710236 0.019323747605085373 19.736818313598633
0.028264503926038742 0.018150918185710907 20.2271728515625
0.0298670195043087 0.019910119473934174 19.91379737854004
0.028791483491659164 0.018735067918896675 20.112829208374023
0.02937251701951027 0.019384875893592834 19.975278854370117
0.03126949071884155 0.02120811864733696 20.122739791870117
0.028862187638878822 0.01906374655663967 19.596881866455078
0.029931120574474335 0.020107630640268326 19.646976470947266
0.030704613775014877 0.02068827673792839 20.032672882080078
0.02967861294746399 0.019742853939533234 19.87151527404785
0.029205944389104843 0.0191706120967865 20.070663452148438
0.02898898534476757 0.018892619758844376 20.192729949951172
0.03086037188768387 0.020607784390449524 20.505172729492188
0.03008848801255226 0.01980278268456459 20.571407318115234
0.028455916792154312 0.018573811277747154 19.76420783996582
0.029489781707525253 0.019221249967813492 20.537063598632812
0.028971433639526367 0.01891114003956318 20.120588302612305
0.03028447926044464 0.02008040063083172 20.408157348632812
0.02987702563405037 0.01981581375002861 20.12242317199707
0.02973354235291481 0.01959027722477913 20.286529541015625
0.030451573431491852 0.020143721252679825 20.615703582763672
0.029692362993955612 0.01950829289853573 20.36813735961914
0.029785649850964546 0.019344216212630272 20.88286590576172
0.0311269573867321 0.020748984068632126 20.75594711303711
0.029831785708665848 0.01955035701394081 20.562854766845703
0.029373135417699814 0.01908893510699272 20.568397521972656
0.03051879070699215 0.02019910141825676 20.63937759399414
0.02975892275571823 0.019482044503092766 20.553752899169922
0.02925436943769455 0.01911364123225212 20.281455993652344
0.029255518689751625 0.019142184406518936 20.226667404174805
0.028132986277341843 0.018232792615890503 19.80038833618164
0.02981555461883545 0.01994517259299755 19.740760803222656
0.029321465641260147 0.019369831308722496 19.903268814086914
0.029934071004390717 0.01969505287706852 20.47803497314453
0.030452921986579895 0.020207013934850693 20.49181365966797
0.03068837895989418 0.020635936409235 20.104883193969727
0.02937869355082512 0.019309092313051224 20.139204025268555
0.02861594408750534 0.018673118203878403 19.885650634765625
0.02835153602063656 0.018280168995261192 20.142732620239258
0.02958397939801216 0.019379815086722374 20.4083251953125
0.029904808849096298 0.019674960523843765 20.45969581604004
0.029795845970511436 0.019632164388895035 20.327362060546875
0.0301028024405241 0.019771244376897812 20.663114547729492
0.02971489541232586 0.01962146908044815 20.186851501464844
0.027943702414631844 0.018024427816271782 19.83854866027832
0.029515046626329422 0.019539544358849525 19.95100212097168
0.028742074966430664 0.018729504197835922 20.02513885498047
0.02866130881011486 0.01852751150727272 20.267593383789062
0.02988252602517605 0.01974552869796753 20.27399444580078
0.02872220054268837 0.01878177747130394 19.880844116210938
0.027912063524127007 0.01818784512579441 19.448436737060547
0.028656799346208572 0.0187077634036541 19.898073196411133
0.028593039140105247 0.01865270733833313 19.88066291809082
0.02967533841729164 0.01943596825003624 20.478740692138672
0.028388019651174545 0.018434030935168266 19.907974243164062
0.02844480611383915 0.018704988062381744 19.47963523864746
0.031035415828227997 0.02090488374233246 20.26106071472168
