0.25366073846817017 0.24941334128379822 8.494817733764648
0.24172073602676392 0.2378525733947754 7.736310005187988
0.23053713142871857 0.22636261582374573 8.34903335571289
0.22187943756580353 0.21707087755203247 9.617114067077637
0.2122795432806015 0.20669129490852356 11.176483154296875
0.20381344854831696 0.1970905363559723 13.445821762084961
0.19429336488246918 0.18612681329250336 16.333101272583008
0.1870223879814148 0.1773761361837387 19.292495727539062
0.1778760403394699 0.16694718599319458 21.85770606994629
0.16829286515712738 0.1557263880968094 25.132965087890625
0.16334013640880585 0.1489163488149643 28.84756088256836
0.15441307425498962 0.13910886645317078 30.60840606689453
0.14873281121253967 0.13208961486816406 33.286399841308594
0.1398528516292572 0.12230770289897919 35.090309143066406
0.13503538072109222 0.11649776995182037 37.0752067565918
0.1279054880142212 0.1088891476392746 38.03266906738281
0.1233329027891159 0.10366546362638474 39.334869384765625
0.11750473082065582 0.09761317074298859 39.78312683105469
0.11450435221195221 0.09470668435096741 39.5953254699707
0.11185475438833237 0.09284716844558716 38.015167236328125
0.10338263213634491 0.08471714705228806 37.330970764160156
0.1025620698928833 0.0844171941280365 36.289756774902344
0.09726404398679733 0.08025288581848145 34.02231216430664
0.09596376121044159 0.07986827194690704 32.19097900390625
0.0903535708785057 0.0748005211353302 31.106094360351562
0.0919761061668396 0.07658938318490982 30.77344512939453
0.08925224840641022 0.07408708333969116 30.33033561706543
0.0871911570429802 0.0724109560251236 29.560401916503906
0.08495093882083893 0.0706021711230278 28.69753074645996
0.08329842984676361 0.06945934891700745 27.67815399169922
0.08167791366577148 0.06804946064949036 27.256900787353516
0.08098188787698746 0.06698726117610931 27.9892578125
0.08221444487571716 0.06889241933822632 26.64404296875
0.0795716792345047 0.06620275974273682 26.737831115722656
0.07816216349601746 0.06442953646183014 27.465251922607422
0.07534287124872208 0.06241996958851814 25.84579849243164
0.0741671547293663 0.061570413410663605 25.1934814453125
0.07663834095001221 0.06404636800289154 25.183948516845703
0.07168956100940704 0.05962042883038521 24.138263702392578
0.07418164610862732 0.06203622370958328 24.290842056274414
0.07425213605165482 0.06247750669717789 23.549251556396484
0.07137224078178406 0.06037598103284836 21.99251937866211
0.07048165798187256 0.059459686279296875 22.043943405151367
0.07372257113456726 0.06332804262638092 20.7890625
0.07036510854959488 0.05955434590578079 21.621522903442383
0.06803900003433228 0.058202557265758514 19.672882080078125
0.07229161262512207 0.06192869693040848 20.72583770751953
0.06779976189136505 0.05793329328298569 19.73294448852539
0.06974385678768158 0.05919023975729942 21.107236862182617
0.06804778426885605 0.05817119777202606 19.753171920776367
0.06939689815044403 0.05924084782600403 20.31209945678711
0.06711574643850327 0.057042382657527924 20.14672088623047
0.066402867436409 0.05618596449494362 20.433809280395508
0.06855332851409912 0.058666739612817764 19.773183822631836
0.06980352103710175 0.06015319749712944 19.30065155029297
0.06782135367393494 0.05805263668298721 19.53742790222168
0.06549649685621262 0.0555560365319252 19.880916595458984
0.06426042318344116 0.05463480204343796 19.251249313354492
0.06489331275224686 0.05532001703977585 19.146595001220703
0.06396584957838058 0.054536983370780945 18.85773468017578
0.06441061198711395 0.05494605004787445 18.92911720275879
0.06221466511487961 0.05299816653132439 18.433000564575195
0.06187955662608147 0.05279003083705902 18.17905044555664
0.061362531036138535 0.0523034930229187 18.118072509765625
0.06136777997016907 0.05237865447998047 17.978252410888672
0.06677879393100739 0.05820463225245476 17.1483154296875
0.058546483516693115 0.049286723136901855 18.519515991210938
0.057831548154354095 0.048504788428545 18.653522491455078
0.059277527034282684 0.05001262575387955 18.529800415039062
0.0603950209915638 0.05114290118217468 18.504240036010742
0.059909991919994354 0.0505935400724411 18.63290023803711
0.05829206854104996 0.049087315797805786 18.409507751464844
0.05891599506139755 0.04983578622341156 18.160419464111328
0.06080380827188492 0.05180241912603378 18.002777099609375
0.059803664684295654 0.050846487283706665 17.914358139038086
0.06007275730371475 0.05113518610596657 17.875141143798828
0.05882228538393974 0.05008497089147568 17.474626541137695
0.06022322177886963 0.05154428631067276 17.357873916625977
0.05921805277466774 0.05047377943992615 17.48854637145996
0.05894530192017555 0.05036185681819916 17.166889190673828
0.05920836701989174 0.05050418898463249 17.408355712890625
0.058875974267721176 0.04971807450056076 18.3157958984375
0.056934989988803864 0.0478392168879509 18.191543579101562
0.057561106979846954 0.048533499240875244 18.055213928222656
0.05825550854206085 0.04962940514087677 17.2522029876709
0.057509422302246094 0.049033865332603455 16.95111656188965
0.05675188824534416 0.04819769784808159 17.108379364013672
0.055042725056409836 0.04644147679209709 17.202497482299805
0.057277701795101166 0.048819273710250854 16.916852951049805
0.05721677839756012 0.04873454570770264 16.96446418762207
0.05636245012283325 0.0476633757352829 17.39814567565918
0.057714592665433884 0.04914563149213791 17.137924194335938
0.05800842121243477 0.04915440082550049 17.708040237426758
0.05676889419555664 0.04788351058959961 17.770767211914062
0.05490141361951828 0.04585906118154526 18.084705352783203
0.05799976363778114 0.04912731796503067 17.744888305664062
0.05412789806723595 0.04540009796619415 17.455598831176758
0.05332307517528534 0.044978924095630646 16.68830108642578
0.05349420756101608 0.04492820054292679 17.13201332092285
0.05508873239159584 0.046596262603998184 16.984941482543945
0.0537385530769825 0.04509637504816055 17.28435516357422
0.053546711802482605 0.04481661319732666 17.460193634033203
0.05513468384742737 0.04661630839109421 17.036754608154297
0.05392378568649292 0.04516252502799034 17.52252197265625
0.056670911610126495 0.04792463034391403 17.49256134033203
0.05618488788604736 0.04761195927858353 17.145854949951172
0.055214907974004745 0.046393752098083496 17.642311096191406
0.05518868565559387 0.046883475035429 16.610416412353516
0.05322685092687607 0.044283218681812286 17.88726234436035
0.05288371816277504 0.043870680034160614 18.026077270507812
0.05465659871697426 0.04591510817408562 17.482982635498047
0.051472634077072144 0.042356379330158234 18.232505798339844
0.05205075442790985 0.043169114738702774 17.76327896118164
0.05323875695466995 0.04444120451807976 17.59510040283203
0.05325374752283096 0.04465257748961449 17.202341079711914
0.05252620205283165 0.04392419755458832 17.204010009765625
0.05255886912345886 0.043736569583415985 17.644596099853516
0.05303473770618439 0.04417832940816879 17.712818145751953
0.053292203694581985 0.044607825577259064 17.368755340576172
0.05177886039018631 0.043114498257637024 17.328725814819336
0.054023511707782745 0.04522227495908737 17.60247039794922
0.05241928994655609 0.04379291459918022 17.25275230407715
0.051965367048978806 0.04318271577358246 17.56529998779297
0.051819249987602234 0.04305748641490936 17.523523330688477
0.05349993705749512 0.04483964294195175 17.32058334350586
0.05173468589782715 0.04333578422665596 16.797801971435547
0.05106666684150696 0.04265209659934044 16.829143524169922
0.05131244659423828 0.04265875369310379 17.307388305664062
0.050283268094062805 0.0412764698266983 18.01359748840332
0.050753530114889145 0.04141353815793991 18.67998504638672
0.050812918692827225 0.04155980795621872 18.506221771240234
0.04975344240665436 0.04054911062121391 18.408660888671875
0.052752066403627396 0.04358487203717232 18.334386825561523
0.051745619624853134 0.04283139109611511 17.82845687866211
0.05190562456846237 0.04331634193658829 17.178565979003906
0.05085994303226471 0.042177714407444 17.364452362060547
0.05000428855419159 0.0412980355322361 17.412506103515625
0.05263008922338486 0.04359522461891174 18.069725036621094
0.050082795321941376 0.04118851572275162 17.788557052612305
0.050008054822683334 0.041092462837696075 17.831180572509766
0.0494355708360672 0.04063506796956062 17.60100555419922
0.04955574497580528 0.040652044117450714 17.807401657104492
0.050001099705696106 0.04140748083591461 17.187238693237305
0.049712248146533966 0.04081258550286293 17.799327850341797
0.048869919031858444 0.03998406231403351 17.77171516418457
0.04930991679430008 0.04017462581396103 18.27058219909668
0.05096117779612541 0.04181501641869545 18.29232406616211
0.04898233339190483 0.03969467058777809 18.5753231048584
0.04896389693021774 0.04028896987438202 17.349849700927734
0.0512225441634655 0.04233768582344055 17.76971435546875
0.04970931261777878 0.04104598984122276 17.326644897460938
0.048080168664455414 0.0394824743270874 17.195390701293945
0.048906050622463226 0.040062032639980316 17.688034057617188
0.048748038709163666 0.03997744619846344 17.54118537902832
0.04673893749713898 0.03764055669307709 18.19675636291504
0.050512269139289856 0.04148712009191513 18.050296783447266
0.048805706202983856 0.039633847773075104 18.343711853027344
0.049448587000370026 0.039670318365097046 19.556535720825195
0.0487239807844162 0.03944021835923195 18.567523956298828
0.04905407130718231 0.04010189324617386 17.904354095458984
0.04746519401669502 0.038787588477134705 17.355209350585938
0.047474462538957596 0.0390242338180542 16.900455474853516
0.04646673798561096 0.03779713064432144 17.339210510253906
0.049429751932621 0.04081288352608681 17.233734130859375
0.04650561138987541 0.03778141736984253 17.44838523864746
0.04664570838212967 0.037811122834682465 17.669174194335938
0.047177091240882874 0.03822455182671547 17.905075073242188
0.04684590548276901 0.03778562322258949 18.120563507080078
0.045626357197761536 0.03661363571882248 18.025440216064453
0.04606425762176514 0.03733349218964577 17.461532592773438
0.04820958524942398 0.03973717615008354 16.9448184967041
0.047266971319913864 0.03872483968734741 17.08426284790039
0.04791197553277016 0.03953520953655243 16.75353240966797
0.04881661385297775 0.0403255820274353 16.98206329345703
0.04719025641679764 0.03859785199165344 17.184804916381836
0.04600580409169197 0.037237413227558136 17.536779403686523
0.046481676399707794 0.037481002509593964 18.0013427734375
0.047263287007808685 0.03815175220370293 18.223072052001953
0.04493456333875656 0.035847485065460205 18.174156188964844
0.04834141954779625 0.03946016728878021 17.76250457763672
0.047436170279979706 0.03827343508601189 18.325469970703125
0.046192459762096405 0.037307485938072205 17.769943237304688
0.04700292646884918 0.03777305781841278 18.459735870361328
0.04626978933811188 0.03717166185379028 18.196256637573242
0.04713212326169014 0.037923507392406464 18.417232513427734
0.04621642082929611 0.036596041172742844 19.240760803222656
0.04732479900121689 0.03797871619462967 18.692169189453125
0.04525873064994812 0.03587086498737335 18.77573013305664
0.04661950096487999 0.037750352174043655 17.738296508789062
0.0454648919403553 0.0366232804954052 17.68321990966797
0.044948652386665344 0.03596673160791397 17.96384048461914
0.04612528160214424 0.037088483572006226 18.073596954345703
0.0460059680044651 0.03694811463356018 18.115703582763672
0.047650016844272614 0.03826861083507538 18.762807846069336
0.044372376054525375 0.035237960517406464 18.268829345703125
0.04422769695520401 0.035197675228118896 18.060043334960938
0.04476805031299591 0.035615451633930206 18.305194854736328
0.04541316628456116 0.036350008100271225 18.12631607055664
0.04600464925169945 0.03739088773727417 17.227519989013672
0.04440237581729889 0.03549807518720627 17.808597564697266
0.044909149408340454 0.03576996177434921 18.278369903564453
0.04561683535575867 0.03628555312752724 18.662567138671875
0.04605121165513992 0.0371183380484581 17.865741729736328
0.0466814860701561 0.03737109899520874 18.62077522277832
0.046373747289180756 0.03693024441599846 18.887004852294922
0.0451648011803627 0.03548396751284599 19.361663818359375
0.04455072432756424 0.03549831360578537 18.104820251464844
0.04400095343589783 0.03498845919966698 18.02498435974121
0.046764686703681946 0.03802274167537689 17.48388671875
0.043845146894454956 0.034866735339164734 17.956823348999023
0.043618690222501755 0.03460518270730972 18.027013778686523
0.04394150525331497 0.034783169627189636 18.316673278808594
0.043194469064474106 0.03374643996357918 18.896059036254883
0.047068413347005844 0.03774552047252655 18.645784378051758
0.042790550738573074 0.033264532685279846 19.05203628540039
0.04556635767221451 0.03627774119377136 18.57723617553711
0.04451997950673103 0.03507915511727333 18.881649017333984
0.043554164469242096 0.034395914524793625 18.31650161743164
0.04272875189781189 0.03378864377737045 17.880218505859375
0.043776847422122955 0.03493919596076012 17.675304412841797
0.045016009360551834 0.03619205951690674 17.64790153503418
0.04424942284822464 0.03545379638671875 17.591251373291016
0.04519838094711304 0.03605705872178078 18.28264617919922
0.04474736005067825 0.03553377836942673 18.42715835571289
0.04430382698774338 0.03487330675125122 18.86103630065918
0.043878667056560516 0.03440385311841965 18.949623107910156
0.04254007339477539 0.033062644302845 18.954858779907227
0.04336964339017868 0.0340828076004982 18.573671340942383
0.045017436146736145 0.035847850143909454 18.339170455932617
0.04329967126250267 0.03423263132572174 18.134078979492188
0.04429676756262779 0.03538013994693756 17.833255767822266
0.04296441003680229 0.033819135278463364 18.29054832458496
0.043772801756858826 0.03444270044565201 18.660202026367188
0.04279942065477371 0.033566176891326904 18.466482162475586
0.04282555356621742 0.03351537883281708 18.620349884033203
0.0452301912009716 0.03582192212343216 18.816537857055664
0.04378066584467888 0.03488527238368988 17.790788650512695
0.041400834918022156 0.03271700441837311 17.367660522460938
0.04064663127064705 0.03171978518366814 17.85369110107422
0.042923275381326675 0.03400241583585739 17.841720581054688
0.04264730215072632 0.033801447600126266 17.69171142578125
0.04334258660674095 0.034385837614536285 17.913497924804688
0.03914090618491173 0.03003828600049019 18.205238342285156
0.04356549680233002 0.034229129552841187 18.67273712158203
0.04506950452923775 0.03567703813314438 18.784931182861328
0.0443727932870388 0.03515070304274559 18.444181442260742
0.04208673536777496 0.03298969566822052 18.194080352783203
0.04622849076986313 0.03699253126978874 18.47191619873047
0.041311703622341156 0.03213723748922348 18.348934173583984
0.04371052235364914 0.03439123183488846 18.63858413696289
0.0434018075466156 0.03415083512663841 18.501941680908203
0.04404670372605324 0.034517452120780945 19.058502197265625
0.0419168658554554 0.0324883759021759 18.85698127746582
0.04341915249824524 0.034009888768196106 18.818525314331055
0.04144558683037758 0.03217975050210953 18.53167152404785
0.042477481067180634 0.03319346904754639 18.56801986694336
0.04224492609500885 0.03291802853345871 18.653793334960938
0.04180031269788742 0.03254472836852074 18.511165618896484
0.04316852241754532 0.03389133885502815 18.554363250732422
0.04200609773397446 0.03264914080500603 18.713916778564453
0.04154890030622482 0.031933508813381195 19.230783462524414
0.04077398404479027 0.03125511854887009 19.037731170654297
0.04216145724058151 0.03242654353380203 19.46982765197754
0.04472191631793976 0.03496544435620308 19.5129451751709
0.042271506041288376 0.03288043290376663 18.782146453857422
0.04314007610082626 0.03404334932565689 18.193450927734375
0.0407940149307251 0.031685225665569305 18.217573165893555
0.044197265058755875 0.035118963569402695 18.156604766845703
0.04314052686095238 0.03407933562994003 18.122379302978516
0.04256848990917206 0.033073216676712036 18.99054718017578
0.040749650448560715 0.03113722614943981 19.224849700927734
0.04474010318517685 0.03533053770661354 18.819129943847656
0.04339524731040001 0.033758558332920074 19.27337646484375
0.04080575332045555 0.031209735199809074 19.192035675048828
0.04198931157588959 0.03272448107600212 18.529659271240234
0.04125940799713135 0.032140642404556274 18.237525939941406
0.040483325719833374 0.031105704605579376 18.7552433013916
0.040544621646404266 0.031206686049699783 18.675874710083008
0.04415147751569748 0.03464856743812561 19.005815505981445
0.04166039824485779 0.03201451525092125 19.291767120361328
0.041814204305410385 0.03244217485189438 18.744056701660156
0.042917400598526 0.0333106592297554 19.213485717773438
0.04228578880429268 0.03285188227891922 18.86781120300293
0.04137200489640236 0.03182489797472954 19.09421157836914
0.04095310717821121 0.031442977488040924 19.0202579498291
0.03922591730952263 0.029783880338072777 18.884071350097656
0.04444439709186554 0.03499086946249008 18.90705680847168
0.0409989170730114 0.031538836658000946 18.9201602935791
0.041803114116191864 0.03230668976902962 18.992843627929688
0.040030352771282196 0.03074587509036064 18.568950653076172
0.042117878794670105 0.03282181918621063 18.592117309570312
0.03982187807559967 0.030422158539295197 18.799434661865234
0.04033548757433891 0.031117480248212814 18.436012268066406
0.04338918626308441 0.03407331556081772 18.631736755371094
0.040536992251873016 0.03129658102989197 18.480823516845703
0.041492898017168045 0.03198833391070366 19.00912857055664
0.04224324971437454 0.032915689051151276 18.655122756958008
0.040318019688129425 0.030560921877622604 19.514190673828125
0.04096890240907669 0.031150631606578827 19.636545181274414
0.0440576896071434 0.03419516980648041 19.72503662109375
0.04042031615972519 0.030900131911039352 19.04036521911621
0.04403384029865265 0.03447183221578598 19.124013900756836
0.041306186467409134 0.0319039486348629 18.804475784301758
0.04226638376712799 0.03303288295865059 18.467004776000977
0.04261302947998047 0.03314179182052612 18.94247055053711
0.04218224063515663 0.03254414349794388 19.276195526123047
0.04116977006196976 0.03126004338264465 19.81945037841797
0.041479166597127914 0.0317104272544384 19.5374755859375
0.03971824795007706 0.029974672943353653 19.48714828491211
0.040045544505119324 0.029985301196575165 20.1204833984375
0.0410144068300724 0.031268082559108734 19.49264907836914
0.043401431292295456 0.0335523784160614 19.69810676574707
0.04066874459385872 0.031041134148836136 19.25522232055664
0.038907554000616074 0.029335513710975647 19.144081115722656
0.04147626459598541 0.03164917230606079 19.654184341430664
0.0382218062877655 0.0285613052546978 19.32099723815918
0.04191746562719345 0.031952254474163055 19.930421829223633
0.04014481604099274 0.03013649210333824 20.016647338867188
0.04228474944829941 0.03245748579502106 19.654529571533203
0.041889891028404236 0.0322820246219635 19.21573257446289
0.03940628096461296 0.029962413012981415 18.887737274169922
0.03824807330965996 0.02903047576546669 18.435195922851562
0.04210280627012253 0.032597143203020096 19.01132583618164
0.04155464470386505 0.03228290379047394 18.543479919433594
0.042436301708221436 0.032972775399684906 18.927053451538086
0.04168134182691574 0.03202585503458977 19.31096839904785
0.04048610478639603 0.030955888330936432 19.060434341430664
0.03829335793852806 0.028646200895309448 19.294313430786133
0.039851024746894836 0.030228398740291595 19.245248794555664
0.04108728840947151 0.03129855543375015 19.57746696472168
0.03965221345424652 0.030117560178041458 19.069305419921875
0.04153561219573021 0.03206344693899155 18.94432830810547
0.0383220836520195 0.02883114665746689 18.981876373291016
0.03843405842781067 0.028677813708782196 19.51248550415039
0.03985295444726944 0.03058350272476673 18.538898468017578
0.04138989746570587 0.03210947662591934 18.56083869934082
0.04038403183221817 0.030664624646306038 19.438812255859375
0.03892688825726509 0.02936655655503273 19.120662689208984
0.041118815541267395 0.031696245074272156 18.845138549804688
0.0397789403796196 0.030215982347726822 19.125919342041016
0.04033784568309784 0.030505917966365814 19.663856506347656
0.04119013994932175 0.03161939978599548 19.141477584838867
0.0396747924387455 0.030178938060998917 18.99170684814453
0.040786679834127426 0.03118363954126835 19.20608139038086
0.0399509035050869 0.03035278618335724 19.19623565673828
0.0382784903049469 0.028792239725589752 18.97249984741211
0.03857522830367088 0.029071945697069168 19.006563186645508
0.04040025547146797 0.030674001201987267 19.45250701904297
0.039255350828170776 0.029704609885811806 19.101482391357422
0.040071040391922 0.030361687764525414 19.41870880126953
0.038676608353853226 0.02907625027000904 19.20071792602539
0.040020961314439774 0.030356599017977715 19.328723907470703
0.04061998054385185 0.030891703441739082 19.456554412841797
0.03866184502840042 0.028915157541632652 19.493377685546875
0.04003513604402542 0.030046086758375168 19.97809600830078
0.03765373304486275 0.02793552540242672 19.436412811279297
0.04029963165521622 0.03054896555840969 19.50133514404297
0.0384233333170414 0.028550773859024048 19.7451171875
0.04054980352520943 0.030921492725610733 19.256620407104492
0.0374533012509346 0.027752162888646126 19.40227508544922
0.03960243612527847 0.02963200770318508 19.940855026245117
0.040104396641254425 0.030428126454353333 19.352540969848633
0.04098673164844513 0.03137807920575142 19.217304229736328
0.04000328481197357 0.030275046825408936 19.45647430419922
0.03744492307305336 0.027729514986276627 19.43081283569336
0.04095311462879181 0.031117644160985947 19.670940399169922
0.03984289616346359 0.029847074300050735 19.99163818359375
0.038152266293764114 0.02825755439698696 19.78942108154297
0.037906866520643234 0.02835715562105179 19.09942054748535
0.040091902017593384 0.0306398943066597 18.904016494750977
0.03870481252670288 0.02919953316450119 19.010555267333984
0.04105634242296219 0.031600549817085266 18.91158103942871
0.03774445876479149 0.028227802366018295 19.033309936523438
0.03889304772019386 0.029205620288848877 19.374855041503906
0.03966853767633438 0.029865773394703865 19.60552406311035
0.04125324636697769 0.031370989978313446 19.76451301574707
0.03911784291267395 0.029294699430465698 19.64628791809082
0.03940623626112938 0.02929091267287731 20.230648040771484
0.039042502641677856 0.02902759239077568 20.02981948852539
0.040333203971385956 0.030106719583272934 20.45296859741211
0.03712402284145355 0.027050208300352097 20.147624969482422
0.038871727883815765 0.029056910425424576 19.629634857177734
0.0384850800037384 0.028551341965794563 19.867473602294922
0.03874630108475685 0.02887808158993721 19.736438751220703
0.04046397656202316 0.030841179192066193 19.245595932006836
0.03863172233104706 0.02905820682644844 19.147029876708984
0.03844461590051651 0.028300123289227486 20.288986206054688
0.03913026303052902 0.029487378895282745 19.2857666015625
0.03951235115528107 0.029633961617946625 19.75677490234375
0.03867432847619057 0.02884868159890175 19.651294708251953
0.03882652893662453 0.029032275080680847 19.5885066986084
0.03858993202447891 0.028824545443058014 19.53077507019043
0.03955220431089401 0.029892316088080406 19.319774627685547
0.0371735543012619 0.027600346133112907 19.146411895751953
0.03924073278903961 0.029741225764155388 18.99901008605957
0.035765234380960464 0.02652083709836006 18.488794326782227
0.03907414525747299 0.02956276573240757 19.02275848388672
0.03744948282837868 0.027829840779304504 19.239282608032227
0.038834404200315475 0.02934112772345543 18.98655128479004
0.03812573477625847 0.02819698676466942 19.857492446899414
0.03939705714583397 0.02962300553917885 19.54810333251953
0.03671962767839432 0.02704305574297905 19.353145599365234
0.03787718340754509 0.028269272297620773 19.2158203125
0.037310268729925156 0.02771139331161976 19.197750091552734
0.03875109553337097 0.02907102182507515 19.360145568847656
0.04018930345773697 0.030657261610031128 19.0640869140625
0.03805844113230705 0.028277993202209473 19.560894012451172
0.039204202592372894 0.02937396615743637 19.660470962524414
0.03933335095643997 0.029560379683971405 19.545944213867188
0.03758910298347473 0.027802225202322006 19.57375717163086
0.0379471480846405 0.028383657336235046 19.126983642578125
0.03878206014633179 0.02888607606291771 19.791969299316406
0.03761681914329529 0.02787729725241661 19.47903823852539
0.03871889039874077 0.0288706012070179 19.696578979492188
0.036611296236515045 0.027207273989915848 18.808040618896484
0.038441725075244904 0.02896227315068245 18.958898544311523
0.038182809948921204 0.0285365991294384 19.292417526245117
0.037828657776117325 0.028334952890872955 18.987411499023438
0.037581659853458405 0.027817482128739357 19.528352737426758
0.03813666105270386 0.02857309579849243 19.12713050842285
0.03911309689283371 0.029603969305753708 19.018253326416016
0.039265844970941544 0.029212433844804764 20.106821060180664
0.03686930984258652 0.02746974676847458 18.799121856689453
0.039845604449510574 0.030210867524147034 19.269472122192383
0.037400905042886734 0.027691680938005447 19.418445587158203
0.036108922213315964 0.026085393503308296 20.047054290771484
0.038767240941524506 0.028812751173973083 19.908977508544922
0.03855545073747635 0.028323307633399963 20.46428108215332
0.03883923962712288 0.028859257698059082 19.959962844848633
0.0373140349984169 0.027398616075515747 19.830841064453125
0.038395099341869354 0.028344130143523216 20.101938247680664
0.03917867690324783 0.02928938716650009 19.778575897216797
0.03700704872608185 0.02731906622648239 19.37596321105957
0.03703606501221657 0.02748807892203331 19.09597396850586
0.03773748502135277 0.028278455138206482 18.91805648803711
0.039557747542858124 0.029870543628931046 19.374404907226562
0.03792678564786911 0.02819085121154785 19.471866607666016
0.03671412542462349 0.02674388512969017 19.940479278564453
0.03853021189570427 0.028361432254314423 20.33755874633789
0.03823066130280495 0.028147835284471512 20.1656494140625
0.03704584017395973 0.02685811184346676 20.375457763671875
0.03696202114224434 0.026850081980228424 20.223876953125
0.03917951136827469 0.029434356838464737 19.490310668945312
0.037259794771671295 0.027654651552438736 19.21028709411621
0.04064521566033363 0.03090449422597885 19.481441497802734
0.03705291822552681 0.027624424546957016 18.856985092163086
0.03767953813076019 0.028140386566519737 19.078306198120117
0.03666431084275246 0.0267898291349411 19.748960494995117
0.03783228620886803 0.027891164645552635 19.88224220275879
0.03675628453493118 0.02690800279378891 19.696561813354492
0.04022221267223358 0.030234932899475098 19.974559783935547
0.0367794893682003 0.02687123231589794 19.816513061523438
0.036205023527145386 0.026417315006256104 19.57541275024414
0.037942834198474884 0.02808307856321335 19.719511032104492
0.03894636034965515 0.029047999531030655 19.79671859741211
0.03994755074381828 0.03004806861281395 19.798961639404297
0.03666394203901291 0.026772117242217064 19.783649444580078
0.03826871141791344 0.028247302398085594 20.042816162109375
0.03745419159531593 0.027359649538993835 20.189085006713867
0.03921646624803543 0.02899845503270626 20.436017990112305
0.03637389466166496 0.02628454379737377 20.178699493408203
0.03843863308429718 0.028261668980121613 20.353927612304688
0.03867309167981148 0.028835538774728775 19.67510223388672
0.037094056606292725 0.02715936116874218 19.869388580322266
0.03689555078744888 0.026744242757558823 20.3026123046875
0.03917645663022995 0.029038526117801666 20.275856018066406
0.0380256287753582 0.027891667559742928 20.267921447753906
0.03623180836439133 0.0261553768068552 20.15285873413086
0.0374395027756691 0.027372067794203758 20.13486671447754
0.039566993713378906 0.029519323259592056 20.09534454345703
0.037107694894075394 0.027136994525790215 19.94139862060547
0.03765983134508133 0.027656380087137222 20.006900787353516
0.03813162073493004 0.02798892930150032 20.285381317138672
0.03803212568163872 0.028001174330711365 20.06190299987793
0.038151681423187256 0.02780786156654358 20.687637329101562
0.03673594444990158 0.026659518480300903 20.152847290039062
0.03819118067622185 0.028052911162376404 20.27653694152832
0.03765956312417984 0.02789314091205597 19.532840728759766
0.039885230362415314 0.030097682029008865 19.57509422302246
0.036067601293325424 0.026413656771183014 19.307886123657227
0.03693876788020134 0.02708560973405838 19.706314086914062
0.03811819106340408 0.02808237634599209 20.07162857055664
0.03609276935458183 0.02612115815281868 19.94322395324707
0.03820975497364998 0.028399556875228882 19.620397567749023
0.03752719610929489 0.027516573667526245 20.0212459564209
0.040573038160800934 0.030756719410419464 19.632633209228516
0.03800191730260849 0.028118697926402092 19.766433715820312
0.039349265396595 0.029363345354795456 19.971839904785156
0.03693341463804245 0.02672017365694046 20.426483154296875
0.03635939955711365 0.02608863264322281 20.541534423828125
0.03952627629041672 0.029212942346930504 20.626667022705078
0.03885168954730034 0.02868671528995037 20.329946517944336
0.03778611123561859 0.02761988155543804 20.332462310791016
0.036555759608745575 0.02608698047697544 20.93755340576172
0.03800101578235626 0.027566635981202126 20.868762969970703
0.0380309633910656 0.027762971818447113 20.535980224609375
0.03906010836362839 0.0287266094237566 20.66699981689453
0.036072373390197754 0.02581879124045372 20.507165908813477
0.03703736513853073 0.02707991749048233 19.91489028930664
0.03690230846405029 0.02678799256682396 20.22863006591797
0.037609439343214035 0.027528658509254456 20.16156005859375
0.03857806324958801 0.028505370020866394 20.1453857421875
0.03816913813352585 0.02800496481359005 20.328346252441406
0.037626974284648895 0.027710072696208954 19.83380126953125
0.03723922371864319 0.027178321033716202 20.121809005737305
0.038002047687768936 0.027827531099319458 20.349029541015625
0.03726348653435707 0.027014195919036865 20.498580932617188
0.03838843107223511 0.028111618012189865 20.55362319946289
0.03489850461483002 0.024838104844093323 20.12080192565918
0.036627087742090225 0.026754222810268402 19.745731353759766
0.03596121445298195 0.0263289213180542 19.26458740234375
0.03543567657470703 0.025757387280464172 19.356576919555664
0.036242637783288956 0.0265941359102726 19.29700469970703
0.035663507878780365 0.025760699063539505 19.805612564086914
0.03655190393328667 0.02644294500350952 20.217914581298828
0.03757539764046669 0.027443666011095047 20.26346206665039
0.037096984684467316 0.026976777240633965 20.240413665771484
0.037134602665901184 0.02701757475733757 20.234054565429688
0.036045532673597336 0.02596607618033886 20.158910751342773
0.03790783882141113 0.0279783234000206 19.859031677246094
0.036575399339199066 0.026549402624368668 20.0519962310791
0.037360094487667084 0.027635548263788223 19.44908905029297
0.03802107647061348 0.02828444540500641 19.4732608795166
0.038037970662117004 0.02809987962245941 19.876182556152344
0.03532524034380913 0.025394953787326813 19.860570907592773
0.035972628742456436 0.02588062733411789 20.184003829956055
0.03788299858570099 0.027680739760398865 20.40451431274414
0.03817204385995865 0.027841676026582718 20.66073226928711
0.036645129323005676 0.026258040219545364 20.774173736572266
0.0357326976954937 0.02535620704293251 20.752979278564453
0.03624468296766281 0.025994088500738144 20.50118637084961
0.03675207495689392 0.02658846229314804 20.32722282409668
0.03536399081349373 0.025354333221912384 20.01931381225586
0.03527238592505455 0.02533453330397606 19.875701904296875
0.03572176396846771 0.025642499327659607 20.158527374267578
0.036512117832899094 0.02633192390203476 20.36038589477539
0.039096005260944366 0.029011281207203865 20.16944694519043
0.03483417630195618 0.024862725287675858 19.94290542602539
0.03599493205547333 0.025907687842845917 20.17449188232422
0.03661355376243591 0.02664674073457718 19.933624267578125
0.0355878546833992 0.025865547358989716 19.44461441040039
0.03718874976038933 0.027333535254001617 19.71042823791504
0.038973256945610046 0.029034391045570374 19.87773323059082
0.03686508908867836 0.026721183210611343 20.287811279296875
0.035180725157260895 0.025083716958761215 20.194013595581055
0.037141352891922 0.027025815099477768 20.2310791015625
0.037671349942684174 0.027379248291254044 20.584197998046875
0.03602474182844162 0.02601945400238037 20.010574340820312
0.03798269107937813 0.027761753648519516 20.441875457763672
0.03547392785549164 0.0254104845225811 20.12688636779785
0.037892743945121765 0.027910476550459862 19.964536666870117
0.03689685836434364 0.02700594626367092 19.78182601928711
0.03684066981077194 0.026551347225904465 20.57864761352539
0.035607390105724335 0.02518138661980629 20.852005004882812
0.0379280224442482 0.02750982716679573 20.83639144897461
0.03566635772585869 0.02536417916417122 20.604354858398438
0.03793579712510109 0.027681149542331696 20.509294509887695
0.03622880578041077 0.025850189849734306 20.757234573364258
0.03618641942739487 0.02594413422048092 20.48456573486328
0.03517557308077812 0.024976611137390137 20.39792251586914
0.03634766861796379 0.02597011998295784 20.755096435546875
0.03526775911450386 0.02545352652668953 19.628463745117188
0.03760708495974541 0.02729765512049198 20.61885643005371
0.0371536947786808 0.026689156889915466 20.929073333740234
0.03625011816620827 0.025844812393188477 20.810611724853516
0.035493895411491394 0.0252631027251482 20.46158218383789
0.03540364280343056 0.02515612170100212 20.495040893554688
0.03650297969579697 0.02620619349181652 20.593570709228516
0.035490501672029495 0.02553994581103325 19.901111602783203
0.03698824718594551 0.026948917657136917 20.078657150268555
0.03661784902215004 0.026675935834646225 19.883827209472656
0.036083854734897614 0.02620508335530758 19.757545471191406
0.035147566348314285 0.02506791055202484 20.15930938720703
0.03569217026233673 0.025894716382026672 19.59490966796875
0.03505168855190277 0.024919966235756874 20.263442993164062
0.03805021196603775 0.02769249677658081 20.715429306030273
0.03738509491086006 0.02711796574294567 20.534257888793945
0.034790851175785065 0.024747494608163834 20.086708068847656
0.03598619997501373 0.025764508172869682 20.44338035583496
0.035630159080028534 0.025603830814361572 20.05265998840332
0.03592050075531006 0.026014791801571846 19.811416625976562
0.037204377353191376 0.02720203995704651 20.004676818847656
0.03600681573152542 0.0259664598852396 20.080707550048828
0.03801098093390465 0.027825936675071716 20.370084762573242
0.034215450286865234 0.024151761084794998 20.127376556396484
0.03574785962700844 0.024968961253762245 21.557796478271484
0.037763625383377075 0.02696668729186058 21.59387969970703
0.03497864305973053 0.02479725331068039 20.362775802612305
0.035619862377643585 0.02548651397228241 20.26669692993164
0.03631240874528885 0.02650745026767254 19.609914779663086
0.03756438568234444 0.027672529220581055 19.78371238708496
0.03558474779129028 0.025978252291679382 19.21299171447754
0.034341901540756226 0.024473730474710464 19.736343383789062
0.034266360104084015 0.024510571733117104 19.51157569885254
0.037066906690597534 0.027037426829338074 20.058956146240234
0.03414613753557205 0.02413826808333397 20.015735626220703
0.03712502494454384 0.026701392605900764 20.847261428833008
0.035614848136901855 0.025203926488757133 20.821842193603516
0.03620271012187004 0.02573317289352417 20.939071655273438
0.033611830323934555 0.023703234270215034 19.81719207763672
0.03462109714746475 0.02483246847987175 19.577260971069336
0.036870285868644714 0.02694365382194519 19.85326385498047
0.03562844917178154 0.025717314332723618 19.822269439697266
0.035275451838970184 0.024955537170171738 20.63983154296875
0.03336033225059509 0.023433055728673935 19.85454750061035
0.034709952771663666 0.024509266018867493 20.40137481689453
0.03524471074342728 0.024884037673473358 20.721349716186523
0.03672461956739426 0.026260128244757652 20.928985595703125
0.03599654510617256 0.02582784928381443 20.337390899658203
0.03374035656452179 0.023901445791125298 19.677818298339844
0.036057814955711365 0.025928087532520294 20.259456634521484
0.03653913736343384 0.02655632235109806 19.96562957763672
0.03468826413154602 0.024529214948415756 20.318099975585938
0.037214361131191254 0.027110781520605087 20.2071590423584
0.034716952592134476 0.024741280823946 19.951343536376953
0.035215362906455994 0.02497982233762741 20.471084594726562
0.03436441719532013 0.02425689622759819 20.215038299560547
0.03429103642702103 0.02424491010606289 20.09225082397461
0.03629317879676819 0.026079334318637848 20.427692413330078
0.03431075066328049 0.024317769333720207 19.985965728759766
0.03672414273023605 0.026492901146411896 20.462478637695312
0.03385135531425476 0.02376474253833294 20.173227310180664
0.03601192682981491 0.025729242712259293 20.56536865234375
0.036850400269031525 0.02673143707215786 20.23792839050293
0.034619882702827454 0.02459396794438362 20.05183219909668
0.036451272666454315 0.026071954518556595 20.758638381958008
0.03722388297319412 0.026566049084067345 21.3156681060791
0.03591819107532501 0.025268584489822388 21.299209594726562
0.034668829292058945 0.02454739436507225 20.24286651611328
0.035843007266521454 0.025679033249616623 20.32794761657715
0.03779072314500809 0.027634218335151672 20.313005447387695
0.034896370023489 0.024745609611272812 20.30152130126953
0.03647717833518982 0.026261841878294945 20.430675506591797
0.03396643325686455 0.023707110434770584 20.51864242553711
0.036453135311603546 0.02629450336098671 20.3172607421875
0.03387681394815445 0.023636482656002045 20.480663299560547
0.034476034343242645 0.02437036857008934 20.211332321166992
0.03665848821401596 0.026363281533122063 20.590415954589844
0.035817939788103104 0.025557979941368103 20.519920349121094
0.03456806391477585 0.02448691427707672 20.162296295166016
0.03535415604710579 0.024933025240898132 20.84225845336914
0.0343782901763916 0.023868145421147346 21.020286560058594
0.03453022614121437 0.02422049641609192 20.619457244873047
0.03627951443195343 0.02578839659690857 20.98223304748535
0.0345291830599308 0.024195175617933273 20.668014526367188
0.03641284629702568 0.02618218958377838 20.461315155029297
0.035777848213911057 0.02535226009786129 20.851177215576172
0.03453269600868225 0.024176914244890213 20.711566925048828
0.03647357225418091 0.02606232650578022 20.822494506835938
0.03539441525936127 0.024930667132139206 20.927494049072266
0.03304268419742584 0.023066014051437378 19.95333480834961
0.03458135947585106 0.024286355823278427 20.590007781982422
0.03578289598226547 0.025623202323913574 20.319381713867188
0.03486466407775879 0.024780545383691788 20.16823959350586
0.036056265234947205 0.02592995949089527 20.252609252929688
0.035856615751981735 0.02580004557967186 20.11313819885254
0.03537330403923988 0.02539495751261711 19.95669174194336
0.03471682220697403 0.024599852040410042 20.233936309814453
0.03609319403767586 0.025831498205661774 20.52338981628418
0.03645116090774536 0.026026036590337753 20.850250244140625
0.03618963435292244 0.026183731853961945 20.01180648803711
0.034601591527462006 0.024004798382520676 21.193580627441406
0.03609199821949005 0.025503454729914665 21.177087783813477
0.0366542711853981 0.025991488248109818 21.325563430786133
0.03583075478672981 0.025192759931087494 21.275989532470703
0.03539597988128662 0.0248979814350605 20.99599838256836
0.03463532030582428 0.02431810274720192 20.634431838989258
0.03394730016589165 0.023474907502532005 20.94478416442871
0.03677445650100708 0.0263475701212883 20.853769302368164
0.03486784175038338 0.024565568193793297 20.60454559326172
0.03440289944410324 0.02395414188504219 20.897518157958984
0.03349590301513672 0.023148223757743835 20.695358276367188
0.03390360623598099 0.023687660694122314 20.431888580322266
0.03618472442030907 0.025665119290351868 21.03921127319336
0.03605441004037857 0.0256769098341465 20.755001068115234
0.034687455743551254 0.024693191051483154 19.988527297973633
0.035235803574323654 0.02528991736471653 19.891769409179688
0.03548606485128403 0.025268804281949997 20.434520721435547
0.034690260887145996 0.024629861116409302 20.12079429626465
0.034487128257751465 0.024676460772752762 19.621334075927734
0.03463732451200485 0.02482050284743309 19.63364028930664
0.03349393978714943 0.023412905633449554 20.162067413330078
0.03298588842153549 0.02292761206626892 20.11655616760254
0.03479339927434921 0.024743348360061646 20.100101470947266
0.034927062690258026 0.0248063113540411 20.241500854492188
0.03547593206167221 0.025041256099939346 20.869354248046875
0.0355425626039505 0.024848081171512604 21.38896369934082
0.03513488546013832 0.02452734299004078 21.215084075927734
0.03444303944706917 0.02401096187531948 20.864154815673828
0.03687625750899315 0.026103509590029716 21.545495986938477
0.03465718775987625 0.02373899705708027 21.836381912231445
0.03619354963302612 0.025434460490942 21.51818084716797
0.034534554928541183 0.02395622991025448 21.156646728515625
0.03542936593294144 0.024961747229099274 20.935239791870117
0.035929564386606216 0.025017548352479935 21.82402992248535
0.03520505875349045 0.024829350411891937 20.751419067382812
0.034106239676475525 0.023743830621242523 20.724821090698242
0.03437768667936325 0.02395290695130825 20.84955596923828
0.03607488051056862 0.025436358526349068 21.277042388916016
0.036052558571100235 0.025301530957221985 21.502052307128906
0.03574397414922714 0.025298433378338814 20.89107894897461
0.03525620698928833 0.024886786937713623 20.738842010498047
0.035779714584350586 0.025579703971743584 20.400020599365234
0.03415124863386154 0.02414877340197563 20.004945755004883
0.03516528010368347 0.024970591068267822 20.389373779296875
0.035423677414655685 0.02525954507291317 20.328266143798828
0.035346440970897675 0.02493869885802269 20.81548309326172
0.03532762825489044 0.024867277592420578 20.920703887939453
0.03442437946796417 0.023862095549702644 21.12456512451172
0.033837832510471344 0.02339673601090908 20.882190704345703
0.03588300943374634 0.025196067988872528 21.373884201049805
0.03570512682199478 0.02494746260344982 21.515331268310547
0.03425582870841026 0.024033762514591217 20.44413185119629
0.03670910745859146 0.0263067539781332 20.804702758789062
0.035395048558712006 0.02506561577320099 20.65886688232422
0.032339245080947876 0.021904703229665756 20.86908721923828
0.03548209369182587 0.024583688005805016 21.79680633544922
0.03439314290881157 0.023731352761387825 21.32358169555664
0.035119447857141495 0.024287670850753784 21.663555145263672
0.03545749559998512 0.024882305413484573 21.15037727355957
0.033276475965976715 0.02313370071351528 20.285547256469727
0.036354683339595795 0.02580338530242443 21.102596282958984
0.0355471707880497 0.025326862931251526 20.440616607666016
0.03316090255975723 0.022970128804445267 20.381549835205078
0.034286413341760635 0.024196743965148926 20.179340362548828
0.035525962710380554 0.025106225162744522 20.839473724365234
0.032660797238349915 0.0224714744836092 20.378646850585938
0.035601988434791565 0.025036239996552467 21.131492614746094
0.03650619834661484 0.026058148592710495 20.896095275878906
0.035185806453228 0.024468697607517242 21.434219360351562
0.03442218899726868 0.024123311042785645 20.597753524780273
0.035377614200115204 0.02490907907485962 20.93707275390625
0.03358754888176918 0.02367318980395794 19.828716278076172
0.034298013895750046 0.024075444787740707 20.44513702392578
0.0349760465323925 0.02477211505174637 20.407861709594727
0.03485208377242088 0.024481983855366707 20.740198135375977
0.034979917109012604 0.024794455617666245 20.37091827392578
0.033939510583877563 0.023673467338085175 20.53208351135254
0.03591948747634888 0.02570454031229019 20.429893493652344
0.03417942672967911 0.023908047005534172 20.542762756347656
0.035092469304800034 0.02506204880774021 20.060842514038086
0.0340428464114666 0.023969974368810654 20.14574432373047
0.03391668200492859 0.023905854672193527 20.021657943725586
0.03285269811749458 0.02318115346133709 19.343090057373047
0.03482697531580925 0.02450784668326378 20.638256072998047
0.035078056156635284 0.02487099915742874 20.41411018371582
0.03391911834478378 0.024028439074754715 19.781356811523438
0.03234642744064331 0.022389352321624756 19.914148330688477
0.03436001390218735 0.0241658054292202 20.38842010498047
0.03556346148252487 0.025430403649806976 20.2661190032959
0.03662894293665886 0.02636515349149704 20.527576446533203
0.03651928901672363 0.026051132008433342 20.93631362915039
0.03593897074460983 0.025334440171718597 21.209056854248047
0.03268866240978241 0.022360485047101974 20.656356811523438
0.034421104937791824 0.023870116099715233 21.101978302001953
0.03373216092586517 0.022987663745880127 21.488994598388672
0.03503725305199623 0.024331437423825264 21.41162872314453
0.035197462886571884 0.024808097630739212 20.778728485107422
0.03451613336801529 0.02396409399807453 21.10407829284668
0.03381102532148361 0.023359697312116623 20.902658462524414
0.03297167271375656 0.022667068988084793 20.609207153320312
0.03454786166548729 0.023991858586668968 21.11200523376465
0.033685293048620224 0.023122789338231087 21.12500762939453
0.036353401839733124 0.02562304586172104 21.460708618164062
0.032184697687625885 0.021919116377830505 20.53116226196289
0.03471460938453674 0.024303365498781204 20.822486877441406
0.034226998686790466 0.02364392764866352 21.1661376953125
0.033932238817214966 0.02366841584444046 20.52764320373535
0.03457000106573105 0.02428619936108589 20.567602157592773
0.03336162120103836 0.023275598883628845 20.17204475402832
0.034093353897333145 0.024022914469242096 20.140880584716797
0.032251060009002686 0.022233638912439346 20.034841537475586
0.03657326102256775 0.0261131152510643 20.920286178588867
0.03249265253543854 0.022168170660734177 20.648962020874023
0.03357156366109848 0.02319241687655449 20.758289337158203
0.03445048630237579 0.023913230746984482 21.074512481689453
0.03256942331790924 0.022431153804063797 20.276538848876953
0.03367054462432861 0.023626333102583885 20.088420867919922
0.03509530425071716 0.02516469731926918 19.861209869384766
0.03545846417546272 0.02533232606947422 20.252273559570312
0.0343456044793129 0.023992124944925308 20.706954956054688
0.033610858023166656 0.02330707386136055 20.60757064819336
0.03211970254778862 0.02184416726231575 20.551071166992188
0.03375782072544098 0.02331925928592682 20.877120971679688
0.03580766171216965 0.024794165045022964 22.02699089050293
0.031717512756586075 0.021543346345424652 20.348331451416016
0.03497012332081795 0.024289514869451523 21.361217498779297
0.032898176461458206 0.02275948040187359 20.277393341064453
0.032153163105249405 0.02206849679350853 20.169330596923828
0.033832475543022156 0.023935994133353233 19.7929630279541
0.034461379051208496 0.024053694680333138 20.81536865234375
0.034713730216026306 0.024363551288843155 20.700355529785156
0.034997131675481796 0.024653632193803787 20.687000274658203
0.03450639173388481 0.023898234590888023 21.2163143157959
0.03314152732491493 0.022522874176502228 21.237302780151367
0.03280232101678848 0.022264603525400162 21.07543182373047
0.032820720225572586 0.022511310875415802 20.618816375732422
0.0336730033159256 0.02340209297835827 20.54181671142578
0.034326374530792236 0.02403096854686737 20.59081268310547
0.033346988260746 0.02306392416357994 20.566123962402344
0.03490982949733734 0.024357672780752182 21.104312896728516
0.03522537276148796 0.024902692064642906 20.64535903930664
0.032715484499931335 0.022484248504042625 20.46247100830078
0.03445747494697571 0.024111438542604446 20.692073822021484
0.03367175534367561 0.02324702776968479 20.84945297241211
0.03327973186969757 0.022883091121912003 20.793283462524414
0.03265593573451042 0.022394390776753426 20.523090362548828
0.034229930490255356 0.023774493485689163 20.910873413085938
0.03585726022720337 0.02519768849015236 21.31914520263672
0.03341609984636307 0.022858992218971252 21.114212036132812
0.03168637678027153 0.02140061929821968 20.571516036987305
0.03300852328538895 0.022574499249458313 20.868045806884766
0.03280479833483696 0.022602614015340805 20.404369354248047
0.03385704755783081 0.023652231320738792 20.40963363647461
0.034459177404642105 0.02453257516026497 19.85320472717285
0.03266550973057747 0.02239285409450531 20.545310974121094
0.03373061493039131 0.023676849901676178 20.107528686523438
0.03415302559733391 0.02385875955224037 20.588531494140625
0.03264914080500603 0.022368237376213074 20.56180763244629
0.03356587886810303 0.023416195064783096 20.29936981201172
0.03465558961033821 0.024421820417046547 20.46753692626953
0.03227830305695534 0.022063329815864563 20.42994499206543
0.03389628231525421 0.023581942543387413 20.628681182861328
0.031307466328144073 0.021236181259155273 20.14257049560547
0.034357719123363495 0.023882489651441574 20.95046043395996
0.03511687368154526 0.025090429931879044 20.05289077758789
0.03599458187818527 0.02530515380203724 21.37885093688965
0.033584047108888626 0.02323487401008606 20.698345184326172
0.03236452862620354 0.022179581224918365 20.369892120361328
0.033339567482471466 0.022860750555992126 20.95763397216797
0.033778563141822815 0.02310233935713768 21.352445602416992
0.03662276268005371 0.026003073900938034 21.23937225341797
0.0337798111140728 0.023586831986904144 20.385955810546875
0.0335557796061039 0.02292991429567337 21.251728057861328
0.03486078977584839 0.0242446456104517 21.232284545898438
0.033346399664878845 0.022639412432909012 21.41397476196289
0.032807230949401855 0.02251822128891945 20.578018188476562
0.033300817012786865 0.02262086421251297 21.359901428222656
0.03498957306146622 0.024031832814216614 21.91547966003418
0.0331401601433754 0.022635208442807198 21.009899139404297
0.03571683168411255 0.025056444108486176 21.320777893066406
0.032618410885334015 0.022554174065589905 20.12847328186035
0.032450467348098755 0.02220497839152813 20.490978240966797
0.03388742730021477 0.023490307852625847 20.79423713684082
0.030478857457637787 0.020246045663952827 20.465621948242188
0.03228733316063881 0.022240374237298965 20.093915939331055
0.03114653006196022 0.020895296707749367 20.502464294433594
0.031505949795246124 0.021230703219771385 20.550495147705078
0.03061787784099579 0.020726807415485382 19.78213882446289
0.03328429535031319 0.023124275729060173 20.320037841796875
0.03347243368625641 0.02332218550145626 20.300495147705078
0.032917141914367676 0.02272874116897583 20.37679672241211
0.03486492112278938 0.024445131421089172 20.83957862854004
0.033921632915735245 0.023592988029122353 20.65728759765625
0.03311894088983536 0.022647341713309288 20.943195343017578
0.03357863426208496 0.023114588111639023 20.928089141845703
0.0334605798125267 0.023309022188186646 20.303117752075195
0.03342378884553909 0.02291271463036537 21.022144317626953
0.03380873054265976 0.02348874881863594 20.63996696472168
0.033170849084854126 0.022704118862748146 20.933456420898438
0.03490325063467026 0.02430560812354088 21.195283889770508
0.034915558993816376 0.02418222650885582 21.466665267944336
0.03370054066181183 0.023116715252399445 21.167648315429688
0.03260275349020958 0.021673809736967087 21.857887268066406
0.033682480454444885 0.022821135818958282 21.722686767578125
0.03160090371966362 0.021001430228352547 21.198944091796875
0.033551059663295746 0.022604329511523247 21.893463134765625
0.03247520327568054 0.021982302889227867 20.985797882080078
0.031700048595666885 0.021267596632242203 20.864900588989258
0.03339562565088272 0.02320350706577301 20.384235382080078
0.03426263481378555 0.02371215634047985 21.100955963134766
0.033774420619010925 0.023242684081196785 21.0634708404541
0.0354841947555542 0.024552829563617706 21.86273193359375
0.03302723541855812 0.0225662961602211 20.921878814697266
0.033521510660648346 0.022904405370354652 21.234207153320312
0.0351322740316391 0.024610936641693115 21.042673110961914
0.03190988674759865 0.021765640005469322 20.288490295410156
0.03222806006669998 0.02215084806084633 20.1544246673584
0.03245110809803009 0.022627467289566994 19.64728355407715
0.03316061571240425 0.02312277816236019 20.075672149658203
0.03229493275284767 0.022005300968885422 20.579261779785156
0.03422169387340546 0.023880887776613235 20.68161392211914
0.03355938568711281 0.02355412021279335 20.010528564453125
0.03332610800862312 0.022814622148871422 21.022968292236328
0.032856833189725876 0.022557785734534264 20.598094940185547
0.03306161239743233 0.022372175008058548 21.378875732421875
0.033043526113033295 0.022539101541042328 21.008848190307617
0.031819574534893036 0.021687399595975876 20.264352798461914
0.03236548975110054 0.021892312914133072 20.946353912353516
0.032152701169252396 0.022084198892116547 20.13700294494629
0.032586026936769485 0.022272717207670212 20.62662124633789
0.03401286154985428 0.023733243346214294 20.55923843383789
0.03374214097857475 0.023251645267009735 20.98099136352539
0.031412359327077866 0.021169383078813553 20.485950469970703
0.03170078247785568 0.021308379247784615 20.784809112548828
0.0326957032084465 0.022252704948186874 20.88599967956543
0.0315508097410202 0.02104492112994194 21.011775970458984
0.03174258768558502 0.02127913571894169 20.926902770996094
0.03487025201320648 0.024670416489243507 20.399673461914062
0.033317890018224716 0.023110415786504745 20.414949417114258
0.03411160781979561 0.02371511235833168 20.792991638183594
0.03264849632978439 0.02249051257967949 20.315963745117188
0.03208082914352417 0.022203881293535233 19.753890991210938
0.03280985355377197 0.022464578971266747 20.6905517578125
0.034619010984897614 0.024139681831002235 20.958660125732422
0.03153550252318382 0.021520324051380157 20.030353546142578
0.03361538052558899 0.023067239671945572 21.096282958984375
0.03344719856977463 0.022869128733873367 21.156137466430664
0.03232232481241226 0.0219716839492321 20.701278686523438
0.031225817278027534 0.021011708304286003 20.4282169342041
0.03294236585497856 0.0224562156945467 20.972301483154297
0.033458162099123 0.022956304252147675 21.003713607788086
0.03274267539381981 0.02228880673646927 20.907737731933594
0.031136825680732727 0.021157337352633476 19.958972930908203
0.033431410789489746 0.02276446670293808 21.333885192871094
0.03228887543082237 0.02170107141137123 21.17560577392578
0.03228584676980972 0.021795302629470825 20.9810848236084
0.03410927206277847 0.0234173946082592 21.383752822875977
0.032329339534044266 0.02205042913556099 20.557819366455078
0.03295470029115677 0.02284933626651764 20.210723876953125
0.033049941062927246 0.022927984595298767 20.243915557861328
0.03305240347981453 0.022764161229133606 20.57648277282715
0.032584309577941895 0.022299833595752716 20.56894874572754
0.033176958560943604 0.022688191384077072 20.977535247802734
0.03129212558269501 0.021230202168226242 20.123844146728516
0.03215300291776657 0.022374063730239868 19.557878494262695
0.031678035855293274 0.021761544048786163 19.832983016967773
0.03214390575885773 0.021796664223074913 20.69448471069336
0.03004203364253044 0.020149830728769302 19.784406661987305
0.03188791871070862 0.02191910892724991 19.9376220703125
0.031090179458260536 0.021117787808179855 19.944782257080078
0.03315885365009308 0.023000577464699745 20.316547393798828
0.032150059938430786 0.02199692279100418 20.306276321411133
0.032299697399139404 0.021802634000778198 20.994121551513672
0.032531533390283585 0.022110844030976295 20.841379165649414
0.03357480466365814 0.023149583488702774 20.85043716430664
0.03367289900779724 0.023322809487581253 20.70017433166504
0.03183148056268692 0.021271128207445145 21.12070655822754
