0.18831321597099304 0.15159060060977936 3.672262191772461
0.17041760683059692 0.1457207202911377 2.4696884155273438
0.1632671058177948 0.1433534026145935 1.9913709163665771
0.15786360204219818 0.1380537450313568 1.9809858798980713
0.15071438252925873 0.13116000592708588 1.9554377794265747
0.15501223504543304 0.13574130833148956 1.9270920753479004
0.14582103490829468 0.12728208303451538 1.8538951873779297
0.14282646775245667 0.12588350474834442 1.69429612159729
0.13914528489112854 0.12219701707363129 1.6948268413543701
0.1345057338476181 0.11906182020902634 1.5443910360336304
0.1354951709508896 0.12201619893312454 1.3478978872299194
0.13263605535030365 0.1178642064332962 1.4771854877471924
0.1308252364397049 0.11764771491289139 1.3177517652511597
0.1320754736661911 0.11828553676605225 1.3789937496185303
0.12980197370052338 0.11712845414876938 1.2673518657684326
0.12474001199007034 0.11262904852628708 1.2110960483551025
0.12338794767856598 0.11205612868070602 1.1331820487976074
0.1282903105020523 0.11616966128349304 1.2120652198791504
0.1185133308172226 0.10714713484048843 1.1366195678710938
0.11704394221305847 0.10625068843364716 1.0793256759643555
0.11648904532194138 0.10530520975589752 1.1183836460113525
0.11535925418138504 0.10484986007213593 1.0509394407272339
0.11068635433912277 0.10069429129362106 0.9992061853408813
0.11333293467760086 0.10374134033918381 0.9591591358184814
0.10442657023668289 0.094988614320755 0.9437953233718872
0.10935337841510773 0.1006288006901741 0.87245774269104
0.10529588907957077 0.09623417258262634 0.9061717987060547
0.10519362986087799 0.09632275253534317 0.8870877623558044
0.10256966948509216 0.09389173984527588 0.8677927851676941
0.09978052228689194 0.09186211973428726 0.7918403148651123
0.09935052692890167 0.09117355942726135 0.8176965713500977
0.1028480976819992 0.09476318955421448 0.8084904551506042
0.0970076248049736 0.0893835574388504 0.7624070644378662
0.09949484467506409 0.09172127395868301 0.7773570418357849
0.09762385487556458 0.09024529904127121 0.7378557920455933
0.09674347192049026 0.08965395390987396 0.7089517116546631
0.09217233955860138 0.0849648118019104 0.7207527160644531
0.09907216578722 0.0920809730887413 0.699118971824646
0.0926639586687088 0.08574990928173065 0.691405177116394
0.09201174974441528 0.08513788878917694 0.6873857975006104
0.09331206232309341 0.08665505051612854 0.665701150894165
0.0920104905962944 0.08554922044277191 0.6461267471313477
0.09042319655418396 0.08397817611694336 0.6445023417472839
0.09202571958303452 0.08566790819168091 0.6357812285423279
0.08852523565292358 0.08262673765420914 0.5898498296737671
0.08560649305582047 0.0795941948890686 0.6012300848960876
0.09050771594047546 0.08452652394771576 0.5981191396713257
0.0873618945479393 0.08146293461322784 0.5898963212966919
0.0865950807929039 0.08082708716392517 0.5767993927001953
0.08712036162614822 0.08141224086284637 0.5708118677139282
0.08608974516391754 0.08047235012054443 0.5617395043373108
0.08760892599821091 0.08188405632972717 0.572486937046051
0.08543594926595688 0.0796995609998703 0.5736390352249146
0.08118942379951477 0.07559454441070557 0.5594878196716309
0.08003606647253036 0.0749066025018692 0.5129461288452148
0.08752495795488358 0.08210117369890213 0.5423781275749207
0.08088195323944092 0.07587072253227234 0.5011228919029236
0.08367161452770233 0.07856360822916031 0.510800838470459
0.08146076649427414 0.07645644247531891 0.5004323720932007
0.07734449952840805 0.07281506806612015 0.4529433846473694
0.07756618410348892 0.07254011183977127 0.5026075839996338
0.08021901547908783 0.07562211900949478 0.45968949794769287
0.08012066036462784 0.07536105066537857 0.47596102952957153
0.07337644696235657 0.06847219169139862 0.4904256761074066
0.0763251781463623 0.07139399647712708 0.4931182563304901
0.07545892149209976 0.07085053622722626 0.4608386754989624
0.0743892565369606 0.06957673281431198 0.4812520742416382
0.07539555430412292 0.07105667144060135 0.4338879883289337
0.07237745076417923 0.06798358261585236 0.4393864870071411
0.07931163161993027 0.07496913522481918 0.43424952030181885
0.07419296354055405 0.06994426250457764 0.4248703122138977
0.07600874453783035 0.0714656338095665 0.4543113112449646
0.07708185166120529 0.072852224111557 0.4229627251625061
0.06901382654905319 0.06441233307123184 0.46014922857284546
0.07284744828939438 0.0685596764087677 0.42877691984176636
0.07203876972198486 0.06811462342739105 0.39241456985473633
0.07018830627202988 0.06610625237226486 0.40820565819740295
0.0714598149061203 0.0672358050942421 0.4224013686180115
0.07076562196016312 0.06728829443454742 0.34773245453834534
0.06395567953586578 0.060148537158966064 0.3807145357131958
0.06884898245334625 0.06498473137617111 0.3864249587059021
0.07685119658708572 0.07306797057390213 0.37832242250442505
0.06831330060958862 0.06437399238348007 0.39393121004104614
0.07482001185417175 0.07090461254119873 0.3915397822856903
0.06666707992553711 0.06279192119836807 0.3875156044960022
0.07217101752758026 0.06829442083835602 0.38766002655029297
0.06727822124958038 0.06356562674045563 0.3712596595287323
0.07057981193065643 0.06689803302288055 0.36817777156829834
0.06718850135803223 0.06389248371124268 0.3296020030975342
0.0669354647397995 0.06334535032510757 0.3590116798877716
0.0724322572350502 0.06901301443576813 0.3419242799282074
0.06861977279186249 0.06509406864643097 0.3525703549385071
0.07222780585289001 0.06839525699615479 0.3832550048828125
0.06754491478204727 0.0640217736363411 0.3523138761520386
0.06810830533504486 0.06437686085700989 0.373144268989563
0.06857658177614212 0.0651189386844635 0.3457639813423157
0.066289521753788 0.06300751864910126 0.32820022106170654
0.06455467641353607 0.06124453246593475 0.33101409673690796
0.07010985165834427 0.0668334811925888 0.3276371359825134
0.06596256047487259 0.06273429095745087 0.32282695174217224
0.0651385486125946 0.06208542361855507 0.30531227588653564
0.06448908150196075 0.0612485334277153 0.3240545690059662
0.07279588282108307 0.06951740384101868 0.3278478980064392
0.07244967669248581 0.06891365349292755 0.3536025881767273
0.06586707383394241 0.06255345791578293 0.33136191964149475
0.06742338836193085 0.06417478621006012 0.32486027479171753
0.06560700386762619 0.062350377440452576 0.3256628215312958
0.06587380170822144 0.06268055737018585 0.3193241357803345
0.06334535032510757 0.06027674674987793 0.3068600296974182
0.06271949410438538 0.05955014005303383 0.31693515181541443
0.06270383298397064 0.05983125418424606 0.287257581949234
0.0654744952917099 0.0625910758972168 0.288341760635376
0.06430001556873322 0.06136487051844597 0.29351484775543213
0.061187710613012314 0.05830422043800354 0.28834909200668335
0.06162592023611069 0.0586463063955307 0.2979614734649658
0.0652744248509407 0.062449805438518524 0.2824617624282837
0.06524241715669632 0.06225934252142906 0.29830771684646606
0.062294378876686096 0.05957428738474846 0.2720092535018921
0.06563670188188553 0.06255718320608139 0.3079516291618347
0.062313903123140335 0.05922999605536461 0.3083907961845398
0.06598911434412003 0.06315109133720398 0.2838022708892822
0.0614435113966465 0.05878249555826187 0.26610174775123596
0.060101449489593506 0.05756516009569168 0.2536289691925049
0.060023874044418335 0.05762474238872528 0.2399132251739502
0.06225502863526344 0.059676043689250946 0.25789862871170044
0.0630478784441948 0.060495976358652115 0.2551901340484619
0.0685768723487854 0.06594213098287582 0.2634742259979248
0.06299279630184174 0.06047438830137253 0.25184106826782227
0.0637727826833725 0.061113886535167694 0.26588934659957886
0.062466688454151154 0.05990203469991684 0.25646552443504333
0.061318397521972656 0.05879712849855423 0.2521270215511322
0.063883937895298 0.061503924429416656 0.23800134658813477
0.06431994587182999 0.06174761801958084 0.25723251700401306
0.06337019056081772 0.06078719347715378 0.25829988718032837
0.06333621591329575 0.060817159712314606 0.2519054412841797
0.05951708182692528 0.05712456256151199 0.2392520308494568
0.06317044049501419 0.060787081718444824 0.238335981965065
0.0636969655752182 0.06118055433034897 0.25164109468460083
0.05997272580862045 0.05791204795241356 0.20606768131256104
0.0634092465043068 0.06100060045719147 0.24086445569992065
0.061647024005651474 0.05931350588798523 0.2333516776561737
0.05774543806910515 0.055304624140262604 0.2440814971923828
0.059556037187576294 0.05719801038503647 0.23580285906791687
0.06523097306489944 0.06294560432434082 0.22853660583496094
0.06263113021850586 0.06045490503311157 0.21762272715568542
0.056745272129774094 0.0545564740896225 0.21887989342212677
0.05958206206560135 0.057342398911714554 0.22396650910377502
0.05755260959267616 0.05533338338136673 0.22192247211933136
0.05835273116827011 0.056286901235580444 0.20658305287361145
0.06392758339643478 0.06159549951553345 0.23320868611335754
0.05999882146716118 0.05785859003663063 0.21402332186698914
0.05903089791536331 0.056987326592206955 0.2043573260307312
0.05870375782251358 0.056492168456315994 0.22115881741046906
0.061032235622406006 0.05880122631788254 0.22310110926628113
0.05964643135666847 0.05747328698635101 0.21731430292129517
0.0583110935986042 0.05612889677286148 0.21821972727775574
0.06258837878704071 0.060527414083480835 0.2060968279838562
0.060289621353149414 0.05824048072099686 0.20491397380828857
0.05661025270819664 0.05471412464976311 0.18961286544799805
0.06119749695062637 0.05922041833400726 0.19770801067352295
0.060102079063653946 0.05804821848869324 0.20538616180419922
0.06180272996425629 0.05958949774503708 0.22132328152656555
0.06024666130542755 0.05817878991365433 0.20678701996803284
0.06138233467936516 0.05932585150003433 0.20564842224121094
0.057193540036678314 0.055072396993637085 0.21211424469947815
0.0582226887345314 0.05613073334097862 0.20919542014598846
0.05656631663441658 0.05463828891515732 0.19280265271663666
0.05513950437307358 0.05311090871691704 0.20285972952842712
0.05974454805254936 0.057832904160022736 0.19116447865962982
0.05803144723176956 0.05609939619898796 0.19320513308048248
0.061879128217697144 0.05991477519273758 0.1964353322982788
0.06319518387317657 0.061233412474393845 0.19617711007595062
0.05686170607805252 0.05494217574596405 0.1919528841972351
0.05929355323314667 0.05742806941270828 0.18654853105545044
0.0579170323908329 0.05611444264650345 0.18025904893875122
0.05710214003920555 0.05532848834991455 0.1773652285337448
0.06212776526808739 0.060180556029081345 0.1947210133075714
0.062040507793426514 0.060218445956707 0.18220628798007965
0.05649171397089958 0.05458471551537514 0.1906999796628952
0.058804888278245926 0.056978724896907806 0.1826164424419403
0.05665448680520058 0.05489227548241615 0.17622096836566925
0.05802728608250618 0.05627693235874176 0.17503543198108673
0.05525568500161171 0.053561240434646606 0.16944432258605957
0.05847013369202614 0.05682581290602684 0.16443204879760742
0.0594029575586319 0.05760226398706436 0.18006941676139832
0.05999971926212311 0.05830938369035721 0.16903361678123474
0.06029200553894043 0.058466993272304535 0.18250104784965515
0.05700972303748131 0.05522565543651581 0.17840690910816193
0.055514439940452576 0.05387653782963753 0.16379038989543915
0.05655920132994652 0.05491679906845093 0.1642400622367859
0.05712529271841049 0.05544518679380417 0.16801056265830994
0.05785173177719116 0.05624200031161308 0.16097316145896912
0.05686083436012268 0.055179767310619354 0.1681068241596222
0.06097337231040001 0.059416722506284714 0.15566487610340118
0.05362718179821968 0.052054520696401596 0.1572662889957428
0.05337393283843994 0.051853395998477936 0.1520538032054901
0.05773555859923363 0.056125201284885406 0.16103583574295044
0.05705491825938225 0.055413469672203064 0.16414491832256317
0.05752072110772133 0.05590449273586273 0.16162270307540894
0.05575162172317505 0.05417053773999214 0.15810829401016235
0.057704344391822815 0.05616181716322899 0.15425273776054382
0.059727102518081665 0.05812710523605347 0.1599995642900467
0.05834874138236046 0.056838713586330414 0.15100276470184326
0.0585317462682724 0.056968726217746735 0.1563020944595337
0.055365853011608124 0.0538177415728569 0.15481126308441162
0.058766670525074005 0.05728111043572426 0.14855597913265228
0.05725701525807381 0.05577118322253227 0.1485832929611206
0.05609160289168358 0.05449535697698593 0.15962447226047516
0.05580802634358406 0.054382722824811935 0.14253035187721252
0.05705675855278969 0.05547749996185303 0.15792587399482727
0.05973257124423981 0.05823572725057602 0.1496845781803131
0.06002894416451454 0.05868816375732422 0.13407813012599945
0.05636300891637802 0.05496538430452347 0.13976234197616577
0.056297942996025085 0.05473695695400238 0.15609848499298096
0.05603127181529999 0.05462126433849335 0.14100077748298645
0.05769800394773483 0.05621826648712158 0.14797377586364746
0.058096785098314285 0.056611157953739166 0.1485626995563507
0.055102720856666565 0.05364520847797394 0.14575110375881195
0.06010986864566803 0.05863580107688904 0.1474066972732544
0.05541786178946495 0.05391913652420044 0.1498725414276123
0.05794137343764305 0.05643995851278305 0.15014147758483887
0.055600039660930634 0.05418100208044052 0.1419036090373993
0.055196523666381836 0.05384768545627594 0.13488399982452393
0.05728912726044655 0.055910177528858185 0.13789500296115875
0.053814616054296494 0.05234992131590843 0.14646953344345093
0.05678800120949745 0.05540022626519203 0.13877758383750916
0.05587298050522804 0.05438750609755516 0.14854738116264343
0.0604453906416893 0.05900011211633682 0.14452798664569855
0.057325415313243866 0.05577568709850311 0.15497300028800964
0.05601028725504875 0.05469939857721329 0.13108870387077332
0.05711827799677849 0.055672723799943924 0.14455553889274597
0.054640740156173706 0.053217627108097076 0.1423111855983734
0.056614212691783905 0.0552704781293869 0.13437339663505554
0.05447782203555107 0.053040169179439545 0.1437651515007019
0.05736583098769188 0.05599818006157875 0.13676518201828003
0.05723506212234497 0.05583197996020317 0.14030811190605164
0.055508993566036224 0.05419702082872391 0.13119731843471527
0.05516119673848152 0.05374722182750702 0.14139749109745026
0.054318904876708984 0.052966125309467316 0.1352779120206833
0.05396611616015434 0.05257207527756691 0.13940399885177612
0.05863439291715622 0.05733642354607582 0.12979713082313538
0.05670991167426109 0.05555747076869011 0.1152440756559372
0.05556835979223251 0.054330043494701385 0.12383167445659637
0.054418351501226425 0.05304093286395073 0.1377417892217636
0.05260593816637993 0.05143441632390022 0.11715206503868103
0.05401047691702843 0.05285239592194557 0.11580809950828552
0.057502273470163345 0.05616062134504318 0.13416531682014465
0.05650566518306732 0.05524640530347824 0.1259259134531021
0.05875806510448456 0.057457298040390015 0.13007661700248718
0.05174630507826805 0.050580672919750214 0.11656312644481659
0.05796485394239426 0.05665834993124008 0.13065046072006226
0.057852160185575485 0.056608159095048904 0.12439993768930435
0.05769980698823929 0.056437332183122635 0.12624740600585938
0.059117354452610016 0.057827822864055634 0.12895309925079346
0.05640486255288124 0.0551387220621109 0.126614049077034
0.05886732041835785 0.05761455371975899 0.1252768337726593
0.05414382740855217 0.05293937027454376 0.12044579535722733
0.055977076292037964 0.054736342281103134 0.12407359480857849
0.05620312690734863 0.05504050478339195 0.11626218259334564
0.05581115931272507 0.054576560854911804 0.12345990538597107
0.057216208428144455 0.0559096559882164 0.13065537810325623
0.056617334485054016 0.055388517677783966 0.12288185954093933
0.05716707184910774 0.05596849322319031 0.11985785514116287
0.05620257183909416 0.05488840490579605 0.13141672313213348
0.055538471788167953 0.05435963720083237 0.1178835779428482
0.055148813873529434 0.05399716645479202 0.11516466736793518
0.057917386293411255 0.05673160403966904 0.11857828497886658
0.055193305015563965 0.053897567093372345 0.12957367300987244
0.053456131368875504 0.0522792786359787 0.11768532544374466
0.05846039578318596 0.05720306187868118 0.12573334574699402
0.057848017662763596 0.056596994400024414 0.1251024305820465
0.05342080071568489 0.052204299718141556 0.12165017426013947
0.05582381784915924 0.0546429343521595 0.11808820068836212
0.05689356476068497 0.0556405633687973 0.12529996037483215
0.055134549736976624 0.053910307586193085 0.12242434918880463
0.05683284252882004 0.055742502212524414 0.10903412103652954
0.055410295724868774 0.054232582449913025 0.1177712231874466
0.05606996640563011 0.054940249770879745 0.1129717230796814
0.05877197906374931 0.05760447680950165 0.1167503371834755
0.055555976927280426 0.05433645099401474 0.12195248901844025
0.05561379715800285 0.05448464676737785 0.11291521787643433
0.054569344967603683 0.053450554609298706 0.1118791252374649
0.057544559240341187 0.056515827775001526 0.10287326574325562
0.05564736947417259 0.054522424936294556 0.1124945878982544
0.05486658960580826 0.053748153150081635 0.11184345930814743
0.05185125023126602 0.05069702863693237 0.1154220849275589
0.05649610236287117 0.0553799644112587 0.11161376535892487
0.053634095937013626 0.05252455174922943 0.11095454543828964
0.05329447612166405 0.05220670998096466 0.1087765097618103
0.05456959456205368 0.05348797142505646 0.10816246271133423
0.0574423186480999 0.05625937879085541 0.11829416453838348
0.05703446641564369 0.056028980761766434 0.1005484089255333
0.05272670462727547 0.05158204585313797 0.11446597427129745
0.05522560700774193 0.05414574220776558 0.10798655450344086
0.05736171454191208 0.05622188001871109 0.11398346722126007
0.05615335330367088 0.055077530443668365 0.10758240520954132
0.056175924837589264 0.055053457617759705 0.11224664002656937
0.0541938953101635 0.05309811234474182 0.10957839339971542
0.05476292967796326 0.053760699927806854 0.10022284090518951
0.05554209277033806 0.054474376142024994 0.1067715510725975
0.05538269877433777 0.054328083992004395 0.10546153038740158
0.05259142443537712 0.05153524503111839 0.10561789572238922
0.053556177765131 0.05242841690778732 0.1127760112285614
0.0534125491976738 0.05237632244825363 0.10362258553504944
0.05495443567633629 0.053892832249403 0.10616031289100647
0.05617367848753929 0.055093780159950256 0.1079898551106453
0.05326645448803902 0.05228462815284729 0.09818270057439804
0.05546259880065918 0.054410792887210846 0.10518050938844681
0.05680527538061142 0.05569038540124893 0.111488938331604
0.052199866622686386 0.051230285316705704 0.0969579815864563
0.05397249385714531 0.05309367552399635 0.08788178861141205
0.05134649947285652 0.050316452980041504 0.10300476104021072
0.05539906769990921 0.05446600541472435 0.09330616146326065
0.05665106698870659 0.05563723295927048 0.1013832837343216
0.05623498558998108 0.05524352937936783 0.09914544224739075
0.058653704822063446 0.05772145465016365 0.09322508424520493
0.054794978350400925 0.053852617740631104 0.09423612803220749
0.055818069726228714 0.05485587194561958 0.09621964395046234
0.054497744888067245 0.05352635681629181 0.09713882952928543
0.05275895074009895 0.051774173974990845 0.09847758710384369
0.053427547216415405 0.05253102630376816 0.08965202420949936
0.053963273763656616 0.05301213264465332 0.09511392563581467
0.05532907322049141 0.054333265870809555 0.09958076477050781
0.05121153965592384 0.05026261508464813 0.09489262104034424
0.05205386132001877 0.05112098529934883 0.09328760951757431
0.05766524001955986 0.05659296736121178 0.10722720623016357
0.0526890866458416 0.05181741714477539 0.08716684579849243
0.05671544000506401 0.05562838912010193 0.10870504379272461
0.053254760801792145 0.05230918526649475 0.09455771744251251
0.0539819672703743 0.053091805428266525 0.08901612460613251
0.053334228694438934 0.05235946550965309 0.09747631102800369
0.05111938714981079 0.05024591088294983 0.08734758198261261
0.051662884652614594 0.050674088299274445 0.09887957572937012
0.055783193558454514 0.054902851581573486 0.08803422749042511
0.053457215428352356 0.05253738909959793 0.09198272228240967
0.05641373619437218 0.05551236867904663 0.09013666957616806
0.05323294550180435 0.05232373625040054 0.0909208208322525
0.054899439215660095 0.05396479368209839 0.09346464276313782
0.05753651261329651 0.05667074769735336 0.08657646179199219
0.05838073417544365 0.057405367493629456 0.09753653407096863
0.05086318776011467 0.04996689409017563 0.0896294116973877
0.05418574810028076 0.05322190374135971 0.09638455510139465
0.05622784420847893 0.05537549406290054 0.08523506671190262
0.053269267082214355 0.05234042927622795 0.0928836464881897
0.054755911231040955 0.05382547900080681 0.093043252825737
0.052087631076574326 0.05120716989040375 0.08804614841938019
0.05817190557718277 0.05724527686834335 0.0926630049943924
0.05473876744508743 0.053816232830286026 0.09225339442491531
0.054694898426532745 0.0537150502204895 0.09798480570316315
0.05226476490497589 0.051370054483413696 0.08947093784809113
0.057128939777612686 0.05624161660671234 0.08873222768306732
0.05596190690994263 0.05508199706673622 0.08799101412296295
0.05302892252802849 0.052167341113090515 0.08615810424089432
0.054192326962947845 0.05336107313632965 0.08312536776065826
0.052985869348049164 0.05214555561542511 0.08403127640485764
0.053388506174087524 0.052536144852638245 0.08523623645305634
0.05275571718811989 0.0518847331404686 0.08709822595119476
0.056124258786439896 0.05525559186935425 0.0868668481707573
0.05425146967172623 0.053415097296237946 0.08363710343837738
0.052451781928539276 0.05157367140054703 0.08781109750270844
0.05267362296581268 0.051778823137283325 0.08947990834712982
0.05326111614704132 0.0523080974817276 0.09530174732208252
0.0528850257396698 0.052013833075761795 0.08711926639080048
0.055614057928323746 0.05473039299249649 0.08836637437343597
0.05306794121861458 0.0521516352891922 0.09163050353527069
0.053188491612672806 0.052383989095687866 0.08045027405023575
0.055737849324941635 0.05492556095123291 0.08122894912958145
0.05280406400561333 0.05198436975479126 0.08196954429149628
0.056790754199028015 0.05596879869699478 0.0821954607963562
0.052598968148231506 0.05173860490322113 0.08603647351264954
0.054108042269945145 0.05322464555501938 0.08833985030651093
0.05278697609901428 0.05204332247376442 0.07436539977788925
0.0538288839161396 0.05302117019891739 0.08077138662338257
0.054064664989709854 0.05323668196797371 0.08279824256896973
0.05196710675954819 0.05112336575984955 0.08437416702508926
0.050436437129974365 0.049695681780576706 0.07407567650079727
0.05478093773126602 0.053970977663993835 0.08099586516618729
0.05447065457701683 0.05367777496576309 0.07928779721260071
0.050222523510456085 0.049449458718299866 0.07730646431446075
0.055225782096385956 0.054397109895944595 0.08286736905574799
0.05219640955328941 0.05142085254192352 0.0775555744767189
0.050071801990270615 0.04934243857860565 0.07293622195720673
0.0544360987842083 0.05363498628139496 0.08011119812726974
0.053865306079387665 0.05311000347137451 0.07553038001060486
0.0520976185798645 0.051286838948726654 0.0810779482126236
0.0568169541656971 0.05605706572532654 0.07598883658647537
0.05213417112827301 0.05134819820523262 0.07859712839126587
0.05156588554382324 0.05076387897133827 0.08020070195198059
0.055475957691669464 0.054698601365089417 0.07773574441671371
0.0557217076420784 0.05495745316147804 0.07642557471990585
0.052213944494724274 0.05138757824897766 0.08263644576072693
0.05384444817900658 0.053002677857875824 0.08417695015668869
0.054924286901950836 0.05413282290101051 0.07914648950099945
0.05345416069030762 0.052664630115032196 0.07895300537347794
0.055345747619867325 0.0545712448656559 0.07745033502578735
0.05584919825196266 0.05503406003117561 0.08151376247406006
0.05582025647163391 0.05498622730374336 0.08340303599834442
0.0538613423705101 0.053088389337062836 0.07729548215866089
0.05191287770867348 0.05117099732160568 0.07418809831142426
0.05246244743466377 0.05166316032409668 0.07992860674858093
0.05492554232478142 0.054140735417604446 0.07848060131072998
0.05079948157072067 0.0500505268573761 0.07489562034606934
0.05473312735557556 0.05399315804243088 0.073996901512146
0.051588986068964005 0.05081584304571152 0.07731415331363678
0.05458666384220123 0.05379626527428627 0.07903970777988434
0.054046399891376495 0.05329522117972374 0.07511774450540543
0.054623838514089584 0.05384659022092819 0.07772485166788101
0.05358899012207985 0.052880555391311646 0.07084336876869202
0.05335191637277603 0.052553560584783554 0.07983575761318207
0.05269460752606392 0.051956962794065475 0.07376430928707123
0.052904970943927765 0.0521322637796402 0.0772707611322403
0.054069679230451584 0.05332597345113754 0.07437059283256531
0.05543985962867737 0.054693542420864105 0.07463187724351883
0.05405999347567558 0.0532926544547081 0.07673384994268417
0.05428718030452728 0.05347500741481781 0.08121711015701294
0.05552428215742111 0.05479827895760536 0.07260017096996307
0.05439723655581474 0.05367201566696167 0.07252200692892075
0.05496353656053543 0.05418054014444351 0.07829967141151428
0.05453772097826004 0.053805720061063766 0.07320022583007812
0.053863052278757095 0.05315690115094185 0.07061509788036346
0.054589856415987015 0.053831808269023895 0.07580499351024628
0.05550651252269745 0.054728709161281586 0.07778042554855347
0.05115167424082756 0.05038488283753395 0.07667919993400574
0.053592633455991745 0.05290139466524124 0.06912370026111603
0.053745802491903305 0.0530078262090683 0.07379744946956635
0.055061280727386475 0.05427480861544609 0.07864727079868317
0.05571237578988075 0.05494636669754982 0.07660095393657684
0.053770750761032104 0.05307724326848984 0.06935083866119385
0.05369013175368309 0.05292387306690216 0.07662587612867355
0.057006485760211945 0.05618375912308693 0.08227257430553436
0.04969916120171547 0.04898713156580925 0.07120285928249359
0.052649255841970444 0.05187710374593735 0.07721509039402008
0.055341873317956924 0.05455441027879715 0.0787462368607521
0.05401292443275452 0.05326772481203079 0.07451982796192169
0.05286300182342529 0.05215942859649658 0.07035715878009796
0.05169159919023514 0.05102883279323578 0.06627656519412994
0.053403157740831375 0.05268228054046631 0.0720876157283783
0.05436227470636368 0.053687870502471924 0.06744028627872467
0.05308162048459053 0.052418503910303116 0.06631162017583847
0.05507686734199524 0.05436981841921806 0.07070492208003998
0.05261119455099106 0.051966916769742966 0.0644279271364212
0.053960468620061874 0.05328385531902313 0.06766143441200256
0.05206720530986786 0.051403775811195374 0.06634282320737839
0.05360863730311394 0.052919141948223114 0.06894946098327637
0.05642345920205116 0.05572725087404251 0.06962068378925323
0.052181426435709 0.051517460495233536 0.06639662384986877
0.05551927164196968 0.05477634072303772 0.07429317384958267
0.054077647626399994 0.05339837074279785 0.06792780756950378
0.053363051265478134 0.05262339115142822 0.07396604865789413
0.05524343624711037 0.0545128658413887 0.07305703312158585
0.0530334934592247 0.05230294167995453 0.07305531948804855
0.0558973029255867 0.05522177368402481 0.06755290925502777
0.051381129771471024 0.05070928856730461 0.06718409061431885
0.05654677376151085 0.05581400543451309 0.07327698916196823
0.05460085719823837 0.05387631058692932 0.07245457172393799
0.0524650402367115 0.051789648830890656 0.06753925234079361
0.054791077971458435 0.05406250059604645 0.0728578120470047
0.05197703465819359 0.05122341960668564 0.07536152005195618
0.05235430225729942 0.05168602615594864 0.0668276846408844
0.05416696146130562 0.053457170724868774 0.07097892463207245
0.05219952389597893 0.051512137055397034 0.06873881816864014
0.054194025695323944 0.053483154624700546 0.07108704745769501
0.05265425890684128 0.0519845187664032 0.06697392463684082
0.051011454313993454 0.05037272721529007 0.06387266516685486
0.055354226380586624 0.054643500596284866 0.07107274234294891
0.05501098558306694 0.054313793778419495 0.06971929967403412
0.052752964198589325 0.052115894854068756 0.06370709836483002
0.05629981681704521 0.05561210587620735 0.06877127289772034
0.05000730976462364 0.04930390045046806 0.07034079730510712
0.052468445152044296 0.05177924782037735 0.0689195841550827
0.054267462342977524 0.05358455702662468 0.06829066574573517
0.04565325006842613 0.04503554850816727 0.06177019327878952
0.05599307268857956 0.055293817073106766 0.06992573291063309
0.05400697514414787 0.053263142704963684 0.07438314706087112
0.0555168017745018 0.054864585399627686 0.06522174179553986
0.05804160609841347 0.0573153980076313 0.07262091338634491
0.053936004638671875 0.05321924388408661 0.07167598605155945
0.049496665596961975 0.04881589114665985 0.06807736307382584
0.05649225786328316 0.0557989776134491 0.0693281888961792
0.050601303577423096 0.04998277872800827 0.06185239553451538
0.05205700919032097 0.05137896537780762 0.06780430674552917
0.05281846970319748 0.05220075696706772 0.06177113205194473
0.05081621930003166 0.05022653192281723 0.05896858125925064
0.05246691778302193 0.0518212616443634 0.0645655021071434
0.0527835413813591 0.05218895152211189 0.0594591461122036
0.05347948893904686 0.05282608047127724 0.06534066796302795
0.04995128512382507 0.04935852438211441 0.059276096522808075
0.05396866053342819 0.053392961621284485 0.0575697235763073
0.052893057465553284 0.05228344723582268 0.06096089631319046
0.05442812293767929 0.053830962628126144 0.05971584469079971
0.05256962403655052 0.0518985316157341 0.06710921972990036
0.05286198481917381 0.052233174443244934 0.06288114935159683
0.0512663871049881 0.05059477686882019 0.06716115772724152
0.05467411130666733 0.05403631925582886 0.06377916038036346
0.053858984261751175 0.053267404437065125 0.059157803654670715
0.05220162123441696 0.05156491696834564 0.06367059051990509
0.05249412730336189 0.051863573491573334 0.06305535137653351
0.054285380989313126 0.05364781990647316 0.06375619024038315
0.05598760396242142 0.05531863495707512 0.06689699739217758
0.054277073591947556 0.053655654191970825 0.062142010778188705
0.050716981291770935 0.05005278438329697 0.06641963124275208
0.05307205393910408 0.052436165511608124 0.06358873099088669
0.05044860765337944 0.049880459904670715 0.05681478604674339
0.054598335176706314 0.05388664826750755 0.07116886973381042
0.05239340662956238 0.05173584073781967 0.06575649976730347
0.052705712616443634 0.05202486738562584 0.06808458268642426
0.053211212158203125 0.05256730318069458 0.06439093500375748
0.052347756922245026 0.051698893308639526 0.06488633155822754
0.05273871496319771 0.05208776891231537 0.06509452313184738
0.05044350400567055 0.04984591156244278 0.05975941941142082
0.055651210248470306 0.05504849925637245 0.060270972549915314
0.05094790831208229 0.05031345784664154 0.0634450614452362
0.057019252330064774 0.05640389025211334 0.06153623014688492
0.051450878381729126 0.05086828023195267 0.05825979635119438
0.05483483895659447 0.05419141799211502 0.06434203684329987
0.05360206589102745 0.05301734432578087 0.05847205966711044
0.052688173949718475 0.05210600793361664 0.05821652710437775
0.05367835983633995 0.0530715249478817 0.06068357080221176
0.05385174974799156 0.053247369825839996 0.06043817475438118
0.05631426349282265 0.05562334507703781 0.06909201294183731
0.055739760398864746 0.055151090025901794 0.05886705592274666
0.05201590061187744 0.05139334499835968 0.062255747616291046
0.05203968286514282 0.051478806883096695 0.056087445467710495
0.05152453854680061 0.05084452033042908 0.0680016502737999
0.0569196380674839 0.0562470480799675 0.06725887209177017
0.052651628851890564 0.05205728858709335 0.05943399667739868
0.05594462901353836 0.05533679947257042 0.06078295037150383
0.05213097482919693 0.05143462121486664 0.06963518261909485
0.05271507054567337 0.05201632156968117 0.06987473368644714
0.05132162570953369 0.050680775195360184 0.06408505886793137
0.04893292859196663 0.04831193760037422 0.06209892779588699
0.054963719099760056 0.05438346415758133 0.058025650680065155
0.05291800573468208 0.052290745079517365 0.0627262145280838
0.051383886486291885 0.05077533796429634 0.0608549565076828
0.05533602088689804 0.0547293983399868 0.06066223978996277
0.052972618490457535 0.05237988382577896 0.059273578226566315
0.052499786019325256 0.051897965371608734 0.060181960463523865
0.05369430407881737 0.053081780672073364 0.061252444982528687
0.049638595432043076 0.04907999932765961 0.055859584361314774
0.04902803897857666 0.04850395768880844 0.052408166229724884
0.0516117699444294 0.051023565232753754 0.058820389211177826
0.05595773458480835 0.05540004372596741 0.05576916038990021
0.05335986241698265 0.052763931453228 0.05959299951791763
0.05392031744122505 0.0533076636493206 0.0612654983997345
0.05321568623185158 0.052599772810935974 0.06159122288227081
0.05294091999530792 0.05238538235425949 0.055553924292325974
0.05539032444357872 0.05478191375732422 0.06084103882312775
0.05540148913860321 0.05482609197497368 0.05753956735134125
0.052082404494285583 0.05150117725133896 0.05812278017401695
0.05095040798187256 0.050371766090393066 0.05786408111453056
0.05525823310017586 0.05469074845314026 0.05674852430820465
0.05283540114760399 0.05227959528565407 0.05558057129383087
0.05525914579629898 0.054651424288749695 0.06077206879854202
0.052922606468200684 0.052352823317050934 0.05697820335626602
0.054094474762678146 0.05355332791805267 0.054114699363708496
0.052046891301870346 0.0515066497027874 0.05402398109436035
0.0529639795422554 0.0523696094751358 0.05943705886602402
0.05196899175643921 0.05142025649547577 0.0548735074698925
0.054357968270778656 0.05379889905452728 0.05590689927339554
0.05108533799648285 0.050494905561208725 0.05904311686754227
0.0538942813873291 0.05332670360803604 0.056757889688014984
0.055365189909935 0.054815128445625305 0.055006250739097595
0.054483041167259216 0.05392041802406311 0.056262414902448654
0.051839087158441544 0.051262017339468 0.0577070526778698
0.05528534576296806 0.05468263849616051 0.060270898044109344
0.05313826724886894 0.05262286961078644 0.05153984576463699
0.04943981394171715 0.04893375188112259 0.05060615390539169
0.04916543886065483 0.0486568957567215 0.05085435509681702
0.04996569827198982 0.04943618178367615 0.05295177176594734
0.05643537640571594 0.05588802695274353 0.05473499745130539
0.050569236278533936 0.050034619867801666 0.05346162989735603
0.05426628142595291 0.05374244600534439 0.052383583039045334
0.05339132249355316 0.0528804212808609 0.05109000205993652
0.05364573001861572 0.053080491721630096 0.05652385577559471
0.05208773538470268 0.05154554545879364 0.05421901494264603
0.05275426059961319 0.05218049883842468 0.05737614631652832
0.05449077859520912 0.053875621408224106 0.06151565909385681
0.052651382982730865 0.05212405323982239 0.05273296684026718
0.051867298781871796 0.051297806203365326 0.05694911628961563
0.05315154418349266 0.05258951708674431 0.056202661246061325
0.052226729691028595 0.05167248472571373 0.05542466789484024
0.05281314253807068 0.0522686243057251 0.05445163697004318
0.054561205208301544 0.0539940744638443 0.056713201105594635
0.05079329386353493 0.050321076065301895 0.04722193256020546
0.05201976001262665 0.0514790415763855 0.05407169461250305
0.05336809903383255 0.05286798253655434 0.0500117763876915
0.054310545325279236 0.05371443182229996 0.059611231088638306
0.05226447060704231 0.05173051357269287 0.053395871073007584
0.05408840253949165 0.053580962121486664 0.050743889063596725
0.054188575595617294 0.053602397441864014 0.05861779302358627
0.0516960583627224 0.05115000158548355 0.05460578203201294
0.05367167666554451 0.05313489958643913 0.053677693009376526
0.056406185030937195 0.05586540699005127 0.05407784506678581
0.053791552782058716 0.053237900137901306 0.05536521226167679
0.052566975355148315 0.05199310556054115 0.05738690495491028
0.05093558877706528 0.05035930126905441 0.05762890726327896
0.05161656439304352 0.051083773374557495 0.053278952836990356
0.05067169666290283 0.05017552897334099 0.04961679130792618
0.05111953988671303 0.050566449761390686 0.055309172719717026
0.051521580666303635 0.050990909337997437 0.053067274391651154
0.055952031165361404 0.05544012784957886 0.051190491765737534
0.0513899065554142 0.050857823342084885 0.05320829898118973
0.05524696782231331 0.05471007153391838 0.05368952453136444
0.05561763793230057 0.055097512900829315 0.052012525498867035
0.05218350142240524 0.05166260898113251 0.05208937078714371
0.053366828709840775 0.05281110107898712 0.055572740733623505
0.05202719569206238 0.05151539295911789 0.0511804074048996
0.05361557379364967 0.05313710868358612 0.04784635454416275
0.05402664095163345 0.053484268486499786 0.05423729121685028
0.05311094596982002 0.052638545632362366 0.04723995178937912
0.05021892860531807 0.04974475875496864 0.04741685837507248
0.05165615305304527 0.0511111319065094 0.05450219288468361
0.05255471169948578 0.052004653960466385 0.05500577390193939
0.05106540024280548 0.05055887997150421 0.050652146339416504
0.054072409868240356 0.053574007004499435 0.049840182065963745
0.05466143786907196 0.05416010320186615 0.05013328418135643
0.05149387568235397 0.051006242632865906 0.04876317083835602
0.0533769391477108 0.05284034460783005 0.0536593422293663
0.04950406774878502 0.04901091754436493 0.04931515082716942
0.05123946815729141 0.050713300704956055 0.05261670798063278
0.05470141023397446 0.05419944226741791 0.05019661784172058
0.05379555746912956 0.05332789570093155 0.0467662513256073
0.0545421727001667 0.05402028188109398 0.05218897759914398
0.05392710119485855 0.05340037867426872 0.052672162652015686
0.047791268676519394 0.04736299812793732 0.04282707720994949
0.0523466132581234 0.051821883767843246 0.05247287079691887
0.05236665904521942 0.05178917944431305 0.05774778500199318
0.052918512374162674 0.05240662395954132 0.05118902027606964
0.04849487170577049 0.04800345003604889 0.04914221540093422
0.05437113344669342 0.05384114384651184 0.05299902707338333
0.05182046443223953 0.05131465196609497 0.05058133229613304
0.052190184593200684 0.0516807846724987 0.050940096378326416
0.05255788192152977 0.05203968286514282 0.051820043474435806
0.049718134105205536 0.04918711632490158 0.05310189723968506
0.054049745202064514 0.05354984477162361 0.04998985677957535
0.05354529246687889 0.053065985441207886 0.047930650413036346
0.05342540144920349 0.05291270464658737 0.051269788295030594
0.05427964776754379 0.05373747646808624 0.05421719700098038
0.051979754120111465 0.05151859670877457 0.046115610748529434
0.051783617585897446 0.05128804221749306 0.049557700753211975
0.054808586835861206 0.054278261959552765 0.05303230136632919
0.05290747061371803 0.052383437752723694 0.05240338295698166
0.052776552736759186 0.05226844549179077 0.05081075802445412
0.05324871093034744 0.05273266136646271 0.051604852080345154
0.052410151809453964 0.051919836550951004 0.049031659960746765
0.049510642886161804 0.04903053492307663 0.04801079258322716
0.050194062292575836 0.04971342533826828 0.04806387051939964
0.05119781941175461 0.050651710480451584 0.05461094528436661
0.05344175174832344 0.05292972922325134 0.05120228976011276
0.05556515231728554 0.055001385509967804 0.05637668818235397
0.05289512872695923 0.05240988731384277 0.04852408915758133
0.0517846941947937 0.05126109719276428 0.052359580993652344
0.05036472529172897 0.049901772290468216 0.04629513621330261
0.05282997712492943 0.052389390766620636 0.044058658182621
0.05206064507365227 0.05159861966967583 0.046202413737773895
0.05019168555736542 0.049709439277648926 0.048224493861198425
0.049462709575891495 0.04902447760105133 0.043823182582855225
0.04951726272702217 0.0490378737449646 0.04793892800807953
0.05045441538095474 0.050038620829582214 0.041579607874155045
0.05199314281344414 0.051597654819488525 0.03954887017607689
0.05470546707510948 0.054218292236328125 0.048717331141233444
0.05320001021027565 0.05279507115483284 0.04049396514892578
0.05288800597190857 0.052449777722358704 0.043822869658470154
0.055374518036842346 0.054962944239377975 0.04115750640630722
0.05156446620821953 0.051130834966897964 0.04336315765976906
0.056958384811878204 0.05647137761116028 0.04870060086250305
0.05188324674963951 0.05145448073744774 0.0428767055273056
0.05279946327209473 0.05234813690185547 0.045132510364055634
0.05191420391201973 0.05149354785680771 0.04206571727991104
0.049974676221609116 0.049553994089365005 0.042068272829055786
0.05555108189582825 0.0550859160721302 0.046516627073287964
0.05452718958258629 0.05402291938662529 0.050427116453647614
0.05042717978358269 0.04999404400587082 0.04331361502408981
0.05404815822839737 0.05360160768032074 0.044655002653598785
0.04897386580705643 0.048591069877147675 0.038279518485069275
0.05514133721590042 0.054659970104694366 0.0481366291642189
0.05416075512766838 0.05371847748756409 0.04422779381275177
0.052519481629133224 0.05208849161863327 0.04309883341193199
0.05430906265974045 0.053871236741542816 0.04378277435898781
0.05095929279923439 0.05053546279668808 0.042383063584566116
0.05489988997578621 0.05441848188638687 0.048140667378902435
0.05467959865927696 0.05420643836259842 0.04731585085391998
0.056638166308403015 0.05616876855492592 0.04693995416164398
0.04982289299368858 0.049368008971214294 0.045488305389881134
0.05312521010637283 0.05264575779438019 0.04794521629810333
0.053923845291137695 0.053467050194740295 0.04567951336503029
0.05405228212475777 0.05358761548995972 0.046466484665870667
0.05560646578669548 0.055114977061748505 0.04914887249469757
0.05535927414894104 0.05484200268983841 0.05172711983323097
0.04937470704317093 0.04893796145915985 0.043674536049366
0.05184200406074524 0.051364436745643616 0.0477568581700325
0.051295023411512375 0.05085429921746254 0.044072240591049194
0.05171816796064377 0.05126798897981644 0.045017942786216736
0.056140828877687454 0.05562126636505127 0.051956113427877426
0.0522959940135479 0.05182691663503647 0.046907588839530945
0.053385186940431595 0.05290467292070389 0.048051539808511734
0.05392594635486603 0.05349554866552353 0.04303968697786331
0.05569092929363251 0.05518775060772896 0.050317686051130295
0.05286939814686775 0.052498482167720795 0.037091441452503204
0.05258302763104439 0.05218037962913513 0.04026496782898903
0.05295509845018387 0.05251199007034302 0.044310688972473145
0.050914015620946884 0.05046539753675461 0.04486190155148506
0.052492085844278336 0.05204642936587334 0.0445655956864357
0.05378583073616028 0.05338343232870102 0.040239885449409485
0.05247748643159866 0.05205388739705086 0.04235978424549103
0.052290987223386765 0.05185037478804588 0.044061079621315
0.05242163687944412 0.051978737115859985 0.04428981989622116
0.05750199407339096 0.05701615661382675 0.048583585768938065
0.05182473361492157 0.05137787014245987 0.0446862056851387
0.05157123878598213 0.0510873943567276 0.04838459938764572
0.05298939347267151 0.05251526087522507 0.04741321876645088
0.054489146918058395 0.05399800091981888 0.04911469668149948
0.051703620702028275 0.051247239112854004 0.0456380769610405
0.054610323160886765 0.0541500523686409 0.04602716863155365
0.051254019141197205 0.05077875033020973 0.04752699285745621
0.053252264857292175 0.05275684595108032 0.04954173415899277
0.05090124160051346 0.05046156793832779 0.04396749287843704
0.05386244133114815 0.053449906408786774 0.041253507137298584
0.05387873575091362 0.05340633541345596 0.047240160405635834
0.05433608591556549 0.05387324094772339 0.04628437012434006
0.05389479547739029 0.05348904803395271 0.04057460278272629
0.05367705971002579 0.05322811380028725 0.04489467665553093
0.052550990134477615 0.052126407623291016 0.042458221316337585
0.05141037702560425 0.05100685730576515 0.04035196825861931
0.05299577862024307 0.052542511373758316 0.04532673954963684
0.05387140065431595 0.053439341485500336 0.04320583865046501
0.051317792385816574 0.05088641867041588 0.043137483298778534
0.05166605859994888 0.05127593129873276 0.03901257365942001
0.05157824978232384 0.05114763602614403 0.04306136071681976
0.05481800436973572 0.0543939433991909 0.04240614175796509
0.05204157531261444 0.051645684987306595 0.039589181542396545
0.053288012742996216 0.052857592701911926 0.04304186999797821
0.05029352754354477 0.04987509176135063 0.04184364527463913
0.050614774227142334 0.050157397985458374 0.045737601816654205
0.05354940518736839 0.05308392643928528 0.04654800891876221
0.05371620133519173 0.053210433572530746 0.05057664215564728
0.04968884959816933 0.04921231418848038 0.04765370488166809
0.05354451388120651 0.05309409648180008 0.04504191130399704
0.053309664130210876 0.052883680909872055 0.04259850084781647
0.05130905658006668 0.050840117037296295 0.04689393937587738
0.05111704021692276 0.0506322979927063 0.048474088311195374
0.05182504653930664 0.05138956382870674 0.043548330664634705
0.05325877293944359 0.05283528193831444 0.04234905540943146
0.05066820979118347 0.050216980278491974 0.04512306675314903
0.052652835845947266 0.05223295837640762 0.04198779910802841
0.052854180335998535 0.052449002861976624 0.040517859160900116
0.053293026983737946 0.05284268781542778 0.04503393918275833
0.05540552735328674 0.05495324730873108 0.04522816464304924
0.05258728563785553 0.052130091935396194 0.04571925848722458
0.04991327226161957 0.04948661848902702 0.04266529530286789
0.05172005668282509 0.05123012512922287 0.048993244767189026
0.05073423311114311 0.050301067531108856 0.04331664368510246
0.052298013120889664 0.05187797173857689 0.04200403392314911
0.053738925606012344 0.05331254005432129 0.0426386259496212
0.054692722856998444 0.05419370159506798 0.049902014434337616
0.054258815944194794 0.05379296839237213 0.04658491164445877
0.052051711827516556 0.0516141802072525 0.04375321790575981
0.052488040179014206 0.0520651638507843 0.0422876812517643
0.05332556366920471 0.05288202315568924 0.044353924691677094
0.052241090685129166 0.051764752715826035 0.047633834183216095
0.05111389979720116 0.0506921112537384 0.0421789214015007
0.051841214299201965 0.05138818174600601 0.04530322551727295
0.05096178501844406 0.05056352913379669 0.039825744926929474
0.05244005098938942 0.052038174122571945 0.04018779098987579
0.05339928716421127 0.05297280102968216 0.04264859855175018
0.054204799234867096 0.053746387362480164 0.045841045677661896
0.054296161979436874 0.053911469876766205 0.03846917673945427
0.05287271738052368 0.052449993789196014 0.04227229207754135
0.05152061954140663 0.051018230617046356 0.05023890361189842
0.05217031016945839 0.05172763019800186 0.04426789656281471
0.05610211193561554 0.05564570426940918 0.045640625059604645
0.05348452553153038 0.053010180592536926 0.047434668987989426
0.04997430741786957 0.04948826879262924 0.04860392212867737
0.05252760648727417 0.052052102982997894 0.0475502647459507
0.052866943180561066 0.05241573974490166 0.04512029141187668
0.05154901370406151 0.05104678124189377 0.05022326111793518
0.05162595212459564 0.05116353929042816 0.04624136537313461
0.0524267815053463 0.052021123468875885 0.04056567698717117
0.0529019758105278 0.05247145891189575 0.043051689863204956
0.04925621673464775 0.04888063669204712 0.03755787014961243
0.052961211651563644 0.052586399018764496 0.03748133033514023
0.0522676482796669 0.051908962428569794 0.03586851805448532
0.052268318831920624 0.05187840759754181 0.03899110481142998
0.052305955439805984 0.051919978111982346 0.03859769552946091
0.049594417214393616 0.04914666339755058 0.044775381684303284
0.054990269243717194 0.054613471031188965 0.037679947912693024
0.05274071916937828 0.05233734846115112 0.04033710062503815
0.04989872872829437 0.04948750138282776 0.04112273082137108
0.050400376319885254 0.049995578825473785 0.040479876101017
0.05613340437412262 0.055706966668367386 0.042643770575523376
0.04990527406334877 0.049514301121234894 0.03909726440906525
0.05274121090769768 0.05232270061969757 0.041851066052913666
0.05141555145382881 0.05098893865942955 0.04266124218702316
0.05092421919107437 0.05055714398622513 0.03670748323202133
0.05122426524758339 0.0508231483399868 0.040111638605594635
0.05277233198285103 0.0523226261138916 0.04497040435671806
0.05172443389892578 0.05128262937068939 0.04418039321899414
0.05153024569153786 0.05113396421074867 0.03962818905711174
0.05331515148282051 0.05291260778903961 0.04025445878505707
0.0524403341114521 0.05202431231737137 0.0416022464632988
0.050876911729574203 0.05046410858631134 0.04128038510680199
0.05231300741434097 0.051925599575042725 0.03874078392982483
0.050565704703330994 0.050164707005023956 0.040099598467350006
0.05027581378817558 0.049826547503471375 0.0449267216026783
0.055427953600883484 0.05498747527599335 0.04404793679714203
0.050516482442617416 0.05011487007141113 0.04016129672527313
0.05554399639368057 0.055142540484666824 0.04014558345079422
0.0548303984105587 0.05434533208608627 0.04850645363330841
0.05157967656850815 0.051120396703481674 0.045927900820970535
0.05088331922888756 0.05049607902765274 0.03872416168451309
0.050703264772892 0.050289787352085114 0.04134785756468773
0.057780224829912186 0.057306528091430664 0.047369781881570816
0.05216488614678383 0.05178040266036987 0.038448430597782135
0.05422159284353256 0.05380912125110626 0.04124722629785538
0.05402490124106407 0.0535476952791214 0.04772059619426727
0.051208510994911194 0.05078241974115372 0.04260900616645813
0.05087951943278313 0.050512101501226425 0.03674180805683136
0.05267930030822754 0.05224782973527908 0.04314720630645752
0.054125797003507614 0.05369702726602554 0.04287705570459366
0.05291353166103363 0.05247977748513222 0.04337559640407562
0.05105741694569588 0.05064505338668823 0.041236504912376404
0.05276891216635704 0.05235401540994644 0.04148970544338226
0.05288952961564064 0.052532464265823364 0.035706426948308945
0.050660450011491776 0.050245024263858795 0.04154244065284729
0.054190970957279205 0.053798943758010864 0.03920260816812515
0.054360199719667435 0.053918883204460144 0.04413166642189026
0.048901140689849854 0.048519182950258255 0.0381956584751606
0.052901580929756165 0.05250156670808792 0.040001291781663895
0.052738554775714874 0.052304334938526154 0.04342212155461311
0.05563058331608772 0.05516187846660614 0.0468706376850605
0.05183740705251694 0.05145394802093506 0.03834598883986473
0.05085750296711922 0.05049153417348862 0.03659699857234955
0.0528060719370842 0.052457574754953384 0.03484959155321121
0.05342843756079674 0.05302068591117859 0.040775224566459656
0.053202033042907715 0.05278603732585907 0.041599586606025696
0.054635148495435715 0.05418632924556732 0.04488205909729004
0.050606053322553635 0.05019064620137215 0.04154079407453537
0.05596894025802612 0.055520206689834595 0.04487351328134537
0.0518789105117321 0.05143487825989723 0.0444030687212944
0.0502050518989563 0.04980066418647766 0.04043895751237869
0.055710989981889725 0.0552510991692543 0.045989058911800385
0.05243898555636406 0.0520164929330349 0.04224929213523865
0.051986176520586014 0.05155634135007858 0.042983680963516235
0.05304379761219025 0.052589334547519684 0.045446157455444336
0.05305076017975807 0.05262409895658493 0.04266625642776489
0.056283529847860336 0.05586255341768265 0.042097754776477814
0.050189707428216934 0.049744054675102234 0.044565387070178986
0.05313283950090408 0.052672773599624634 0.04600659757852554
0.055025264620780945 0.054588064551353455 0.04371987283229828
0.05435387045145035 0.053922854363918304 0.043101560324430466
0.050172824412584305 0.04976274073123932 0.041008420288562775
0.05116071179509163 0.05074683576822281 0.041387755423784256
0.05482105538249016 0.0544050969183445 0.04159568250179291
0.05516654625535011 0.054759711027145386 0.040683355182409286
0.053416214883327484 0.053009483963251114 0.0406729057431221
0.05790127441287041 0.05748327821493149 0.04179977625608444
0.0532502755522728 0.052856139838695526 0.03941361978650093
0.05349715054035187 0.053114160895347595 0.03829914703965187
0.052288372069597244 0.0518883652985096 0.040000855922698975
0.05292248725891113 0.052527450025081635 0.0395035445690155
0.05405658110976219 0.053645502775907516 0.041107725352048874
0.05079468712210655 0.05046015977859497 0.03345268964767456
0.05332507938146591 0.052911244332790375 0.041383370757102966
0.05448636785149574 0.054050493985414505 0.04358749836683273
0.05080007016658783 0.05040217936038971 0.0397891029715538
0.05455778166651726 0.05415522679686546 0.04025540500879288
0.052401091903448105 0.051981374621391296 0.041971590369939804
0.051081858575344086 0.050673432648181915 0.04084246605634689
0.053543150424957275 0.05312789976596832 0.041524991393089294
0.051461249589920044 0.051036179065704346 0.04250705614686012
0.05445079877972603 0.054011985659599304 0.0438813678920269
0.05101735517382622 0.05062539130449295 0.039196498692035675
0.05427301675081253 0.05386893078684807 0.040408775210380554
0.05478982254862785 0.054430752992630005 0.03590697795152664
0.05297459289431572 0.052546992897987366 0.04276011884212494
0.050021860748529434 0.04967588931322098 0.03459710255265236
0.04968290403485298 0.04932167008519173 0.036123476922512054
0.05125673860311508 0.05083201080560684 0.04247277230024338
0.052755385637283325 0.05235724151134491 0.0398145392537117
0.052067507058382034 0.05169594660401344 0.037156157195568085
0.053462959825992584 0.05302843824028969 0.043452028185129166
0.04991365596652031 0.049538783729076385 0.0374872088432312
0.049724213778972626 0.04932059720158577 0.040361739695072174
0.04822826385498047 0.04782675951719284 0.040150322020053864
0.04966126009821892 0.049258969724178314 0.04022899270057678
0.05298776552081108 0.05259517580270767 0.03925902768969536
0.05204435810446739 0.051615454256534576 0.042890310287475586
0.054829731583595276 0.05439705401659012 0.043267909437417984
0.05297642573714256 0.05256597697734833 0.04104478657245636
0.05459366738796234 0.054213959723711014 0.0379706509411335
0.05142703652381897 0.05106206238269806 0.036497533321380615
0.05189814418554306 0.05145975947380066 0.04383842647075653
0.05277992784976959 0.05238121375441551 0.03987141326069832
0.05603864789009094 0.05568453669548035 0.03541103005409241
0.052973173558712006 0.05258125066757202 0.03919227421283722
0.05376604571938515 0.05330422893166542 0.04618168622255325
0.049052901566028595 0.04866497218608856 0.03879282623529434
0.052660491317510605 0.052254170179367065 0.04063218832015991
0.049604661762714386 0.04924726486206055 0.03573958948254585
0.04957618936896324 0.049178529530763626 0.03976615518331528
0.05046789348125458 0.0500389002263546 0.04289936274290085
0.05584254488348961 0.055425263941287994 0.041728101670742035
0.05182722210884094 0.05138574540615082 0.044147707521915436
0.051729582250118256 0.05130419135093689 0.04253922030329704
0.05305900424718857 0.05268554389476776 0.03734614700078964
0.0555151104927063 0.05512131005525589 0.039380017668008804
0.05069374293088913 0.050294674932956696 0.03990695998072624
0.05574687570333481 0.055355850607156754 0.03910241276025772
0.051147546619176865 0.050809554755687714 0.033799249678850174
0.05324695631861687 0.05289893597364426 0.034802041947841644
0.054343320429325104 0.05396771430969238 0.03756043687462807
0.04842701926827431 0.04808482527732849 0.034219399094581604
0.05015035346150398 0.04981231689453125 0.0338035523891449
0.05227078124880791 0.05187977850437164 0.039100341498851776
0.054914023727178574 0.05453336238861084 0.03806621953845024
0.05190403386950493 0.05151333659887314 0.03906974941492081
0.05320768803358078 0.05279676616191864 0.04109228402376175
0.051684461534023285 0.05131286010146141 0.03716028109192848
0.05312835052609444 0.05275203660130501 0.03763139247894287
0.050021883100271225 0.04958412051200867 0.043776366859674454
0.05231131240725517 0.05187557637691498 0.04357367008924484
0.052854228764772415 0.05246838927268982 0.038584090769290924
0.05438041314482689 0.05397198349237442 0.040843039751052856
0.054339732974767685 0.053896911442279816 0.04428217560052872
0.05341266468167305 0.05293358489871025 0.04790809005498886
0.05198432877659798 0.05157454311847687 0.04097840189933777
0.052957192063331604 0.05252732336521149 0.04298677295446396
0.05189588665962219 0.051511991769075394 0.0383894145488739
0.05339081585407257 0.05300305783748627 0.03877595067024231
0.055207837373018265 0.05480235069990158 0.040548525750637054
0.05176383629441261 0.051351115107536316 0.04127219319343567
0.05294208973646164 0.052526358515024185 0.04157303646206856
0.052470702677965164 0.05205671116709709 0.041399095207452774
0.04980592429637909 0.049447376281023026 0.03585461527109146
0.050592176616191864 0.05025206506252289 0.03401128202676773
0.05328692868351936 0.052953943610191345 0.03329847380518913
0.05348877236247063 0.05304925888776779 0.043951451778411865
0.05149456486105919 0.051167190074920654 0.03273753076791763
