0.17063486576080322 0.17057660222053528 1.165352463722229
0.162186861038208 0.1621200293302536 1.3367793560028076
0.15430095791816711 0.15422146022319794 1.5899988412857056
0.14776922762393951 0.14766405522823334 2.1033263206481934
0.14239178597927094 0.1422652304172516 2.531250238418579
0.13626845180988312 0.13610564172267914 3.256347179412842
0.12882408499717712 0.1286233365535736 4.014983177185059
0.12357339262962341 0.12331343442201614 5.19918966293335
0.12331530451774597 0.12300387024879456 6.228680610656738
0.11509384959936142 0.11473016440868378 7.273678779602051
0.11520178616046906 0.1147533655166626 8.968441009521484
0.10869330167770386 0.10819525271654129 9.960906982421875
0.10310979932546616 0.10251471400260925 11.901702880859375
0.09453139454126358 0.09388318657875061 12.964177131652832
0.09090779721736908 0.0901937484741211 14.280925750732422
0.08819569647312164 0.08736720681190491 16.569814682006836
0.08413349092006683 0.08321894705295563 18.29088020324707
0.0816972628235817 0.0806896984577179 20.15127944946289
0.07623130083084106 0.07512909173965454 22.044187545776367
0.0745711699128151 0.0733829140663147 23.76512908935547
0.0703761950135231 0.06910674273967743 25.389095306396484
0.06252830475568771 0.06117464601993561 27.07323455810547
0.06465598195791245 0.06322363764047623 28.64693832397461
0.0659141018986702 0.06440068781375885 30.268280029296875
0.06258450448513031 0.060994625091552734 31.79763412475586
0.06571128964424133 0.064029261469841 33.64054870605469
0.06132424622774124 0.05960584804415703 34.36796569824219
0.061089981347322464 0.05928381532430649 36.12333297729492
0.060866136103868484 0.058991990983486176 37.482933044433594
0.05732571706175804 0.055399294942617416 38.528419494628906
0.05679865926504135 0.05485326424241066 38.907920837402344
0.05994456633925438 0.05790260434150696 40.839210510253906
0.05630648136138916 0.05425628274679184 41.00394821166992
0.05663977563381195 0.05455293506383896 41.736839294433594
0.054654061794281006 0.052586525678634644 41.35071563720703
0.054347243160009384 0.052254073321819305 41.8634147644043
0.05393221229314804 0.05182274430990219 42.189369201660156
0.05416864529252052 0.05198397487401962 43.693443298339844
0.054972805082798004 0.05278737097978592 43.708656311035156
0.057302746921777725 0.055093832314014435 44.17829132080078
0.051601532846689224 0.04947401583194733 42.55035400390625
0.05239231511950493 0.05024973303079605 42.85166931152344
0.0506964810192585 0.048593200743198395 42.065574645996094
0.051789648830890656 0.04972106218338013 41.3717041015625
0.051481474190950394 0.04940977320075035 41.434043884277344
0.05544839799404144 0.053329382091760635 42.38029098510742
0.05644865334033966 0.05438598245382309 41.25338363647461
0.05366351455450058 0.05159611999988556 41.347862243652344
0.05422678589820862 0.05217842757701874 40.967201232910156
0.050624288618564606 0.04865073412656784 39.471107482910156
0.05473453551530838 0.052713192999362946 40.426876068115234
0.05115346983075142 0.04925721138715744 37.92517852783203
0.05114073306322098 0.04924425482749939 37.929534912109375
0.05074701085686684 0.04885077476501465 37.92473220825195
0.0509471632540226 0.04914531111717224 36.03703308105469
0.05231064558029175 0.05048602074384689 36.492488861083984
0.046384964138269424 0.04465997964143753 34.49971389770508
0.050623901188373566 0.04881052300333977 36.26756286621094
0.05244769901037216 0.0507066436111927 34.82112121582031
0.05124695599079132 0.049545638263225555 34.02632141113281
0.05046412721276283 0.048781927675008774 33.644004821777344
0.048709336668252945 0.04707525670528412 32.68159484863281
0.05124802142381668 0.04963009059429169 32.35858154296875
0.047374509274959564 0.0457831546664238 31.827125549316406
0.04982944205403328 0.0482494980096817 31.598907470703125
0.048677872866392136 0.04715025797486305 30.552291870117188
0.049547258764505386 0.048013344407081604 30.678258895874023
0.04853687435388565 0.04698614776134491 31.0145263671875
0.051836542785167694 0.05028298869729042 31.071086883544922
0.048049475997686386 0.04657404124736786 29.50870132446289
0.04872169718146324 0.0472274050116539 29.885847091674805
0.045343998819589615 0.043876856565475464 29.342857360839844
0.0478215217590332 0.046334803104400635 29.73440170288086
0.05004475638270378 0.0485849566757679 29.195999145507812
0.04393506050109863 0.042474545538425446 29.210336685180664
0.05104167014360428 0.049576159566640854 29.3101806640625
0.0476224459707737 0.04615281522274017 29.392616271972656
0.04691777750849724 0.04550768435001373 28.20183563232422
0.0500066876411438 0.04854706674814224 29.1923828125
0.045869480818510056 0.044441111385822296 28.567399978637695
0.05018296465277672 0.048770248889923096 28.254295349121094
0.04760080203413963 0.04616115614771843 28.79290199279785
0.04597269371151924 0.044545166194438934 28.550521850585938
0.05071483924984932 0.04929862916469574 28.32418441772461
0.04681157320737839 0.04537636786699295 28.704143524169922
0.048217933624982834 0.04679768905043602 28.404911041259766
0.04604710638523102 0.044647492468357086 27.992294311523438
0.046930428594350815 0.04552065581083298 28.195457458496094
0.04688829928636551 0.04548944532871246 27.977075576782227
0.04523041471838951 0.04384011775255203 27.805957794189453
0.04571620747447014 0.044322993606328964 27.864276885986328
0.045124296098947525 0.04373389482498169 27.80805206298828
0.046812769025564194 0.04543682932853699 27.51882553100586
0.04286336898803711 0.04145702347159386 28.126911163330078
0.04600273072719574 0.04459294676780701 28.19564437866211
0.046778354793787 0.045385051518678665 27.86604881286621
0.04541430622339249 0.04404103755950928 27.46539306640625
0.04616010934114456 0.04472798481583595 28.64251708984375
0.04618670046329498 0.0447891429066658 27.951129913330078
0.04718504846096039 0.045799724757671356 27.70650863647461
0.04592673107981682 0.044557973742485046 27.375179290771484
0.042963266372680664 0.041562702506780624 28.01125717163086
0.044711992144584656 0.043312378227710724 27.992263793945312
0.04792202264070511 0.04652833193540573 27.87379264831543
0.04424671083688736 0.04285464435815811 27.84130859375
0.04270017147064209 0.041300974786281586 27.983898162841797
0.04272985830903053 0.04130472615361214 28.50266456604004
0.04452947527170181 0.043102867901325226 28.532140731811523
0.04811830073595047 0.04670097678899765 28.346508026123047
0.04265962913632393 0.041237443685531616 28.44370460510254
0.04617328196763992 0.0447269082069397 28.92746353149414
0.04400116205215454 0.042576394975185394 28.49532699584961
0.042661964893341064 0.04125455021858215 28.148303985595703
0.044903870671987534 0.043488651514053345 28.304386138916016
0.04290013387799263 0.041472770273685455 28.547286987304688
0.04526999592781067 0.04383675754070282 28.664770126342773
0.04202974587678909 0.04061906784772873 28.213558197021484
0.04020117223262787 0.03875524550676346 28.918546676635742
0.04299165681004524 0.04158439487218857 28.145221710205078
0.039053887128829956 0.03761573135852814 28.763107299804688
0.041895631700754166 0.0404825434088707 28.261747360229492
0.040672868490219116 0.03925362974405289 28.384769439697266
0.04307110607624054 0.04166208580136299 28.180400848388672
0.04053962603211403 0.03911830484867096 28.42641830444336
0.041265297681093216 0.039845556020736694 28.394840240478516
0.0435018427670002 0.04210235923528671 27.989646911621094
0.039617471396923065 0.038216181099414825 28.025840759277344
0.041228070855140686 0.03980585187673569 28.444393157958984
0.04178145155310631 0.0403708815574646 28.211421966552734
0.039684098213911057 0.038247816264629364 28.725629806518555
0.041241250932216644 0.03982687368988991 28.28754425048828
0.043142009526491165 0.04171943664550781 28.451435089111328
0.04551324248313904 0.04405200853943825 29.224660873413086
0.04396413639187813 0.04252132028341293 28.856338500976562
0.042113590985536575 0.04067811742424965 28.70944595336914
0.04248083010315895 0.04102833569049835 29.049884796142578
0.04136715829372406 0.03991863131523132 28.97056007385254
0.04054446145892143 0.039091601967811584 29.05718421936035
0.041990261524915695 0.0405612513422966 28.580196380615234
0.04120442271232605 0.039740320295095444 29.28201675415039
0.039900973439216614 0.038455963134765625 28.900239944458008
0.040913812816143036 0.039453644305467606 29.203407287597656
0.04295806214213371 0.041511885821819305 28.923519134521484
0.040704645216464996 0.03926509991288185 28.790895462036133
0.03770725429058075 0.03627484664320946 28.64818572998047
0.040667589753866196 0.039221327751874924 28.92520523071289
0.039845291525125504 0.038405973464250565 28.786331176757812
0.038594916462898254 0.03715067356824875 28.884868621826172
0.04080485925078392 0.03937250375747681 28.647144317626953
0.03880778327584267 0.03738222271203995 28.511219024658203
0.03986876830458641 0.03842806816101074 28.814022064208984
0.03646969795227051 0.035042423754930496 28.54547119140625
0.04108308628201485 0.039623506367206573 29.191591262817383
0.03871539607644081 0.03724020719528198 29.50374984741211
0.039022043347358704 0.03755691647529602 29.30251121520996
0.038885779678821564 0.03741198033094406 29.47600746154785
0.03606279194355011 0.03461860492825508 28.883708953857422
0.03760048747062683 0.03611842170357704 29.641353607177734
0.037649739533662796 0.03616834431886673 29.627899169921875
0.03680478036403656 0.035302888602018356 30.037853240966797
0.040268026292324066 0.03880656510591507 29.229248046875
0.03762252256274223 0.03614983335137367 29.453781127929688
0.03597770631313324 0.03445984423160553 30.357242584228516
0.037400685250759125 0.035916537046432495 29.682985305786133
0.037376586347818375 0.03588302060961723 29.871341705322266
0.037884198129177094 0.036385685205459595 29.970237731933594
0.03601164370775223 0.034523483365774155 29.76320457458496
0.0383637510240078 0.036889053881168365 29.493911743164062
0.03654296696186066 0.03504683077335358 29.92275619506836
0.03401971980929375 0.03252861648797989 29.82208251953125
0.0353170670568943 0.03380110487341881 30.31924819946289
0.037740305066108704 0.036252714693546295 29.751781463623047
0.03891924396157265 0.037415213882923126 30.08062171936035
0.036853253841400146 0.035337015986442566 30.324758529663086
0.035553231835365295 0.034051671624183655 30.031230926513672
0.03603330999612808 0.034535184502601624 29.96248435974121
0.03608174994587898 0.03459235653281212 29.78789520263672
0.035871073603630066 0.034341659396886826 30.588294982910156
0.03408725559711456 0.032562002539634705 30.505056381225586
0.03497086092829704 0.03346235305070877 30.17014503479004
0.035905808210372925 0.034375399351119995 30.608156204223633
0.03563503921031952 0.03411427140235901 30.415348052978516
0.03313209488987923 0.031615518033504486 30.331573486328125
0.034428566694259644 0.03289734944701195 30.624366760253906
0.03573371842503548 0.034233707934617996 30.000240325927734
0.03513519465923309 0.033654406666755676 29.615726470947266
0.03508597984910011 0.033594585955142975 29.827877044677734
0.035093579441308975 0.03360019624233246 29.867637634277344
0.033105265349149704 0.031607188284397125 29.961544036865234
0.033108800649642944 0.03161204233765602 29.935195922851562
0.034222036600112915 0.03269830346107483 30.474689483642578
0.03394823521375656 0.03245260566473007 29.912612915039062
0.033538829535245895 0.03200946003198624 30.58737564086914
0.0353286936879158 0.033796168863773346 30.650470733642578
0.035836733877658844 0.03427952900528908 31.144065856933594
0.03478626906871796 0.0332438200712204 30.84899139404297
0.035566821694374084 0.03400152176618576 31.30596923828125
0.03391457349061966 0.032379407435655594 30.70334243774414
0.034480031579732895 0.03294707089662552 30.659236907958984
0.032587017863988876 0.03107636608183384 30.213035583496094
0.03452080860733986 0.03297211602330208 30.973876953125
0.035004694014787674 0.0334928072988987 30.23776626586914
0.036197077482938766 0.034689560532569885 30.150310516357422
0.036331772804260254 0.03478064388036728 31.022563934326172
0.033408161252737045 0.03186747804284096 30.81367301940918
0.03507857024669647 0.03354568034410477 30.6578369140625
0.03493950888514519 0.0333838015794754 31.114173889160156
0.03571946173906326 0.03416074812412262 31.174297332763672
0.033452216535806656 0.03188157454133034 31.41284942626953
0.03257407248020172 0.031030507758259773 30.871286392211914
0.03328825905919075 0.03176853805780411 30.394390106201172
0.03455532714724541 0.03305565193295479 29.993499755859375
0.034790270030498505 0.033255696296691895 30.691455841064453
0.033004030585289 0.03148593008518219 30.362001419067383
0.03375976160168648 0.03220426291227341 31.110004425048828
0.03240695223212242 0.030819647014141083 31.746076583862305
0.03293653205037117 0.031389594078063965 30.93874740600586
0.03250505030155182 0.030950313434004784 31.094772338867188
0.032290589064359665 0.030742773786187172 30.956336975097656
0.03370849788188934 0.03214341774582863 31.301578521728516
0.03543391823768616 0.03385058790445328 31.6666259765625
0.03301066532731056 0.031467683613300323 30.859668731689453
0.0320962555706501 0.030529718846082687 31.33070182800293
0.031681109219789505 0.030116306617856026 31.296051025390625
0.031231969594955444 0.02972082979977131 30.2227783203125
0.03291357681155205 0.03132918104529381 31.687904357910156
0.032691724598407745 0.031135164201259613 31.131216049194336
0.031356584280729294 0.02979578822851181 31.215938568115234
0.032986950129270554 0.031449075788259506 30.757461547851562
0.03118230402469635 0.02964753471314907 30.695392608642578
0.0315176360309124 0.029998600482940674 30.380699157714844
0.03193844482302666 0.030404746532440186 30.673946380615234
0.033497463911771774 0.03196046128869057 30.740081787109375
0.03286265954375267 0.03133825957775116 30.488018035888672
0.030390582978725433 0.028859958052635193 30.612503051757812
0.03362927958369255 0.032096121460199356 30.66314697265625
0.03300894796848297 0.03147106617689133 30.757654190063477
0.03185620158910751 0.030311454087495804 30.894920349121094
0.030133049935102463 0.02857540175318718 31.152957916259766
0.03150542452931404 0.02995791845023632 30.950105667114258
0.03264320641756058 0.031095564365386963 30.952871322631836
0.031218063086271286 0.029671594500541687 30.929359436035156
0.032662712037563324 0.031102290377020836 31.20842742919922
0.03188645467162132 0.03033064678311348 31.116168975830078
0.03315093740820885 0.031549472361803055 32.029300689697266
0.0319540873169899 0.03041282668709755 30.825218200683594
0.032674361020326614 0.031080011278390884 31.88698959350586
0.033045444637537 0.03147927671670914 31.323394775390625
0.03174318000674248 0.030157892033457756 31.705751419067383
0.03257320821285248 0.030999014154076576 31.483882904052734
0.03107786551117897 0.02950947731733322 31.367774963378906
0.033711936324834824 0.03215765953063965 31.085559844970703
0.031599488109350204 0.030046269297599792 31.064395904541016
0.03288289159536362 0.03127256780862808 32.206451416015625
0.03025614283978939 0.028690416365861893 31.31451416015625
0.030248943716287613 0.02867954596877098 31.387958526611328
0.030954208225011826 0.02938956767320633 31.29279327392578
0.030512429773807526 0.028978250920772552 30.68356704711914
0.03211938217282295 0.030553583055734634 31.315963745117188
0.030495772138237953 0.028930842876434326 31.29857635498047
0.030436240136623383 0.028897786512970924 30.76906394958496
0.031179185956716537 0.02962375432252884 31.10865020751953
0.028817348182201385 0.02724909782409668 31.365013122558594
0.03287100791931152 0.031316544860601425 31.089229583740234
0.032756224274635315 0.031182579696178436 31.472919464111328
0.03195466101169586 0.030403640121221542 31.020397186279297
0.03064507432281971 0.029086150228977203 31.178466796875
0.029539071023464203 0.0279524102807045 31.733196258544922
0.030638549476861954 0.029057055711746216 31.6298828125
0.03107350505888462 0.029458150267601013 32.30708312988281
0.03211285173892975 0.030546795576810837 31.321149826049805
0.030451428145170212 0.02888641506433487 31.300281524658203
0.030881475657224655 0.02928828075528145 31.863910675048828
0.031095489859580994 0.02949686348438263 31.972545623779297
0.030271563678979874 0.02868765965104103 31.67809295654297
0.03116193413734436 0.029610473662614822 31.029216766357422
0.03123374469578266 0.029676061123609543 31.1536808013916
0.03119812346994877 0.02962578274309635 31.446821212768555
0.030773276463150978 0.029234372079372406 30.778079986572266
0.029777776449918747 0.028217438608407974 31.206756591796875
0.02840907871723175 0.02685028687119484 31.17584228515625
0.029419993981719017 0.027909928932785988 30.201292037963867
0.02974800579249859 0.028184350579977036 31.273107528686523
0.030497055500745773 0.02894528955221176 31.035310745239258
0.031674470752477646 0.030164819210767746 30.193031311035156
0.029836703091859818 0.02826809138059616 31.372228622436523
0.03020228073000908 0.028606809675693512 31.909414291381836
0.029745884239673615 0.02819913811981678 30.93490982055664
0.031163975596427917 0.02956024557352066 32.0745849609375
0.028385549783706665 0.026827886700630188 31.153270721435547
0.03084554895758629 0.029299676418304443 30.917465209960938
0.03089872933924198 0.029308931902050972 31.795955657958984
0.027975797653198242 0.02641906961798668 31.13454818725586
0.031140798702836037 0.029563352465629578 31.54894256591797
0.030236994847655296 0.028651989996433258 31.700082778930664
0.03009847179055214 0.028507407754659653 31.821300506591797
0.030611541122198105 0.029038753360509872 31.45575714111328
0.029405193403363228 0.027833227068185806 31.4393310546875
0.030275467783212662 0.02871013432741165 31.306659698486328
0.030177073553204536 0.028633493930101395 30.871597290039062
0.03023117035627365 0.0286635160446167 31.35308265686035
0.029974766075611115 0.02841208130121231 31.25368881225586
0.03236151114106178 0.030818335711956024 30.863525390625
0.02818356268107891 0.026617268100380898 31.325889587402344
0.030383029952645302 0.028842687606811523 30.80685043334961
0.031861502677202225 0.030323050916194916 30.769065856933594
0.029133420437574387 0.02758171781897545 31.034059524536133
0.029602501541376114 0.02805616334080696 30.926767349243164
0.029265040531754494 0.02772284485399723 30.843910217285156
0.030614852905273438 0.02906659245491028 30.965206146240234
0.029206261038780212 0.027613291516900063 31.85940170288086
0.028773218393325806 0.027216918766498566 31.12601089477539
0.028294920921325684 0.026691434904932976 32.06970977783203
0.031131379306316376 0.029577575623989105 31.076068878173828
0.029644543305039406 0.028038203716278076 32.126792907714844
0.0306905135512352 0.0290721133351326 32.368019104003906
0.0288862194865942 0.027322882786393166 31.266752243041992
0.030078833922743797 0.028504060581326485 31.495458602905273
0.02899010293185711 0.027407005429267883 31.661949157714844
0.02825588546693325 0.026691796258091927 31.28179168701172
0.028837749734520912 0.02725103124976158 31.734371185302734
0.02811608649790287 0.026553813368082047 31.245460510253906
0.029233191162347794 0.027669064700603485 31.282527923583984
0.028589215129613876 0.02703225612640381 31.139163970947266
0.02916884422302246 0.02762824110686779 30.81207847595215
0.027081631124019623 0.025553055107593536 30.571502685546875
0.03042476624250412 0.02887127920985222 31.069747924804688
0.029156284406781197 0.027592889964580536 31.267898559570312
0.027334798127412796 0.025783460587263107 31.026752471923828
0.027941642329096794 0.026390673592686653 31.019390106201172
0.030025508254766464 0.028435802087187767 31.79410743713379
0.029274461790919304 0.027700740844011307 31.474414825439453
0.030846990644931793 0.02928026393055916 31.334529876708984
0.029972482472658157 0.028392035514116287 31.608957290649414
0.027365295216441154 0.025814929977059364 31.007295608520508
0.02861190214753151 0.02707243710756302 30.78929901123047
0.030866650864481926 0.02933283895254135 30.67622947692871
0.03023110143840313 0.028667762875556946 31.26676368713379
0.028547290712594986 0.027047622948884964 29.99335289001465
0.029322708025574684 0.027784675359725952 30.76066017150879
0.027311649173498154 0.025785349309444427 30.5260009765625
0.029441555961966515 0.02788747474551201 31.08161735534668
0.0296014454215765 0.0280257947742939 31.513031005859375
0.02817906253039837 0.02662546932697296 31.071857452392578
0.028890520334243774 0.02733471617102623 31.11609649658203
0.030953338369727135 0.029365863651037216 31.74948501586914
0.026977207511663437 0.02542363852262497 31.071365356445312
0.02561962977051735 0.024073265492916107 30.927291870117188
0.030267814174294472 0.028698652982711792 31.383230209350586
0.02797519974410534 0.02643495425581932 30.804912567138672
0.029663320630788803 0.028132807463407516 30.610275268554688
0.029283206909894943 0.02775900810956955 30.48399543762207
0.02857804484665394 0.027043623849749565 30.688411712646484
0.032156363129615784 0.03061392344534397 30.848770141601562
0.027085086330771446 0.0255629513412714 30.44271469116211
0.02878701500594616 0.027281317859888077 30.113948822021484
0.027624260634183884 0.026071542873978615 31.05435562133789
0.027330728247761726 0.025794733315706253 30.719894409179688
0.02730729430913925 0.02573537826538086 31.43832015991211
0.029240578413009644 0.027709275484085083 30.626062393188477
0.028612753376364708 0.0271108727902174 30.037612915039062
0.02588721737265587 0.02436342090368271 30.47591781616211
0.02757575549185276 0.026048030704259872 30.554513931274414
0.02808198146522045 0.026555407792329788 30.531471252441406
0.02890923246741295 0.027377009391784668 30.644474029541016
0.028921423479914665 0.027397887781262398 30.470722198486328
0.026401346549391747 0.02490246295928955 29.977676391601562
0.027747774496674538 0.02619907073676586 30.974082946777344
0.02848680689930916 0.0269816592335701 30.102943420410156
0.029453780502080917 0.027882669121026993 31.422239303588867
0.028651077300310135 0.027122924104332924 30.563074111938477
0.027223557233810425 0.02566765621304512 31.118011474609375
0.026825839653611183 0.025252174586057663 31.473289489746094
0.027133174240589142 0.025567982345819473 31.3038387298584
0.026037242263555527 0.02447221800684929 31.300491333007812
0.027807941660284996 0.02624025195837021 31.353797912597656
0.02914545126259327 0.02760910987854004 30.726829528808594
0.02722610905766487 0.02568741887807846 30.773815155029297
0.02777261845767498 0.026245146989822388 30.549415588378906
0.0300150103867054 0.028483767062425613 30.624881744384766
0.028532758355140686 0.026994045823812485 30.77425765991211
0.02835145965218544 0.02681698277592659 30.689558029174805
0.02672770991921425 0.025188546627759933 30.783248901367188
0.028203340247273445 0.026663625612854958 30.794309616088867
0.027830014005303383 0.02626800909638405 31.240093231201172
0.029188403859734535 0.027653519064188004 30.697711944580078
0.02711266651749611 0.02558610960841179 30.531126022338867
0.02700013667345047 0.025459768250584602 30.807363510131836
0.028523126617074013 0.026975475251674652 30.953035354614258
0.02660764567553997 0.025081265717744827 30.527599334716797
0.030393222346901894 0.028828639537096024 31.291664123535156
0.025491148233413696 0.023950664326548576 30.80967140197754
0.025651872158050537 0.02411641925573349 30.709064483642578
0.027494793757796288 0.025968946516513824 30.516944885253906
0.026242727413773537 0.024670496582984924 31.444610595703125
0.02866937778890133 0.027114244177937508 31.10267448425293
0.028065500780940056 0.026529567316174507 30.71867561340332
0.025654010474681854 0.02411608211696148 30.758567810058594
0.027325570583343506 0.02579198218882084 30.67178726196289
0.02908279374241829 0.027537893503904343 30.898012161254883
0.027717018499970436 0.02624589018523693 29.422565460205078
0.02706873044371605 0.025543728843331337 30.500038146972656
0.027534479275345802 0.025986693799495697 30.955707550048828
0.029451465234160423 0.027910463511943817 30.82004165649414
0.0274350643157959 0.025920698419213295 30.287302017211914
0.028980178758502007 0.027471359819173813 30.176376342773438
0.02825925499200821 0.026724781841039658 30.68946075439453
0.025861643254756927 0.024334508925676346 30.542682647705078
0.02970964089035988 0.028155900537967682 31.074796676635742
0.02516147866845131 0.02363530360162258 30.523509979248047
0.02652192860841751 0.025002475827932358 30.389053344726562
0.0287142563611269 0.027158165350556374 31.12181854248047
0.027459077537059784 0.025925535708665848 30.670822143554688
0.028697770088911057 0.027146631851792336 31.022785186767578
0.02593754045665264 0.02439240552484989 30.9027156829834
0.02724209800362587 0.02571573480963707 30.527273178100586
0.026899471879005432 0.025392260402441025 30.144237518310547
0.0265363622456789 0.024998396635055542 30.759328842163086
0.026582928374409676 0.02505103126168251 30.6379451751709
0.0283821988850832 0.026846736669540405 30.709230422973633
0.02693183161318302 0.02539229579269886 30.79071044921875
0.027484511956572533 0.025962473824620247 30.44075584411621
0.02757374942302704 0.02603965625166893 30.681856155395508
0.029302626848220825 0.027761317789554596 30.826187133789062
0.027213653549551964 0.025689519941806793 30.482669830322266
0.02719329297542572 0.02567262575030327 30.41335678100586
0.02912290208041668 0.02762134000658989 30.031225204467773
0.027720438316464424 0.02620670013129711 30.27477264404297
0.026830708608031273 0.025320615619421005 30.201873779296875
0.02670777030289173 0.02519313618540764 30.292692184448242
0.029076889157295227 0.02755153924226761 30.507003784179688
0.029642803594470024 0.028117772191762924 30.50061798095703
0.026480278000235558 0.0249553844332695 30.49786949157715
0.027985183522105217 0.026419468224048615 31.31429672241211
0.02873839996755123 0.027194708585739136 30.87381362915039
0.02905510552227497 0.02751515991985798 30.798900604248047
0.026064718142151833 0.02455250918865204 30.244190216064453
0.028795544058084488 0.027259761467576027 30.715667724609375
0.02694297581911087 0.025398574769496918 30.888038635253906
0.02680901624262333 0.025270627811551094 30.76775360107422
0.027616694569587708 0.026111820712685585 30.09747314453125
0.026877466589212418 0.0253586545586586 30.376232147216797
0.02498326078057289 0.02346779592335224 30.309316635131836
0.026636922731995583 0.025104299187660217 30.6524658203125
0.026780592277646065 0.025282515212893486 29.961559295654297
0.027667708694934845 0.026152029633522034 30.313573837280273
0.029467685148119926 0.027955248951911926 30.248714447021484
0.02636706456542015 0.024807225912809372 31.19679069519043
0.027871357277035713 0.026364635676145554 30.134418487548828
0.027855418622493744 0.026297859847545624 31.15119171142578
0.02649514749646187 0.024969719350337982 30.50855255126953
0.02430846355855465 0.02274264022707939 31.316482543945312
0.028494661673903465 0.02696952223777771 30.502784729003906
0.02832403965294361 0.0267806239426136 30.868310928344727
0.025765595957636833 0.02423062175512314 30.699474334716797
0.027920477092266083 0.026391465216875076 30.580257415771484
0.02757330983877182 0.026059895753860474 30.268295288085938
0.02959742769598961 0.02808336913585663 30.28117561340332
0.028061509132385254 0.026550855487585068 30.213092803955078
0.027618611231446266 0.0260935015976429 30.502208709716797
0.028350748121738434 0.02685810625553131 29.85283851623535
0.02691153809428215 0.025385860353708267 30.51355743408203
0.025013212114572525 0.023466354236006737 30.9371395111084
0.027146346867084503 0.02562638185918331 30.399314880371094
0.029557492583990097 0.028048139065504074 30.187057495117188
0.025838788598775864 0.024303199723362923 30.711763381958008
0.02637750655412674 0.024872969835996628 30.090717315673828
0.029049474745988846 0.027561219409108162 29.765108108520508
0.02741418033838272 0.02590940147638321 30.095565795898438
0.0258491113781929 0.024323394522070885 30.514331817626953
0.02553585171699524 0.02402794361114502 30.158166885375977
0.025576602667570114 0.024069856852293015 30.134910583496094
0.02656983956694603 0.02506890892982483 30.018630981445312
0.025457769632339478 0.023963728919625282 29.880800247192383
0.025680076330900192 0.024166150018572807 30.27853012084961
0.025448285043239594 0.023916658014059067 30.63254165649414
0.025490131229162216 0.023994527757167816 29.912071228027344
0.026829054579138756 0.02531428262591362 30.295446395874023
0.026844216510653496 0.02532636560499668 30.357019424438477
0.02740752138197422 0.025879988446831703 30.55066680908203
0.027530711144208908 0.025987830013036728 30.857635498046875
0.02482537552714348 0.02331632748246193 30.180950164794922
0.026822887361049652 0.02528185397386551 30.820674896240234
0.024881435558199883 0.0233701691031456 30.225332260131836
0.026000449433922768 0.02451174333691597 29.77411651611328
0.02619880810379982 0.024704769253730774 29.880781173706055
0.02364349365234375 0.0221320278942585 30.229326248168945
0.02637041173875332 0.024865856394171715 30.091121673583984
0.025323715060949326 0.023832114413380623 29.832019805908203
0.02503129094839096 0.02350509725511074 30.523876190185547
0.028886698186397552 0.027339572086930275 30.942527770996094
0.02692320942878723 0.025354985147714615 31.364486694335938
0.0266434196382761 0.025105081498622894 30.76675033569336
0.02605501376092434 0.02449849620461464 31.130359649658203
0.02740873023867607 0.025870738551020622 30.75982666015625
0.029299834743142128 0.027785267680883408 30.291336059570312
0.02435486949980259 0.022837163880467415 30.3541259765625
0.024935344234108925 0.023464400321245193 29.41887664794922
0.025988446548581123 0.024492816999554634 29.912582397460938
0.027349498122930527 0.025854233652353287 29.905296325683594
0.02633748948574066 0.024863198399543762 29.485807418823242
0.02685246616601944 0.02538163587450981 29.416624069213867
0.025833342224359512 0.02435699850320816 29.526893615722656
0.026345036923885345 0.024878842756152153 29.323875427246094
0.02568603679537773 0.024180233478546143 30.116058349609375
0.026079749688506126 0.024594679474830627 29.70139503479004
0.026394899934530258 0.024897653609514236 29.944913864135742
0.026806287467479706 0.02528781071305275 30.369548797607422
0.024067729711532593 0.0225776806473732 29.800968170166016
0.025497188791632652 0.023997915908694267 29.985469818115234
0.025519229471683502 0.023989930748939514 30.58596420288086
0.02579399384558201 0.024272842332720757 30.423036575317383
0.02623474970459938 0.024716589599847794 30.363189697265625
0.024858014658093452 0.023339316248893738 30.373985290527344
0.02633926458656788 0.024828866124153137 30.207965850830078
0.026003487408161163 0.024484504014253616 30.37967300415039
0.02440476603806019 0.022912316024303436 29.849008560180664
0.025202298536896706 0.02370946854352951 29.856603622436523
0.026669997721910477 0.025115082040429115 31.09832000732422
0.026456309482455254 0.024928651750087738 30.553157806396484
0.02564300410449505 0.02413545548915863 30.150978088378906
0.026098106056451797 0.024609610438346863 29.76992416381836
0.024123962968587875 0.02264181338250637 29.642976760864258
0.025524385273456573 0.024019520729780197 30.09728240966797
0.02645312435925007 0.024945935234427452 30.143796920776367
0.0265173502266407 0.025030486285686493 29.737276077270508
0.027152564376592636 0.02564641274511814 30.123044967651367
0.026679346337914467 0.025192733854055405 29.732240676879883
0.027459818869829178 0.025958366692066193 30.02903938293457
0.027412280440330505 0.025896728038787842 30.31104850769043
0.02651885338127613 0.0250141229480505 30.094593048095703
0.027068601921200752 0.025567004457116127 30.031932830810547
0.025952015072107315 0.02442231774330139 30.593955993652344
0.022871751338243484 0.02135958895087242 30.24323081970215
0.026299934834241867 0.024774640798568726 30.50586700439453
0.026537001132965088 0.025015518069267273 30.429643630981445
0.025889700278639793 0.02436293661594391 30.53528594970703
0.027791250497102737 0.026272032409906387 30.384357452392578
0.025196172297000885 0.02368674799799919 30.188495635986328
0.026072006672620773 0.024564411491155624 30.151905059814453
0.026660999283194542 0.025135759264230728 30.504796981811523
0.025089772418141365 0.02359304204583168 29.934593200683594
0.025464944541454315 0.023928452283143997 30.72983169555664
0.025545939803123474 0.02402995526790619 30.3197021484375
0.02591426856815815 0.024443382397294044 29.41771697998047
0.02662098966538906 0.025103788822889328 30.344024658203125
0.025127122178673744 0.023620881140232086 30.12482452392578
0.027999190613627434 0.026493918150663376 30.105445861816406
0.026189979165792465 0.024681992828845978 30.159725189208984
0.02448229305446148 0.022956039756536484 30.525081634521484
0.02749496139585972 0.02597656100988388 30.367992401123047
0.026067644357681274 0.024571847170591354 29.915958404541016
0.02586706355214119 0.024386437609791756 29.612533569335938
0.02479793131351471 0.023313239216804504 29.693824768066406
0.026504315435886383 0.025007396936416626 29.938377380371094
0.026684222742915154 0.025195304304361343 29.77837371826172
0.026240840554237366 0.02473885379731655 30.039730072021484
0.024868326261639595 0.02337227202951908 29.921085357666016
0.026559978723526 0.025026191025972366 30.675762176513672
0.02573208510875702 0.02424311265349388 29.779468536376953
0.026250187307596207 0.024717779830098152 30.648141860961914
0.026421459391713142 0.02491389960050583 30.15121078491211
0.024988427758216858 0.02351464331150055 29.475688934326172
0.022973088547587395 0.021469131112098694 30.07913589477539
0.025799671187996864 0.024297112599015236 30.051177978515625
0.02653464674949646 0.02500123530626297 30.66822052001953
0.025408003479242325 0.023894082754850388 30.278396606445312
0.025790192186832428 0.024295005947351456 29.903724670410156
0.024627096951007843 0.02309374138712883 30.66710090637207
0.026244567707180977 0.02476634830236435 29.564403533935547
0.025806715711951256 0.024274121969938278 30.6518611907959
0.024355676025152206 0.0228593610227108 29.926300048828125
0.02454325556755066 0.023046307265758514 29.93898582458496
0.025791192427277565 0.02428244613111019 30.174938201904297
0.02655617520213127 0.025055160745978355 30.02029037475586
0.025544101372361183 0.024059895426034927 29.684112548828125
0.02447506971657276 0.022987227886915207 29.756824493408203
0.024156732484698296 0.022660769522190094 29.91925811767578
0.025661636143922806 0.02416289784014225 29.97476577758789
0.0264535341411829 0.024943489581346512 30.200885772705078
0.024710925295948982 0.023244623094797134 29.326034545898438
0.02374246157705784 0.022220272570848465 30.44378662109375
0.02633138746023178 0.02483135089278221 30.000732421875
0.025350088253617287 0.023857925087213516 29.843278884887695
0.027675189077854156 0.026159999892115593 30.303783416748047
0.02530808560550213 0.023817433044314384 29.813064575195312
0.024691296741366386 0.02320680394768715 29.689863204956055
0.024667559191584587 0.02318590134382248 29.633153915405273
0.02829703688621521 0.026781555265188217 30.309648513793945
0.024651778861880302 0.023157453164458275 29.886520385742188
0.025097588077187538 0.023622993379831314 29.49190902709961
0.026627037674188614 0.02511974796652794 30.145790100097656
0.024807266891002655 0.02331535890698433 29.83816909790039
0.026321623474359512 0.02482669986784458 29.898481369018555
0.02516612783074379 0.02365192584693432 30.284038543701172
0.023558078333735466 0.022120384499430656 28.753890991210938
0.024527981877326965 0.023031888529658318 29.921850204467773
0.027154237031936646 0.02568080648779869 29.46860122680664
0.027742326259613037 0.026243098080158234 29.98454475402832
0.026031741872429848 0.02453291043639183 29.976638793945312
0.023255879059433937 0.02173793688416481 30.358848571777344
0.024073246866464615 0.022570844739675522 30.04802703857422
0.023808825761079788 0.022278450429439545 30.60751724243164
0.02287529781460762 0.021369628608226776 30.113365173339844
0.02597828395664692 0.024437889456748962 30.807878494262695
0.024356069043278694 0.022865155711770058 29.81826400756836
0.0249796099960804 0.023496821522712708 29.65576171875
0.024048343300819397 0.022568780928850174 29.59123420715332
0.02405632846057415 0.022561058402061462 29.905391693115234
0.02579951100051403 0.024305060505867004 29.889026641845703
0.024290047585964203 0.02278548665344715 30.091236114501953
0.026768697425723076 0.025251813232898712 30.337688446044922
0.025800777599215508 0.024288149550557137 30.252567291259766
0.025599168613553047 0.02410600706934929 29.863224029541016
0.024272192269563675 0.022768016904592514 30.08350944519043
0.024516915902495384 0.02304159477353096 29.506431579589844
0.025260789319872856 0.023767929524183273 29.857196807861328
0.026477007195353508 0.024951733648777008 30.505475997924805
0.02665833942592144 0.025159958750009537 29.96759796142578
0.024913080036640167 0.023384489119052887 30.57183074951172
0.025772586464881897 0.024283230304718018 29.787124633789062
0.024664046242833138 0.02316012606024742 30.07839584350586
0.02521628700196743 0.023705970495939255 30.206321716308594
0.02547442354261875 0.02399411052465439 29.606266021728516
0.024695323780179024 0.02320808544754982 29.744775772094727
0.0249215979129076 0.02340545877814293 30.322797775268555
0.026063144207000732 0.024579571560025215 29.671466827392578
0.026082338765263557 0.02454000525176525 30.846664428710938
0.02426895499229431 0.022744886577129364 30.481359481811523
0.024328654631972313 0.022837352007627487 29.826045989990234
0.023248353973031044 0.021766718477010727 29.63271141052246
0.02372557856142521 0.022240445017814636 29.70268440246582
0.022576943039894104 0.02110348641872406 29.469146728515625
0.022604510188102722 0.021118193864822388 29.726308822631836
0.025789177045226097 0.02430558204650879 29.671897888183594
0.024073682725429535 0.022572211921215057 30.029417037963867
0.02593129128217697 0.024465203285217285 29.321746826171875
0.02494017221033573 0.023434482514858246 30.113805770874023
0.023996200412511826 0.022505199536681175 29.82000160217285
0.02546028234064579 0.02394878678023815 30.229907989501953
0.025673238560557365 0.02419630065560341 29.53876495361328
0.025826938450336456 0.02431519329547882 30.23489761352539
0.024862557649612427 0.023339316248893738 30.46484375
0.024369778111577034 0.022892817854881287 29.539213180541992
0.025651659816503525 0.024158112704753876 29.870952606201172
0.023421404883265495 0.02192196622490883 29.98877716064453
0.024263573810458183 0.022748783230781555 30.295806884765625
0.024124281480908394 0.022637203335762024 29.741565704345703
0.025971882045269012 0.024436037987470627 30.716899871826172
0.0252901129424572 0.02379988133907318 29.804643630981445
0.023585427552461624 0.022107135504484177 29.565847396850586
0.025672808289527893 0.024162180721759796 30.212539672851562
0.023976651951670647 0.022460542619228363 30.32219696044922
0.024257797747850418 0.022779110819101334 29.573755264282227
0.02446773275732994 0.02297339215874672 29.886831283569336
0.024789297953248024 0.023294789716601372 29.890178680419922
0.02600914239883423 0.024500753730535507 30.167789459228516
0.023519262671470642 0.02205362543463707 29.312732696533203
0.024276606738567352 0.02277679741382599 29.996170043945312
0.02368736080825329 0.022213872522115707 29.469758987426758
0.023911576718091965 0.022427115589380264 29.68921661376953
0.02443581447005272 0.022937681525945663 29.962661743164062
0.0253523550927639 0.023852359503507614 29.999923706054688
0.02589876390993595 0.02442549169063568 29.46544647216797
0.02226029522716999 0.02080068737268448 29.192157745361328
0.023883825168013573 0.022372040897607803 30.235687255859375
0.023494672030210495 0.02198948711156845 30.103694915771484
0.024260427802801132 0.022775515913963318 29.6982421875
0.02373272366821766 0.022236641496419907 29.92165756225586
0.024658111855387688 0.023167375475168228 29.814716339111328
0.022134952247142792 0.020645655691623688 29.785921096801758
0.02511286921799183 0.02357828989624977 30.691600799560547
0.025297917425632477 0.023792684078216553 30.104679107666016
0.026949964463710785 0.025435609742999077 30.28708839416504
0.025839678943157196 0.024366721510887146 29.459138870239258
0.02458907663822174 0.02309001423418522 29.981233596801758
0.02253958396613598 0.02106860652565956 29.4195556640625
0.022793641313910484 0.02129851095378399 29.902624130249023
0.026411226019263268 0.024923618882894516 29.752159118652344
0.023891909047961235 0.02238762192428112 30.08572769165039
0.02397068962454796 0.022471560165286064 29.982572555541992
0.024145105853676796 0.022660959511995316 29.682937622070312
0.02524442970752716 0.02373945340514183 30.09952735900879
0.024566559121012688 0.02305225096642971 30.286174774169922
0.025946127250790596 0.02443779446184635 30.166667938232422
0.024617431685328484 0.023106984794139862 30.208934783935547
0.023358913138508797 0.02185940369963646 29.990177154541016
0.025480477139353752 0.023971322923898697 30.183069229125977
0.026810215786099434 0.02529843896627426 30.23554229736328
0.023488320410251617 0.022018248215317726 29.40146255493164
0.025441082194447517 0.02392721362411976 30.277362823486328
0.02426460012793541 0.022809261456131935 29.10677719116211
0.0229964442551136 0.021526319906115532 29.402498245239258
0.024332409724593163 0.022847497835755348 29.698225021362305
0.023410053923726082 0.021919893100857735 29.803199768066406
0.024233058094978333 0.022743064910173416 29.799877166748047
0.023966608569025993 0.022464849054813385 30.035181045532227
0.024793649092316628 0.023312628269195557 29.62040901184082
0.022368475794792175 0.0208883173763752 29.603187561035156
0.02520083077251911 0.023668408393859863 30.648452758789062
0.022956328466534615 0.021461036056280136 29.90584373474121
0.02456793375313282 0.023076621815562248 29.826255798339844
0.02336016111075878 0.02187434211373329 29.716381072998047
0.024779023602604866 0.023271117359399796 30.158126831054688
0.02353045530617237 0.022027689963579178 30.055313110351562
0.024181358516216278 0.022686362266540527 29.899934768676758
0.021744096651673317 0.02027825452387333 29.31684112548828
0.024244943633675575 0.0227513387799263 29.872093200683594
0.02275673858821392 0.02128760516643524 29.382675170898438
0.025259997695684433 0.02376125380396843 29.974891662597656
0.02179744280874729 0.02034663036465645 29.01624298095703
0.026258191093802452 0.024775395169854164 29.65591812133789
0.0223604217171669 0.020903728902339935 29.133865356445312
0.02426806464791298 0.022799436002969742 29.372562408447266
0.02214101329445839 0.020687732845544815 29.06562042236328
0.023931285366415977 0.02245476469397545 29.530426025390625
0.024599701166152954 0.023140057921409607 29.192848205566406
0.0255502350628376 0.024029362946748734 30.417457580566406
0.02443554438650608 0.02292659319937229 30.179039001464844
0.022018926218152046 0.02051401510834694 30.098220825195312
0.024958737194538116 0.02347901090979576 29.594532012939453
0.023142527788877487 0.021653076633810997 29.789031982421875
0.02450048178434372 0.02298693358898163 30.270946502685547
0.02267439104616642 0.02116888016462326 30.110214233398438
0.02443459816277027 0.022915758192539215 30.376813888549805
0.022879166528582573 0.0213825274258852 29.932798385620117
0.023957816883921623 0.022480497136712074 29.54639434814453
0.0257957074791193 0.024280603975057602 30.302064895629883
0.025387777015566826 0.023874692618846893 30.261699676513672
0.023697901517152786 0.02219204604625702 30.11709976196289
0.02298145554959774 0.021517738699913025 29.27435302734375
0.023161470890045166 0.02170056663453579 29.218090057373047
0.02316243201494217 0.021690331399440765 29.44202423095703
0.023966800421476364 0.022471746429800987 29.90106201171875
0.02507217973470688 0.02355566993355751 30.330184936523438
0.02275262586772442 0.021214336156845093 30.76580238342285
0.022124188020825386 0.020639386028051376 29.69603157043457
0.02378978580236435 0.0222727470099926 30.340776443481445
0.02327171340584755 0.02178751677274704 29.683914184570312
0.023602766916155815 0.02211281843483448 29.798954010009766
0.02301609329879284 0.021522602066397667 29.869808197021484
0.02506493404507637 0.023548195138573647 30.33478546142578
0.02469167672097683 0.023199710994958878 29.839319229125977
0.024685952812433243 0.023196766152977943 29.783733367919922
0.022649254649877548 0.021163709461688995 29.71092414855957
0.024679770693182945 0.02319527044892311 29.69000816345215
0.023940816521644592 0.022440563887357712 30.005046844482422
0.022228844463825226 0.020803824067115784 28.50042152404785
0.024287313222885132 0.022803664207458496 29.672983169555664
0.02435457706451416 0.022907190024852753 28.947731018066406
0.024374157190322876 0.022917192429304123 29.139280319213867
0.021769607439637184 0.020302535966038704 29.341415405273438
0.02439306676387787 0.022912489250302315 29.611543655395508
0.02335096336901188 0.021867413073778152 29.670995712280273
0.024942567571997643 0.023476064205169678 29.330080032348633
0.02218669280409813 0.020771289244294167 28.308088302612305
0.023085614666342735 0.02160857617855072 29.540756225585938
0.024543870240449905 0.023089461028575897 29.088176727294922
0.022221717983484268 0.020763469859957695 29.16495132446289
0.023576786741614342 0.022083783522248268 29.860057830810547
0.024355484172701836 0.02289055660367012 29.298553466796875
0.025574341416358948 0.024126166477799416 28.963516235351562
0.023276962339878082 0.021802380681037903 29.491649627685547
0.02261817641556263 0.02111055515706539 30.15243148803711
0.024717023596167564 0.023226652294397354 29.807435989379883
0.024792535230517387 0.023261239752173424 30.625898361206055
0.023441694676876068 0.021913573145866394 30.562448501586914
0.025781676173210144 0.02429458312690258 29.74184799194336
0.022706374526023865 0.02121005207300186 29.92644691467285
0.022166574373841286 0.020685799419879913 29.61550521850586
0.02306210994720459 0.021575365215539932 29.734914779663086
0.025532281026244164 0.024034112691879272 29.96337127685547
0.023013032972812653 0.021524235606193542 29.77594757080078
0.023877084255218506 0.02239730954170227 29.59548568725586
0.020099805667996407 0.018686443567276 28.26723861694336
0.023421019315719604 0.021927807480096817 29.86422348022461
0.02350614033639431 0.022016474977135658 29.793312072753906
0.023691384121775627 0.022191420197486877 29.999286651611328
0.024041566997766495 0.022536160424351692 30.10814666748047
0.024979501962661743 0.023477710783481598 30.03582191467285
0.022892914712429047 0.021378615871071815 30.285968780517578
0.02487468719482422 0.02336740866303444 30.145572662353516
0.022418057546019554 0.020970061421394348 28.959930419921875
0.022539017722010612 0.02105407789349556 29.698808670043945
0.023450033739209175 0.021975331008434296 29.494043350219727
0.023895829916000366 0.022415127605199814 29.61404800415039
0.02354816347360611 0.022075340151786804 29.456478118896484
0.02476193942129612 0.02327710948884487 29.696609497070312
0.02265780232846737 0.021163666620850563 29.882726669311523
0.02418442629277706 0.02271687611937523 29.35100555419922
0.024098316207528114 0.02262728288769722 29.42066192626953
0.023044204339385033 0.021568700671195984 29.510089874267578
0.02207416109740734 0.02058291807770729 29.82486343383789
0.022850222885608673 0.021378468722105026 29.43509864807129
0.023976121097803116 0.022461190819740295 30.29860496520996
0.022186942398548126 0.02071104571223259 29.517921447753906
0.02402539923787117 0.022531479597091675 29.87837791442871
0.02091965824365616 0.019473984837532043 28.913482666015625
0.02128083072602749 0.019826743751764297 29.081727981567383
0.02397730201482773 0.022485215216875076 29.84174346923828
0.02322503738105297 0.02174745500087738 29.551631927490234
0.021178144961595535 0.019738303497433662 28.79682159423828
0.020727718248963356 0.019247593358159065 29.602500915527344
0.024687767028808594 0.023214619606733322 29.462932586669922
0.024007834494113922 0.02252417430281639 29.6732177734375
0.02210705168545246 0.02063160017132759 29.509044647216797
0.02241831086575985 0.020958740264177322 29.19139862060547
0.02293415367603302 0.02143441140651703 29.994836807250977
0.02490917220711708 0.02340017259120941 30.180007934570312
0.022953392937779427 0.021448230370879173 30.103242874145508
0.0219536442309618 0.020488187670707703 29.309120178222656
0.021867094561457634 0.020392652601003647 29.488834381103516
0.025097930803894997 0.023594584316015244 30.066946029663086
0.021509848535060883 0.0200221948325634 29.753055572509766
0.023414496332406998 0.021904420107603073 30.201507568359375
0.023013636469841003 0.021528515964746475 29.70240020751953
0.021752627566456795 0.020243166014552116 30.189237594604492
0.02465381845831871 0.02313898503780365 30.296676635742188
0.0268901064991951 0.02538086660206318 30.184783935546875
0.022126588970422745 0.020660996437072754 29.311838150024414
0.022178160026669502 0.02067466452717781 30.06991195678711
0.023066775873303413 0.02155352011322975 30.265098571777344
0.021640976890921593 0.020164724439382553 29.525054931640625
0.023575371131300926 0.022063154727220535 30.24434471130371
0.023753514513373375 0.022241007536649704 30.25014305114746
0.022490888833999634 0.021007269620895386 29.672401428222656
0.02207772620022297 0.020580071955919266 29.953100204467773
0.02350861392915249 0.02198777347803116 30.416797637939453
0.02339358627796173 0.021891560405492783 30.040515899658203
0.02358955517411232 0.022067008540034294 30.450946807861328
0.02298746258020401 0.021455904468894005 30.63117218017578
0.022914890199899673 0.021435676142573357 29.584266662597656
0.024424642324447632 0.022937515750527382 29.742515563964844
0.02351817488670349 0.02202342450618744 29.895023345947266
0.024403156712651253 0.022931763902306557 29.427846908569336
0.02280580997467041 0.02128465473651886 30.42308807373047
0.021860841661691666 0.020383235067129135 29.552141189575195
0.02181362360715866 0.0203540101647377 29.19226837158203
0.022379618138074875 0.020913902670145035 29.314329147338867
0.021660875529050827 0.02021491527557373 28.919193267822266
0.023075895383954048 0.021600041538476944 29.517093658447266
0.0225182194262743 0.021059494465589523 29.17449951171875
0.02264508791267872 0.021159250289201736 29.716768264770508
0.02202082984149456 0.020570702850818634 29.00252342224121
0.02144194021821022 0.019961845129728317 29.601905822753906
0.02222507633268833 0.020737584680318832 29.74981689453125
0.021662844344973564 0.02016805112361908 29.89588165283203
0.022465482354164124 0.020955294370651245 30.203758239746094
0.02334393560886383 0.02188107743859291 29.257177352905273
0.02318130061030388 0.021714406087994576 29.337890625
0.022912204265594482 0.021433008834719658 29.583900451660156
0.023738428950309753 0.022272516041994095 29.318265914916992
0.021283209323883057 0.019830550998449326 29.05315399169922
0.023229124024510384 0.021748032420873642 29.621824264526367
0.02300431951880455 0.021530278027057648 29.480850219726562
0.02187308669090271 0.020411983132362366 29.222055435180664
0.022352255880832672 0.020868081599473953 29.68350601196289
0.020517753437161446 0.01904076524078846 29.53974723815918
0.02014857530593872 0.01868360862135887 29.29933738708496
0.0234860610216856 0.022003939375281334 29.642417907714844
0.02325999177992344 0.02179296500980854 29.340518951416016
0.025236956775188446 0.02376977726817131 29.343605041503906
0.022027619183063507 0.02051059529185295 30.340465545654297
0.02556772716343403 0.024088900536298752 29.576549530029297
0.02254045382142067 0.021047577261924744 29.8575496673584
0.023306848481297493 0.021819453686475754 29.747905731201172
0.02330745756626129 0.02180800773203373 29.989015579223633
0.024516485631465912 0.023038335144519806 29.56299591064453
0.022592367604374886 0.021118376404047012 29.479829788208008
0.02344815991818905 0.02195470966398716 29.86901092529297
0.02367689460515976 0.022158227860927582 30.37332534790039
0.022849414497613907 0.021374307572841644 29.502120971679688
0.024142131209373474 0.02268543839454651 29.13387107849121
0.021761024370789528 0.020298803225159645 29.24441909790039
0.02267812192440033 0.02118298038840294 29.902851104736328
0.018754880875349045 0.017330246046185493 28.492677688598633
0.02395746298134327 0.022472847253084183 29.69231414794922
0.02415548264980316 0.022673768922686577 29.63427734375
0.024016832932829857 0.022546440362930298 29.40786361694336
0.02142547443509102 0.019929340109229088 29.922691345214844
0.02277042716741562 0.02129330113530159 29.542516708374023
0.022986937314271927 0.021494418382644653 29.85037612915039
0.022183610126376152 0.020715700462460518 29.358177185058594
0.022691329941153526 0.0212173443287611 29.47972869873047
0.024455469101667404 0.022958656772971153 29.93623924255371
0.024854876101017 0.023369930684566498 29.69890785217285
0.022460393607616425 0.0210065059363842 29.07775115966797
0.024130627512931824 0.02264213375747204 29.769878387451172
0.023301823064684868 0.021812936291098595 29.777732849121094
0.021883351728320122 0.020408105105161667 29.504919052124023
0.0210773553699255 0.019572865217924118 30.089786529541016
0.023109320551156998 0.021618984639644623 29.806713104248047
0.0230073481798172 0.02150227688252926 30.101408004760742
0.020985400304198265 0.01948152855038643 30.077436447143555
0.02403562143445015 0.022505022585392 30.61195945739746
0.022099241614341736 0.020610617473721504 29.77248191833496
0.021892491728067398 0.020421093329787254 29.427959442138672
0.023203503340482712 0.021684663370251656 30.37679672241211
0.02046859823167324 0.018994294106960297 29.486093521118164
0.022219939157366753 0.020706361159682274 30.271570205688477
0.02325589954853058 0.021738121286034584 30.35556411743164
0.02213885635137558 0.020662734284996986 29.52242660522461
0.02325323037803173 0.021777762100100517 29.50935935974121
0.0221951212733984 0.02071399614214897 29.622516632080078
0.02196463756263256 0.020501837134361267 29.255996704101562
0.022733744233846664 0.021240444853901863 29.865991592407227
0.02120916172862053 0.01975754275918007 29.032367706298828
0.021878762170672417 0.020409319549798965 29.388837814331055
0.02292695827782154 0.021429572254419327 29.947704315185547
0.02218656986951828 0.02072657272219658 29.19992446899414
0.023399369791150093 0.021948978304862976 29.00782012939453
0.021523863077163696 0.02005765587091446 29.324134826660156
0.02293223887681961 0.021449711173772812 29.650545120239258
0.02279028482735157 0.021333493292331696 29.135841369628906
0.02187952771782875 0.0204011183232069 29.56818962097168
0.02282898686826229 0.021376559510827065 29.048564910888672
0.01984643004834652 0.018362514674663544 29.678295135498047
0.020106522366404533 0.018607500940561295 29.980426788330078
0.019967464730143547 0.01851111277937889 29.127044677734375
0.022228728979825974 0.020803088322281837 28.512805938720703
0.022912580519914627 0.021448124200105667 29.289146423339844
0.019778789952397346 0.018327835947275162 29.01909828186035
0.021606583148241043 0.020123621448874474 29.65925407409668
0.022324273362755775 0.020839540287852287 29.694658279418945
0.023590240627527237 0.022107580676674843 29.65319061279297
0.021494276821613312 0.02002377063035965 29.410118103027344
0.020925071090459824 0.019409937784075737 30.30267333984375
0.02191956900060177 0.020439285784959793 29.605655670166016
0.022348960861563683 0.020876657217741013 29.446067810058594
0.02377518080174923 0.022271931171417236 30.064987182617188
0.02185176871716976 0.02035815455019474 29.87228775024414
0.022951405495405197 0.0214703232049942 29.621639251708984
0.022821061313152313 0.021303992718458176 30.341379165649414
0.02329978533089161 0.02180074155330658 29.980859756469727
0.02304205484688282 0.0215661209076643 29.5186767578125
0.0197724811732769 0.018320690840482712 29.035797119140625
0.022274307906627655 0.020790446549654007 29.677223205566406
0.022658903151750565 0.021163905039429665 29.899974822998047
