0.2021394819021225 0.19600151479244232 12.275920867919922
0.19811473786830902 0.1927548497915268 10.719788551330566
0.1817125678062439 0.17637670040130615 10.671733856201172
0.1795624941587448 0.17391502857208252 11.29491901397705
0.16383785009384155 0.15730485320091248 13.065988540649414
0.1670064479112625 0.1594507098197937 15.11146354675293
0.1546819806098938 0.146339550614357 16.68484878540039
0.14711154997348785 0.13788266479969025 18.457778930664062
0.14674600958824158 0.13647225499153137 20.547504425048828
0.13827887177467346 0.12737444043159485 21.80885124206543
0.136135533452034 0.1245928406715393 23.085372924804688
0.12809138000011444 0.11594974994659424 24.28325653076172
0.1244167909026146 0.11177094280719757 25.29169273376465
0.11983674764633179 0.10694313049316406 25.7872314453125
0.11375206708908081 0.10048963129520416 26.52487564086914
0.11236981302499771 0.09898538142442703 26.76885986328125
0.11210731416940689 0.09823346138000488 27.747705459594727
0.10696977376937866 0.09308648854494095 27.766576766967773
0.10321827232837677 0.08959383517503738 27.248865127563477
0.10236381739377975 0.0885651707649231 27.597293853759766
0.10139968991279602 0.08792304992675781 26.953271865844727
0.09803498536348343 0.08473147451877594 26.60701560974121
0.0956897959113121 0.08277726173400879 25.8250732421875
0.09661965072154999 0.08384710550308228 25.545085906982422
0.09057794511318207 0.07786253094673157 25.430828094482422
0.09339459985494614 0.08053433150053024 25.72053337097168
0.09111439436674118 0.07849517464637756 25.238439559936523
0.08940605074167252 0.07671833038330078 25.375438690185547
0.0899115651845932 0.07742549479007721 24.97213363647461
0.08603443950414658 0.07335709780454636 25.354684829711914
0.08606211841106415 0.07397817075252533 24.167898178100586
0.08547153323888779 0.07349098473787308 23.961091995239258
0.08299233764410019 0.07083874940872192 24.307172775268555
0.08247344940900803 0.0708446130156517 23.257667541503906
0.08114071935415268 0.06982125341892242 22.638935089111328
0.08031220734119415 0.06912945955991745 22.365497589111328
0.07839573919773102 0.06743181496858597 21.927852630615234
0.08193857222795486 0.07114841043949127 21.580322265625
0.0784112885594368 0.06830053776502609 20.22149658203125
0.07908743619918823 0.06870436668395996 20.766143798828125
0.07684814929962158 0.06641818583011627 20.859926223754883
0.07511759549379349 0.06441149860620499 21.41219711303711
0.07714668661355972 0.06652717292308807 21.239028930664062
0.07710280269384384 0.06654838472604752 21.108837127685547
0.0745459496974945 0.06383451074361801 21.42287826538086
0.07395747303962708 0.06343802809715271 21.038881301879883
0.07380932569503784 0.06310097873210907 21.41670036315918
0.07547895610332489 0.0646904706954956 21.57697296142578
0.070170558989048 0.05958140641450882 21.17831039428711
0.0728563517332077 0.06250488758087158 20.702930450439453
0.07060152292251587 0.06041643023490906 20.37018394470215
0.06881578266620636 0.05839446932077408 20.842618942260742
0.06863413006067276 0.05864112451672554 19.986013412475586
0.07042878866195679 0.06068728491663933 19.483013153076172
0.0696452185511589 0.05984797328710556 19.594486236572266
0.06932270526885986 0.0594044104218483 19.836585998535156
0.06878206133842468 0.05908018350601196 19.40374755859375
0.06679126620292664 0.056894224137067795 19.79408073425293
0.06423089653253555 0.05421546846628189 20.03084945678711
0.06873468309640884 0.05882357805967331 19.822214126586914
0.06429728865623474 0.054533593356609344 19.52739715576172
0.06639043986797333 0.05666167289018631 19.457530975341797
0.06588760763406754 0.05636324733495712 19.048717498779297
0.06484835594892502 0.05539940297603607 18.897903442382812
0.06488823145627975 0.055434174835681915 18.908117294311523
0.06753000617027283 0.058108437806367874 18.843128204345703
0.06460749357938766 0.055096372961997986 19.022233963012695
0.06623271852731705 0.05651554465293884 19.43434715270996
0.06311668455600739 0.05377979576587677 18.673770904541016
0.06179358810186386 0.05238833650946617 18.810503005981445
0.06550103425979614 0.05621284991502762 18.576364517211914
0.06361774355173111 0.05417463928461075 18.88620948791504
0.06287685036659241 0.05392798036336899 17.897747039794922
0.06046925112605095 0.051303714513778687 18.331073760986328
0.06128371134400368 0.05210146680474281 18.364490509033203
0.06227258965373039 0.05337560921907425 17.793962478637695
0.06287331879138947 0.053911253809928894 17.924129486083984
0.058553095906972885 0.04949554055929184 18.1151123046875
0.06119848042726517 0.05225019156932831 17.896574020385742
0.06019853055477142 0.05127476900815964 17.84752082824707
0.059352777898311615 0.05009926110506058 18.507030487060547
0.06205924600362778 0.053137537091970444 17.843420028686523
0.059010956436395645 0.049999311566352844 18.02328872680664
0.06016821786761284 0.051390714943408966 17.555004119873047
0.06133114919066429 0.05240752547979355 17.847244262695312
0.0602450855076313 0.05140341818332672 17.68333625793457
0.0600082203745842 0.051453039050102234 17.11035919189453
0.05677007511258125 0.048200011253356934 17.140125274658203
0.060365598648786545 0.05156506225466728 17.601072311401367
0.06012465059757233 0.051684122532606125 16.881053924560547
0.058315910398960114 0.04970676451921463 17.218292236328125
0.05887957662343979 0.05018611624836922 17.386920928955078
0.059028346091508865 0.05037326365709305 17.310165405273438
0.05758985877037048 0.049064911901950836 17.04989242553711
0.055866539478302 0.04716047644615173 17.412120819091797
0.05516570433974266 0.04640870913863182 17.513988494873047
0.05849571153521538 0.04971228539943695 17.566852569580078
0.05697409063577652 0.048536501824855804 16.875179290771484
0.05969593673944473 0.0509713850915432 17.449100494384766
0.055634427815675735 0.046837154775857925 17.594547271728516
0.056717291474342346 0.04826799035072327 16.898597717285156
0.056363917887210846 0.047900065779685974 16.927701950073242
0.0550663098692894 0.04666579142212868 16.801040649414062
0.05689608305692673 0.048545416444540024 16.701330184936523
0.055471695959568024 0.047221917659044266 16.499553680419922
0.055070243775844574 0.04697442799806595 16.191631317138672
0.054726019501686096 0.046283356845378876 16.88532829284668
0.0568985715508461 0.04829989746212959 17.197349548339844
0.05622554570436478 0.04767989367246628 17.091304779052734
0.054392073303461075 0.04589240252971649 16.999338150024414
0.05508332699537277 0.04669707268476486 16.772512435913086
0.05327051132917404 0.044503942131996155 17.533140182495117
0.054192133247852325 0.04551268741488457 17.358890533447266
0.05348924919962883 0.0450531542301178 16.872188568115234
0.052687741816043854 0.04384011775255203 17.69525146484375
0.05472063273191452 0.04626563936471939 16.909988403320312
0.052592046558856964 0.044323552399873734 16.5369873046875
0.053993646055459976 0.04567614570260048 16.63500213623047
0.05322125554084778 0.045165710151195526 16.1110897064209
0.055930446833372116 0.047469355165958405 16.922183990478516
0.0547817163169384 0.046508967876434326 16.54549789428711
0.05253371223807335 0.044349055737257004 16.369314193725586
0.05266342684626579 0.04398653656244278 17.35378074645996
0.05318724364042282 0.044121384620666504 18.131717681884766
0.053852297365665436 0.04456909000873566 18.566410064697266
0.05338802933692932 0.04436026141047478 18.0555362701416
0.052862536162137985 0.044287052005529404 17.15096664428711
0.05149928852915764 0.0428856685757637 17.22724151611328
0.052509356290102005 0.04447348415851593 16.071741104125977
0.050828058272600174 0.042367123067379 16.9218692779541
0.05332367494702339 0.04499661922454834 16.654109954833984
0.05434214696288109 0.04611051827669144 16.463254928588867
0.05183316394686699 0.043134357780218124 17.397611618041992
0.0512179397046566 0.042600031942129135 17.23581314086914
0.05004270747303963 0.04096008092164993 18.165252685546875
0.05277836322784424 0.04386099427938461 17.834735870361328
0.05113204941153526 0.042134303599596024 17.995492935180664
0.04995947331190109 0.04118015617132187 17.558629989624023
0.04959217458963394 0.04101920127868652 17.14594268798828
0.053237803280353546 0.044421397149562836 17.632808685302734
0.050613321363925934 0.04243294522166252 16.360748291015625
0.05318768322467804 0.04468017816543579 17.01500701904297
0.05319228768348694 0.0441470742225647 18.090423583984375
0.051064543426036835 0.04197230935096741 18.184463500976562
0.05079762637615204 0.04141329601407051 18.768661499023438
0.050936952233314514 0.04188678413629532 18.100337982177734
0.04973657801747322 0.040737755596637726 17.99764633178711
0.049109965562820435 0.04079502820968628 16.62987518310547
0.05100201442837715 0.04276002198457718 16.483985900878906
0.05136522650718689 0.04342430830001831 15.881837844848633
0.0503624752163887 0.04213007539510727 16.464797973632812
0.04877104610204697 0.040468111634254456 16.60586929321289
0.04958436265587807 0.04082171618938446 17.525291442871094
0.050105709582567215 0.04118787869811058 17.835660934448242
0.046729616820812225 0.03769766539335251 18.06389808654785
0.04879467934370041 0.040022339671850204 17.544673919677734
0.05067148059606552 0.0422619953751564 16.818973541259766
0.04889805614948273 0.04039265960454941 17.01079559326172
0.05111590027809143 0.04305644333362579 16.118915557861328
0.04770704358816147 0.03913510963320732 17.143863677978516
0.04776856675744057 0.03947335481643677 16.590421676635742
0.04730458930134773 0.03877115622162819 17.066865921020508
0.04873482137918472 0.039915554225444794 17.638530731201172
0.05021126568317413 0.04128649830818176 17.849536895751953
0.05081763118505478 0.041854407638311386 17.926443099975586
0.04912983253598213 0.04006083309650421 18.137996673583984
0.04795369505882263 0.03933817148208618 17.23104476928711
0.04898768290877342 0.04033764824271202 17.300065994262695
0.048442989587783813 0.040302835404872894 16.280309677124023
0.04772389680147171 0.039537884294986725 16.372028350830078
0.04846317321062088 0.04040921479463577 16.10791778564453
0.04834291338920593 0.040055565536022186 16.574697494506836
0.04890423268079758 0.04028856009244919 17.231348037719727
0.04853633791208267 0.03976183384656906 17.549007415771484
0.04815005511045456 0.03940927982330322 17.481550216674805
0.049012791365385056 0.04036414995789528 17.29728126525879
0.04668537527322769 0.03802148997783661 17.327774047851562
0.04622359573841095 0.03783416002988815 16.77886962890625
0.04948740452528 0.04097740724682808 17.019996643066406
0.04874681308865547 0.04020768404006958 17.078256607055664
0.05109972134232521 0.04255198687314987 17.095470428466797
0.05073864385485649 0.042243488132953644 16.99030876159668
0.049405280500650406 0.04074763506650925 17.315292358398438
0.04634926840662956 0.03742632269859314 17.845888137817383
0.047259461134672165 0.038292091339826584 17.93474006652832
0.04572373628616333 0.03696444258093834 17.518590927124023
0.046761468052864075 0.03858296945691109 16.356998443603516
0.04620581120252609 0.037562593817710876 17.286434173583984
0.050172191113233566 0.04112168401479721 18.10101318359375
0.047102026641368866 0.038344621658325195 17.514812469482422
0.049205515533685684 0.04085628315806389 16.69846534729004
0.04574262723326683 0.036939460784196854 17.606334686279297
0.0482928603887558 0.039548229426145554 17.489259719848633
0.04740893095731735 0.03904859721660614 16.72066879272461
0.045008495450019836 0.03626874089241028 17.479511260986328
0.04663388058543205 0.03830201178789139 16.66373634338379
0.044707875698804855 0.03606890141963959 17.27794647216797
0.049485281109809875 0.04104848951101303 16.87358283996582
0.047226130962371826 0.038801103830337524 16.850055694580078
0.04681839793920517 0.03792732208967209 17.782146453857422
0.04719304293394089 0.03859858959913254 17.188901901245117
0.04703378304839134 0.03801026567816734 18.04703140258789
0.04651009663939476 0.037519671022892 17.980850219726562
0.04354875907301903 0.03430311754345894 18.491283416748047
0.04673095792531967 0.03808339685201645 17.295120239257812
0.044022638350725174 0.03532545268535614 17.39436912536621
0.04680187627673149 0.03830280900001526 16.99813461303711
0.045312922447919846 0.03674226999282837 17.14130401611328
0.04684574902057648 0.0382314994931221 17.228500366210938
0.045901108533144 0.03745532035827637 16.891576766967773
0.044846564531326294 0.036197587847709656 17.297954559326172
0.04373810440301895 0.03503283113241196 17.41054916381836
0.04572438448667526 0.03698708862066269 17.474594116210938
0.04532242566347122 0.03663218021392822 17.38048553466797
0.04667479544878006 0.038269370794296265 16.81085205078125
0.04711167514324188 0.03857473284006119 17.07388687133789
0.04697179049253464 0.03870474174618721 16.534093856811523
0.045524369925260544 0.03693300858139992 17.182722091674805
0.04507666081190109 0.0365026518702507 17.14801788330078
0.04684899374842644 0.038093190640211105 17.511608123779297
0.04348122701048851 0.03494657203555107 17.069311141967773
0.0472668893635273 0.03837485611438751 17.78406524658203
0.04684343561530113 0.037297047674655914 19.092775344848633
0.0453483872115612 0.03580547496676445 19.0858211517334
0.045656412839889526 0.0365484356880188 18.21595001220703
0.044598355889320374 0.03599739819765091 17.20191192626953
0.04703135788440704 0.03876649588346481 16.529720306396484
0.044380221515893936 0.03582388535141945 17.112668991088867
0.046142566949129105 0.037231430411338806 17.822269439697266
0.04217183589935303 0.03334498777985573 17.653696060180664
0.044429708272218704 0.035301342606544495 18.256729125976562
0.044957131147384644 0.03603995218873024 17.834354400634766
0.045788176357746124 0.03686137869954109 17.853595733642578
0.042901452630758286 0.034257031977176666 17.288843154907227
0.044273607432842255 0.03604479134082794 16.45763397216797
0.044209398329257965 0.03582451492547989 16.76976776123047
0.044867947697639465 0.03645842522382736 16.819046020507812
0.04325200244784355 0.03467635437846184 17.151294708251953
0.045618440955877304 0.036745913326740265 17.74505615234375
0.046503469347953796 0.0376097708940506 17.787395477294922
0.045108795166015625 0.03646785020828247 17.281885147094727
0.0455937534570694 0.03705856576561928 17.070377349853516
0.04477820172905922 0.03615228459239006 17.2518310546875
0.04365731030702591 0.03509760648012161 17.119403839111328
0.04367011785507202 0.03487256541848183 17.59510040283203
0.04345330968499184 0.034757621586322784 17.391374588012695
0.04434218257665634 0.03513891622424126 18.406530380249023
0.04559030383825302 0.03611886128783226 18.942882537841797
0.042456768453121185 0.03358768671751022 17.7381649017334
0.04486424848437309 0.035881951451301575 17.9645938873291
0.04376484826207161 0.03505551069974899 17.418676376342773
0.04346281290054321 0.034618984907865524 17.687658309936523
0.04379745200276375 0.035266585648059845 17.061729431152344
0.04305359348654747 0.03450583666563034 17.09551239013672
0.045171018689870834 0.03655662387609482 17.228788375854492
0.04365939274430275 0.03492669016122818 17.46540641784668
0.04193385690450668 0.032857608050107956 18.15249252319336
0.04617045819759369 0.037307336926460266 17.726238250732422
0.0446629524230957 0.03580031916499138 17.725269317626953
0.043900266289711 0.03539986163377762 17.000804901123047
0.039515864104032516 0.031170960515737534 16.689804077148438
0.04245077818632126 0.03393508121371269 17.03139305114746
0.04287782311439514 0.034329913556575775 17.095821380615234
0.0453031025826931 0.03641052171587944 17.7851619720459
0.04225604236125946 0.033589597791433334 17.332887649536133
0.04485157132148743 0.03602156415581703 17.660015106201172
0.03985033184289932 0.030964555218815804 17.771556854248047
0.04494182765483856 0.036038849502801895 17.805957794189453
0.04277817904949188 0.03416161984205246 17.233116149902344
0.042979273945093155 0.03413413092494011 17.690282821655273
0.042721059173345566 0.03377785533666611 17.88640594482422
0.04341724142432213 0.034276559948921204 18.281362533569336
0.04301983490586281 0.03376775607466698 18.504154205322266
0.04397882521152496 0.03466494381427765 18.627758026123047
0.04364955797791481 0.03396828472614288 19.362546920776367
0.0428951159119606 0.03345179930329323 18.88663101196289
0.04375435411930084 0.03453407436609268 18.440561294555664
0.041594862937927246 0.03296726569533348 17.25519371032715
0.04338109493255615 0.034250445663928986 18.261301040649414
0.042211245745420456 0.03350568562746048 17.411117553710938
0.042743463069200516 0.03410307690501213 17.280773162841797
0.04213298112154007 0.03342569246888161 17.414579391479492
0.04043105989694595 0.03161369264125824 17.634735107421875
0.04198063164949417 0.033069390803575516 17.822477340698242
0.04577713459730148 0.036666274070739746 18.221723556518555
0.04138987883925438 0.03227122500538826 18.237308502197266
0.043798066675662994 0.03439491614699364 18.806303024291992
0.04157164692878723 0.03212539479136467 18.892505645751953
0.04338614642620087 0.03436502814292908 18.042236328125
0.04154794290661812 0.03302673250436783 17.042417526245117
0.04113489016890526 0.03272610530257225 16.817567825317383
0.0414302796125412 0.03244524076581001 17.970075607299805
0.04321521893143654 0.034550029784440994 17.330379486083984
0.04289689660072327 0.03437568247318268 17.042428970336914
0.04256455972790718 0.033388618379831314 18.351879119873047
0.04050733521580696 0.03125695884227753 18.500751495361328
0.04118703678250313 0.0315629318356514 19.248207092285156
0.04129941016435623 0.03168923035264015 19.22035789489746
0.04112119972705841 0.031889528036117554 18.463346481323242
0.04259642958641052 0.033523187041282654 18.146480560302734
0.04181285202503204 0.03312206268310547 17.381580352783203
0.04352501407265663 0.03479976952075958 17.450489044189453
0.04081948846578598 0.031905002892017365 17.82897186279297
0.04226221889257431 0.033314209431409836 17.896018981933594
0.041975803673267365 0.03271341323852539 18.524778366088867
0.04372774437069893 0.0344819501042366 18.491588592529297
0.04443133622407913 0.03484267741441727 19.177318572998047
0.04256642237305641 0.032902635633945465 19.32756996154785
0.041350919753313065 0.032517384737730026 17.66706657409668
0.04255524277687073 0.033364929258823395 18.380626678466797
0.04157305508852005 0.032228682190179825 18.68874168395996
0.04307781904935837 0.033934228122234344 18.287181854248047
0.043420013040304184 0.034550637006759644 17.738750457763672
0.041319865733385086 0.032092686742544174 18.45435905456543
0.041756972670555115 0.032777369022369385 17.95920181274414
0.041253529489040375 0.03206481412053108 18.377431869506836
0.043609533458948135 0.034204430878162384 18.810205459594727
0.04184083268046379 0.032661840319633484 18.357986450195312
0.041923947632312775 0.03281915932893753 18.209571838378906
0.04226190969347954 0.033078379929065704 18.36705780029297
0.03981264680624008 0.030159426853060722 19.306434631347656
0.04142184555530548 0.031809594482183456 19.224498748779297
0.04037870094180107 0.030963480472564697 18.830442428588867
0.03986899182200432 0.030758174136281013 18.221635818481445
0.0411505401134491 0.03192799538373947 18.445087432861328
0.0400758720934391 0.03159797936677933 16.955785751342773
0.04259326681494713 0.033706486225128174 17.773561477661133
0.039631180465221405 0.031109070405364037 17.04422378540039
0.041649118065834045 0.03292600065469742 17.446237564086914
0.04176788404583931 0.03250526636838913 18.52523422241211
0.04327402636408806 0.03380323946475983 18.941572189331055
0.04112091660499573 0.03179941326379776 18.643001556396484
0.04193072393536568 0.03235572576522827 19.14999771118164
0.04238902032375336 0.033055223524570465 18.66759490966797
0.04177141189575195 0.03270365297794342 18.135520935058594
0.04143422096967697 0.03224010020494461 18.388240814208984
0.04053075611591339 0.03165891021490097 17.74368667602539
0.041218351572752 0.032158803194761276 18.119094848632812
0.04032965376973152 0.031273774802684784 18.111759185791016
0.04218949377536774 0.03318304568529129 18.012897491455078
0.04014163464307785 0.030871104449033737 18.541057586669922
0.041635628789663315 0.03206756338477135 19.136131286621094
0.0406901016831398 0.03146729990839958 18.44560432434082
0.04295966774225235 0.0333632156252861 19.192901611328125
0.04148648679256439 0.03199772536754608 18.977521896362305
0.04229700565338135 0.032802216708660126 18.98957633972168
0.04114578291773796 0.03229047358036041 17.710617065429688
0.04319905862212181 0.034137062728405 18.123992919921875
0.039036352187395096 0.029941696673631668 18.18931007385254
0.04035760462284088 0.030976474285125732 18.762258529663086
0.03686070442199707 0.027840105816721916 18.04119300842285
0.04060376435518265 0.03147784620523453 18.251834869384766
0.04122033342719078 0.03276318311691284 16.91429901123047
0.04011237993836403 0.03124268352985382 17.739391326904297
0.039187438786029816 0.030221812427043915 17.931251525878906
0.04021167382597923 0.031364839524030685 17.693668365478516
0.04111912474036217 0.0321919322013855 17.85438346862793
0.03979552164673805 0.030869971960783005 17.85110092163086
0.0418507382273674 0.0325632207095623 18.57503318786621
0.03885127604007721 0.029493626207113266 18.715299606323242
0.03898303583264351 0.029667843133211136 18.630386352539062
0.0399668924510479 0.03095320053398609 18.027381896972656
0.040446724742650986 0.031542547047138214 17.808353424072266
0.041970111429691315 0.03265326842665672 18.633682250976562
0.04182539880275726 0.03290417790412903 17.842443466186523
0.03876989334821701 0.029601413756608963 18.33695411682129
0.03942149877548218 0.030062902718782425 18.71718978881836
0.039509814232587814 0.030403219163417816 18.21318817138672
0.04293077439069748 0.03325103223323822 19.359485626220703
0.040676556527614594 0.031113028526306152 19.12705421447754
0.041435059159994125 0.03206658363342285 18.736949920654297
0.040980640798807144 0.03200821578502655 17.944847106933594
0.039209384471178055 0.030111372470855713 18.196025848388672
0.039281830191612244 0.03027689829468727 18.009862899780273
0.041681062430143356 0.03252100571990013 18.320110321044922
0.04066674783825874 0.03157823532819748 18.17702293395996
0.04059210419654846 0.03146134316921234 18.261524200439453
0.04128902032971382 0.03179202601313591 18.993989944458008
0.04094637557864189 0.03153484687209129 18.823055267333984
0.04097234085202217 0.03173431009054184 18.476058959960938
0.04173959791660309 0.032369762659072876 18.739673614501953
0.04086291044950485 0.03162125125527382 18.483314514160156
0.040595557540655136 0.031040523201227188 19.110065460205078
0.04152544215321541 0.032235287129879 18.580307006835938
0.03899792209267616 0.029765846207737923 18.46415138244629
0.039614468812942505 0.030217602849006653 18.79372787475586
0.04187823832035065 0.03220079839229584 19.354875564575195
0.03855929151177406 0.02907952293753624 18.959537506103516
0.04025312140583992 0.030664615333080292 19.177013397216797
0.03858104720711708 0.0289246067404747 19.312877655029297
0.040305789560079575 0.03076150082051754 19.088577270507812
0.03866945579648018 0.02900604158639908 19.326826095581055
0.03977596014738083 0.030271997675299644 19.00792121887207
0.03783026337623596 0.028837982565164566 17.984561920166016
0.04140873998403549 0.032155267894268036 18.506942749023438
0.03917243704199791 0.030082589015364647 18.1796932220459
0.0404527522623539 0.031160900369286537 18.583702087402344
0.039174847304821014 0.029949091374874115 18.451509475708008
0.03764641284942627 0.02827059105038643 18.751646041870117
0.040105897933244705 0.030561361461877823 19.089073181152344
0.03809632733464241 0.02845008112490177 19.292491912841797
0.0404055118560791 0.030765874311327934 19.27927017211914
0.04138772189617157 0.031711146235466 19.3531494140625
0.03936292976140976 0.02991090714931488 18.904043197631836
0.040362097322940826 0.030791373923420906 19.141448974609375
0.0400758795440197 0.03104865550994873 18.054447174072266
0.04044433310627937 0.03126788139343262 18.352903366088867
0.03874655067920685 0.02953200787305832 18.42908477783203
0.0398811474442482 0.03060830384492874 18.545682907104492
0.0396333746612072 0.02994418516755104 19.37837791442871
0.03907734900712967 0.029251841828227043 19.651016235351562
0.03925038129091263 0.029312260448932648 19.876243591308594
0.03975103795528412 0.029905710369348526 19.690650939941406
0.04001409560441971 0.030667554587125778 18.693078994750977
0.04008091986179352 0.03084333799779415 18.475162506103516
0.03962235525250435 0.030555959790945053 18.13279151916504
0.039003822952508926 0.029947396367788315 18.112850189208984
0.03979423642158508 0.03048938326537609 18.60970115661621
0.038878656923770905 0.029273182153701782 19.210948944091797
0.0394480898976326 0.02960917167365551 19.677839279174805
0.039832741022109985 0.02994735911488533 19.77075958251953
0.03992970660328865 0.030026406049728394 19.806598663330078
0.03828338533639908 0.02875123918056488 19.06429100036621
0.0380823090672493 0.02892390824854374 18.316804885864258
0.04001941531896591 0.03066757135093212 18.703691482543945
0.04011128842830658 0.031127724796533585 17.96712303161621
0.03840988874435425 0.029083332046866417 18.653114318847656
0.03960283100605011 0.030116939917206764 18.97178077697754
0.037137001752853394 0.0273081474006176 19.65770721435547
0.03767121210694313 0.027772992849349976 19.796438217163086
0.03868712857365608 0.029127247631549835 19.119762420654297
0.03847318887710571 0.02910712920129299 18.73212242126465
0.03921259194612503 0.0296744666993618 19.076250076293945
0.03909672051668167 0.02983289584517479 18.527652740478516
0.03999584540724754 0.030579492449760437 18.83270263671875
0.04004545509815216 0.03064517118036747 18.80057144165039
0.03877358138561249 0.029414957389235497 18.717247009277344
0.03744550421833992 0.027997836470603943 18.895336151123047
0.0403752326965332 0.030523493885993958 19.703475952148438
0.03811919689178467 0.028330262750387192 19.577865600585938
0.038967058062553406 0.028979819267988205 19.974472045898438
0.037453100085258484 0.027776438742876053 19.35332489013672
0.03891824558377266 0.02927745133638382 19.28158950805664
0.03842185065150261 0.029172249138355255 18.499202728271484
0.037399400025606155 0.028163205832242966 18.472389221191406
0.03931170701980591 0.029649091884493828 19.325231552124023
0.037310633808374405 0.02801058441400528 18.600099563598633
0.03874281421303749 0.02920103445649147 19.08355712890625
0.039230186492204666 0.029518544673919678 19.423280715942383
0.03923311084508896 0.02962591126561165 19.214393615722656
0.03627890348434448 0.0267324298620224 19.092947006225586
0.03889936953783035 0.02911435067653656 19.57003402709961
0.03547491878271103 0.026233937591314316 18.48196029663086
0.03878292068839073 0.02939024195075035 18.785356521606445
0.03771503269672394 0.028161056339740753 19.107954025268555
0.039063144475221634 0.029761742800474167 18.602800369262695
0.037140943109989166 0.027899637818336487 18.48261260986328
0.03905080631375313 0.029763344675302505 18.574920654296875
0.038132719695568085 0.028859131038188934 18.547176361083984
0.03803418576717377 0.02858588472008705 18.896602630615234
0.037147123366594315 0.027784079313278198 18.726089477539062
0.0368652418255806 0.02727074921131134 19.188987731933594
0.03899981826543808 0.02958972565829754 18.82018280029297
0.03934978321194649 0.02965596690773964 19.387632369995117
0.03745308518409729 0.02794407680630684 19.01801300048828
0.037215810269117355 0.027579333633184433 19.272953033447266
0.03737802430987358 0.028050735592842102 18.654579162597656
0.03800276294350624 0.028542399406433105 18.920726776123047
0.039402082562446594 0.029909919947385788 18.98432731628418
0.041165340691804886 0.03150894492864609 19.31279182434082
0.037913091480731964 0.02837422862648964 19.077722549438477
0.03807183355093002 0.028365865349769592 19.41193199157715
0.03890853002667427 0.02931499108672142 19.18707847595215
0.03802376985549927 0.02852005511522293 19.00743293762207
0.03828034549951553 0.02857431024312973 19.41206932067871
0.03659055009484291 0.026706242933869362 19.768611907958984
0.03799546882510185 0.028684061020612717 18.622814178466797
0.037868890911340714 0.028191693127155304 19.354394912719727
0.03786775469779968 0.028563739731907845 18.608028411865234
0.0380932092666626 0.028826307505369186 18.533798217773438
0.03955559432506561 0.029826201498508453 19.45878028869629
0.0387374684214592 0.029418809339404106 18.637313842773438
0.03649596869945526 0.026861820369958878 19.268299102783203
0.038493335247039795 0.02887362614274025 19.239421844482422
0.04007468745112419 0.03003655932843685 20.076255798339844
0.03710753843188286 0.02732936106622219 19.556354522705078
0.03622005507349968 0.026682738214731216 19.074630737304688
0.03827512636780739 0.02864225208759308 19.265748977661133
0.038040708750486374 0.02859765663743019 18.88610076904297
0.03754207864403725 0.028081707656383514 18.92074203491211
0.03931311145424843 0.029759040102362633 19.108139038085938
0.041117895394563675 0.03178311884403229 18.669551849365234
0.03858240693807602 0.02904876321554184 19.067283630371094
0.03701646625995636 0.027312079444527626 19.408777236938477
0.036868512630462646 0.026762602850794792 20.211820602416992
0.039740510284900665 0.029647625982761383 20.18577003479004
0.037098661065101624 0.027572566643357277 19.05218505859375
0.03745307773351669 0.027778873220086098 19.348403930664062
0.03990250825881958 0.030292950570583344 19.2191162109375
0.038177240639925 0.028602920472621918 19.148639678955078
0.03688107803463936 0.02735251747071743 19.057117462158203
0.03724169358611107 0.027630113065242767 19.223159790039062
0.03833744674921036 0.02872038632631302 19.234115600585938
0.0365416556596756 0.027071401476860046 18.94051170349121
0.03801964968442917 0.02856212668120861 18.915042877197266
0.0381072461605072 0.02859123796224594 19.032012939453125
0.03790685161948204 0.028379831463098526 19.054039001464844
0.036461442708969116 0.027079349383711815 18.764183044433594
0.03828095272183418 0.028575388714671135 19.411128997802734
0.03880181908607483 0.028895892202854156 19.81185531616211
0.03748345375061035 0.027665242552757263 19.63641929626465
0.03598877415060997 0.025814374908804893 20.348798751831055
0.0371430404484272 0.027433842420578003 19.418397903442383
0.037481166422367096 0.027825873345136642 19.310585021972656
0.03757218271493912 0.02773507684469223 19.674213409423828
0.03787698596715927 0.027927756309509277 19.898454666137695
0.03847707062959671 0.028365056961774826 20.224029541015625
0.038999490439891815 0.02891489863395691 20.169178009033203
0.037858836352825165 0.027428027242422104 20.861616134643555
0.03711992874741554 0.027208134531974792 19.823585510253906
0.03776314854621887 0.027956221252679825 19.613849639892578
0.03545166552066803 0.026060432195663452 18.78246307373047
0.03928612917661667 0.02988613396883011 18.79999351501465
0.03877372294664383 0.02908036671578884 19.38671112060547
0.039615124464035034 0.02977752313017845 19.67519760131836
0.03878658264875412 0.028929540887475014 19.714082717895508
0.037882208824157715 0.028362462297081947 19.03948974609375
0.03781088441610336 0.02815624326467514 19.309280395507812
0.037354253232479095 0.027342457324266434 20.02359390258789
0.03924291953444481 0.02930479682981968 19.876243591308594
0.03784510865807533 0.02831347845494747 19.063257217407227
0.035014502704143524 0.025127295404672623 19.774417877197266
0.03792451694607735 0.027893539518117905 20.061954498291016
0.037663139402866364 0.0274923425167799 20.341588973999023
0.03761476278305054 0.027477499097585678 20.274524688720703
0.03717480227351189 0.02714032307267189 20.068960189819336
0.038351841270923615 0.028370678424835205 19.962322235107422
0.03753061965107918 0.027430549263954163 20.20014190673828
0.03614571690559387 0.02579721063375473 20.69700813293457
0.037730585783720016 0.027674097567796707 20.11297607421875
0.03701705485582352 0.026917554438114166 20.19899559020996
0.03631407395005226 0.02638889104127884 19.850364685058594
0.037450797855854034 0.027343424037098885 20.214744567871094
0.03528644144535065 0.025309138000011444 19.954601287841797
0.038766562938690186 0.02873828634619713 20.056550979614258
0.038924671709537506 0.029249485582113266 19.35036849975586
0.0406218022108078 0.03068012371659279 19.88335418701172
0.038939546793699265 0.02930614724755287 19.266796112060547
0.03657401353120804 0.026843633502721786 19.46076011657715
0.037432961165905 0.027974653989076614 18.91661262512207
0.038561366498470306 0.02877674251794815 19.56924819946289
0.03891701251268387 0.029069814831018448 19.69439697265625
0.03669912740588188 0.026877934113144875 19.642383575439453
0.03855176270008087 0.028761111199855804 19.5813045501709
0.0357806496322155 0.026096396148204803 19.36850357055664
0.035567864775657654 0.025729374960064888 19.67697525024414
0.03583359345793724 0.02614155225455761 19.38408088684082
0.03696146234869957 0.027089249342679977 19.744422912597656
0.03594269976019859 0.02627677097916603 19.33185577392578
0.03744962066411972 0.027274299412965775 20.350637435913086
0.03662673756480217 0.026755549013614655 19.742374420166016
0.03755437582731247 0.027464937418699265 20.178874969482422
0.03668951988220215 0.027106301859021187 19.16643524169922
0.03663978725671768 0.026608731597661972 20.062110900878906
0.03813924267888069 0.02839968353509903 19.47911834716797
0.038657065480947495 0.02900639921426773 19.301332473754883
0.03887155279517174 0.028865661472082138 20.01177978515625
0.03745439648628235 0.027458596974611282 19.991600036621094
0.03646969422698021 0.026309087872505188 20.321208953857422
0.039503563195466995 0.029328305274248123 20.350515365600586
0.03906186297535896 0.029134951531887054 19.853822708129883
0.03682844340801239 0.026836145669221878 19.98459815979004
0.03418216109275818 0.024609047919511795 19.146228790283203
0.03794090449810028 0.028177298605442047 19.527210235595703
0.03807105869054794 0.028592169284820557 18.957778930664062
0.038702741265296936 0.02927296981215477 18.85954475402832
0.03843819722533226 0.028591973707079887 19.692447662353516
0.03749869391322136 0.027217458933591843 20.562471389770508
0.03765758126974106 0.02737758308649063 20.55999183654785
0.035861458629369736 0.025611618533730507 20.499679565429688
0.036978863179683685 0.026598472148180008 20.76077651977539
0.036800041794776917 0.026957381516695023 19.685321807861328
0.037706408649683 0.028092697262763977 19.227420806884766
0.03699750453233719 0.027338501065969467 19.318004608154297
0.037720341235399246 0.02781170979142189 19.817262649536133
0.03752635791897774 0.0278022438287735 19.448225021362305
0.03808082640171051 0.028052598237991333 20.05645751953125
0.03863665089011192 0.028678035363554955 19.9172306060791
0.03792993351817131 0.02741924673318863 21.02136993408203
0.03610833361744881 0.02555200457572937 21.11265754699707
0.03781058266758919 0.027302104979753494 21.016952514648438
0.03778690844774246 0.027433201670646667 20.707416534423828
0.0408388152718544 0.030847987160086632 19.98165512084961
0.03770842030644417 0.027988392859697342 19.440052032470703
0.036402612924575806 0.026707299053668976 19.390623092651367
0.03719260171055794 0.027149930596351624 20.085342407226562
0.03574877232313156 0.026160506531596184 19.17653465270996
0.03646870329976082 0.02641243115067482 20.112545013427734
0.036907121539115906 0.02671624720096588 20.381744384765625
0.03530042991042137 0.02558199316263199 19.436870574951172
0.0369410514831543 0.027078142389655113 19.725818634033203
0.03635544702410698 0.026568658649921417 19.57357406616211
0.03654364496469498 0.02687993273139 19.32742691040039
0.0384790301322937 0.02852996066212654 19.89813995361328
0.035555578768253326 0.025589806959033012 19.93154525756836
0.03703742101788521 0.027394764125347137 19.285310745239258
0.03574666753411293 0.02597910352051258 19.53512954711914
0.03530918061733246 0.02511679008603096 20.384784698486328
0.03674571216106415 0.02666739746928215 20.156627655029297
0.03757259622216225 0.027465447783470154 20.214298248291016
0.03569922596216202 0.025766804814338684 19.864837646484375
0.03627076372504234 0.02655898407101631 19.42355728149414
0.033088404685258865 0.022973572835326195 20.229663848876953
0.0366690456867218 0.026684049516916275 19.969993591308594
0.03660697489976883 0.026444967836141586 20.32400894165039
0.03746180981397629 0.027560729533433914 19.802162170410156
0.0337245836853981 0.023849643766880035 19.7498779296875
0.03592671453952789 0.0258804839104414 20.09246253967285
0.03640926629304886 0.02640834078192711 20.001848220825195
0.036476366221904755 0.02644369751214981 20.06533432006836
0.03671903535723686 0.02648322656750679 20.47161865234375
0.0363156795501709 0.026454847306013107 19.721664428710938
0.03695283830165863 0.027335233986377716 19.235206604003906
0.0346696563065052 0.02527027204632759 18.79876708984375
0.03917859494686127 0.029153231531381607 20.05072593688965
0.03757847100496292 0.027746452018618584 19.66404151916504
0.036832571029663086 0.02705405279994011 19.557037353515625
0.03751184791326523 0.027367766946554184 20.288158416748047
0.03612295538187027 0.026104003190994263 20.03790283203125
0.03471362963318825 0.024833664298057556 19.759931564331055
0.03532850369811058 0.025504201650619507 19.648601531982422
0.03678945451974869 0.027094341814517975 19.390220642089844
0.035760946571826935 0.02599298395216465 19.535921096801758
0.03528673201799393 0.025457710027694702 19.65804100036621
0.03658098727464676 0.02668193355202675 19.79810905456543
0.03708449751138687 0.027231397107243538 19.70620346069336
0.035662565380334854 0.025735344737768173 19.854440689086914
0.03648888319730759 0.026287173852324486 20.40341567993164
0.0352727547287941 0.02535320073366165 19.839107513427734
0.0359320305287838 0.026038002222776413 19.788055419921875
0.03561801835894585 0.025919023901224136 19.397987365722656
0.035104647278785706 0.025419319048523903 19.37065887451172
0.03684506565332413 0.02706640213727951 19.557323455810547
0.038185302168130875 0.028035271912813187 20.30006217956543
0.036793455481529236 0.026531122624874115 20.524660110473633
0.0375790148973465 0.027526723220944405 20.10457992553711
0.03790853172540665 0.028072139248251915 19.672780990600586
0.03697436675429344 0.026919003576040268 20.110727310180664
0.03666011616587639 0.026879649609327316 19.560932159423828
0.035665661096572876 0.026166260242462158 18.998802185058594
0.036617863923311234 0.027199672535061836 18.836381912231445
0.03542114794254303 0.025417137891054153 20.00801658630371
0.03610141947865486 0.0258672796189785 20.468280792236328
0.035139717161655426 0.025263629853725433 19.752178192138672
0.036623526364564896 0.02627101168036461 20.705028533935547
0.03472133353352547 0.024743465706706047 19.955732345581055
0.037894174456596375 0.02813216671347618 19.524017333984375
0.03648638352751732 0.026948843151330948 19.0750789642334
0.03799154609441757 0.02798631601035595 20.01046371459961
0.03552430123090744 0.025936128571629524 19.17634391784668
0.03764459490776062 0.028011152520775795 19.266887664794922
0.035896748304367065 0.02593286521732807 19.92776870727539
0.03746672347187996 0.02756793424487114 19.797574996948242
0.03604543209075928 0.026014268398284912 20.06232452392578
0.035330962389707565 0.025027425959706306 20.607070922851562
0.034662555903196335 0.024761050939559937 19.803009033203125
0.037176452577114105 0.026759542524814606 20.833818435668945
0.03627645969390869 0.026397831737995148 19.75725555419922
0.03690016269683838 0.02657083421945572 20.658653259277344
0.03819261118769646 0.027673233300447464 21.038753509521484
0.03574752435088158 0.02586306631565094 19.7689151763916
0.036268413066864014 0.026215285062789917 20.106250762939453
0.0368669293820858 0.026638153940439224 20.457550048828125
0.035039640963077545 0.024886466562747955 20.306350708007812
0.03490703925490379 0.024818401783704758 20.17727279663086
0.034044310450553894 0.02403409779071808 20.020423889160156
0.0376950204372406 0.02726433053612709 20.861377716064453
0.034939829260110855 0.024676168337464333 20.52732276916504
0.03572087734937668 0.025539036840200424 20.363676071166992
0.036410219967365265 0.02628367766737938 20.253087997436523
0.034649964421987534 0.02480347454547882 19.692977905273438
0.03520730882883072 0.025463394820690155 19.487823486328125
0.03532049432396889 0.02526003122329712 20.120927810668945
0.0352783203125 0.025378860533237457 19.79891586303711
0.03627122938632965 0.026389509439468384 19.763439178466797
0.03659458085894585 0.0267438143491745 19.701534271240234
0.034745194017887115 0.024914590641856194 19.66120147705078
0.03633918985724449 0.02609911933541298 20.48014259338379
0.03673707693815231 0.026748856529593468 19.976442337036133
0.03785470128059387 0.027780160307884216 20.149076461791992
0.03602530434727669 0.026399124413728714 19.25235939025879
0.03474997729063034 0.02489597722887993 19.70800018310547
0.03612544387578964 0.025786608457565308 20.677669525146484
0.035899825394153595 0.02559763193130493 20.604385375976562
0.034951891750097275 0.0247336495667696 20.436481475830078
0.03718879073858261 0.027012992650270462 20.351593017578125
0.036693546921014786 0.026453454047441483 20.480186462402344
0.03860114514827728 0.027842681854963303 21.516921997070312
0.038367751985788345 0.027444809675216675 21.845884323120117
0.034520551562309265 0.023947350680828094 21.14640235900879
0.035729967057704926 0.025045396760106087 21.369136810302734
0.03571534529328346 0.025608597323298454 20.21349334716797
0.03652510046958923 0.025989346206188202 21.071508407592773
0.0376753956079483 0.02794143185019493 19.46792221069336
0.03518616408109665 0.0249618012458086 20.448728561401367
0.036484017968177795 0.02672894485294819 19.510147094726562
0.03682304918766022 0.026039443910121918 21.567211151123047
0.035018887370824814 0.024668576195836067 20.700620651245117
0.03522408381104469 0.024771856144070625 20.904457092285156
0.037440039217472076 0.027032237499952316 20.815603256225586
0.033268269151449203 0.023095399141311646 20.345741271972656
0.03523712977766991 0.025263220071792603 19.947818756103516
0.03524702414870262 0.02524689771234989 20.00025177001953
0.03587981313467026 0.025892917066812515 19.97379493713379
0.03553573042154312 0.02564055472612381 19.79034996032715
0.03374849259853363 0.023937661200761795 19.621658325195312
0.03682656213641167 0.02669239602982998 20.268329620361328
0.03560705482959747 0.025424044579267502 20.36602020263672
0.03427331894636154 0.024467580020427704 19.61147689819336
0.03588549792766571 0.025748681277036667 20.273635864257812
0.03740138188004494 0.027246449142694473 20.30986213684082
0.03365279361605644 0.02339586243033409 20.51386260986328
0.03492432460188866 0.024886593222618103 20.075462341308594
0.03617936745285988 0.026381129398941994 19.59647560119629
0.03693133592605591 0.02696569450199604 19.931285858154297
0.03398231789469719 0.0241423100233078 19.68001365661621
0.03554626554250717 0.026003723964095116 19.0850830078125
0.0339454747736454 0.02403266355395317 19.825620651245117
0.03478370979428291 0.024895187467336655 19.77704429626465
0.03571251407265663 0.025840865448117256 19.743297576904297
0.03515010327100754 0.025017041712999344 20.26612663269043
0.03509274125099182 0.02495613694190979 20.273204803466797
0.037482962012290955 0.02730427123606205 20.357379913330078
0.035047583281993866 0.025028999894857407 20.037168502807617
0.0358152836561203 0.025580430403351784 20.469703674316406
0.034806884825229645 0.024856742471456528 19.900283813476562
0.035531945526599884 0.025453394278883934 20.1571044921875
0.03620018810033798 0.02641144208610058 19.57748794555664
0.03651865944266319 0.02670177072286606 19.633773803710938
0.03662099689245224 0.02666800282895565 19.905982971191406
0.0352184996008873 0.02548086643218994 19.475261688232422
0.03404131531715393 0.024208227172493935 19.666175842285156
0.03505820408463478 0.025401216000318527 19.31397247314453
0.034375131130218506 0.024396874010562897 19.956510543823242
0.03565370291471481 0.025619663298130035 20.068077087402344
0.035363513976335526 0.02515772543847561 20.411577224731445
0.03583630174398422 0.02577050030231476 20.13159942626953
0.035419341176748276 0.025198768824338913 20.44114112854004
0.03444604575634003 0.024227432906627655 20.437225341796875
0.03643373027443886 0.026371613144874573 20.124235153198242
0.03387448936700821 0.024026472121477127 19.69603729248047
0.03405578061938286 0.024370254948735237 19.371051788330078
0.03468141332268715 0.024727700278162956 19.90742301940918
0.035210371017456055 0.02519780583679676 20.025127410888672
0.03311546891927719 0.023082870990037918 20.065196990966797
0.03594198077917099 0.025809040293097496 20.265880584716797
0.034534137696027756 0.02425255998969078 20.563152313232422
0.034001026302576065 0.023792430758476257 20.417190551757812
0.036524564027786255 0.02635720744729042 20.334712982177734
0.03716195374727249 0.027075637131929398 20.17263412475586
0.035407159477472305 0.025542035698890686 19.730247497558594
0.035810407251119614 0.025855299085378647 19.91021728515625
0.03542741388082504 0.025547834113240242 19.759157180786133
0.03391098603606224 0.02395414561033249 19.913677215576172
0.03531321510672569 0.025561779737472534 19.502872467041016
0.03473738208413124 0.024903584271669388 19.6675968170166
0.0329616442322731 0.022889524698257446 20.144237518310547
0.034773487597703934 0.02443881332874298 20.669349670410156
0.03431551530957222 0.024243352934718132 20.14432144165039
0.032656583935022354 0.022708499804139137 19.896167755126953
0.03396039828658104 0.023972162976861 19.976470947265625
0.03372478857636452 0.02368520013988018 20.07917594909668
0.03466855734586716 0.02452910877764225 20.278898239135742
0.03293070197105408 0.02333042211830616 19.200563430786133
0.033918917179107666 0.023932920768857002 19.971996307373047
0.0338418111205101 0.02407824620604515 19.52712631225586
0.034410614520311356 0.0248249638825655 19.171302795410156
0.03503156453371048 0.024952638894319534 20.157848358154297
0.03277937322854996 0.022789984941482544 19.978775024414062
0.03593843802809715 0.02566932514309883 20.538225173950195
0.03533448651432991 0.02524646744132042 20.176036834716797
0.034897372126579285 0.02453693374991417 20.72087860107422
0.03544466942548752 0.025141987949609756 20.605365753173828
0.035480864346027374 0.025399047881364822 20.163633346557617
0.03497497737407684 0.024701856076717377 20.546241760253906
0.03489409759640694 0.024925367906689644 19.93745994567871
0.035499557852745056 0.025432616472244263 20.13388442993164
0.03483238071203232 0.024850919842720032 19.96292495727539
0.03622036799788475 0.025923490524291992 20.593751907348633
0.03467576578259468 0.0244869627058506 20.377605438232422
0.0352584570646286 0.02495470643043518 20.607498168945312
0.03438394516706467 0.02455931529402733 19.649255752563477
0.035863086581230164 0.02579689770936966 20.132381439208984
0.03368108719587326 0.023805765435099602 19.750642776489258
0.03466976061463356 0.02460460364818573 20.130311965942383
0.0337582603096962 0.02387349307537079 19.76953125
0.037477850914001465 0.02715614065527916 20.643421173095703
0.035828717052936554 0.025433439761400223 20.79055404663086
0.03633967041969299 0.026204854249954224 20.269630432128906
0.035332005470991135 0.0251845121383667 20.294986724853516
0.033487241715192795 0.02318529784679413 20.603885650634766
0.0331895649433136 0.023008326068520546 20.362476348876953
0.034556955099105835 0.024446725845336914 20.220458984375
0.03449569642543793 0.024106081575155258 20.779232025146484
0.0344390794634819 0.024172721430659294 20.53271484375
0.03652045875787735 0.026143120601773262 20.754676818847656
0.034323230385780334 0.02434200793504715 19.962448120117188
0.034891437739133835 0.024670381098985672 20.44211196899414
0.03322547674179077 0.023659050464630127 19.132848739624023
0.035312458872795105 0.02542276307940483 19.77939224243164
0.033562228083610535 0.023806696757674217 19.511062622070312
0.034535881131887436 0.02450861595571041 20.054529190063477
0.034441396594047546 0.024506818503141403 19.869152069091797
0.035135120153427124 0.025035422295331955 20.19939422607422
0.034427400678396225 0.024136345833539963 20.582111358642578
0.03377613425254822 0.023757699877023697 20.0368709564209
0.0354173481464386 0.025405827909708023 20.02303695678711
0.034472960978746414 0.02446604147553444 20.013839721679688
0.034325797110795975 0.02424006536602974 20.17146110534668
0.033745620399713516 0.024106711149215698 19.27781867980957
0.03390476852655411 0.024017974734306335 19.773584365844727
0.03487874194979668 0.024515710771083832 20.726062774658203
0.035011500120162964 0.024688713252544403 20.645570755004883
0.034675490111112595 0.024312367662787437 20.726242065429688
0.03525524586439133 0.024758433923125267 20.993623733520508
0.033131424337625504 0.02278512716293335 20.69259262084961
0.03452248498797417 0.024279940873384476 20.485084533691406
0.03702465444803238 0.026024535298347473 22.000232696533203
0.03337753936648369 0.023015450686216354 20.72417449951172
0.03401818871498108 0.023476887494325638 21.082597732543945
0.03645646572113037 0.026215413585305214 20.48210334777832
0.034397631883621216 0.024173151701688766 20.448959350585938
0.03343212977051735 0.02339107356965542 20.082109451293945
0.03326157480478287 0.02293124794960022 20.6606502532959
0.03463370352983475 0.0246364064514637 19.994590759277344
0.03370586410164833 0.02371319755911827 19.985332489013672
0.03231598064303398 0.02251315861940384 19.60564422607422
0.03419842571020126 0.02443462237715721 19.527603149414062
0.03418920934200287 0.024134233593940735 20.109949111938477
0.0349300391972065 0.025041773915290833 19.776531219482422
0.03432309627532959 0.02448618784546852 19.673818588256836
0.0336732417345047 0.023952454328536987 19.441570281982422
0.033742524683475494 0.02383788488805294 19.809280395507812
0.033003613352775574 0.022990116849541664 20.026992797851562
0.03331548720598221 0.02305142767727375 20.528121948242188
0.034576933830976486 0.024615615606307983 19.92263412475586
0.035722799599170685 0.025813028216362 19.819543838500977
0.03445470705628395 0.02412273734807968 20.663938522338867
0.03535863384604454 0.02467677742242813 21.363712310791016
0.0361853763461113 0.02573462575674057 20.901500701904297
0.035414449870586395 0.02472354657948017 21.38180923461914
0.03314710780978203 0.0224606916308403 21.37282943725586
0.03457701951265335 0.023933079093694687 21.28788185119629
0.03383302688598633 0.023180436342954636 21.30517578125
0.03483230248093605 0.02433740347623825 20.98979949951172
0.03425243869423866 0.024235736578702927 20.033405303955078
0.03261605650186539 0.022841233760118484 19.54964828491211
0.033292025327682495 0.023149337619543076 20.28537368774414
0.03464086353778839 0.024373512715101242 20.534696578979492
0.03285248577594757 0.023114681243896484 19.47561264038086
0.03281603381037712 0.022835951298475266 19.96016502380371
0.03142820671200752 0.021751955151557922 19.35250473022461
0.034220680594444275 0.024657923728227615 19.125511169433594
0.036092258989810944 0.025978252291679382 20.228015899658203
0.03415703400969505 0.024280454963445663 19.753156661987305
0.03308078646659851 0.02334609627723694 19.469375610351562
0.03459586575627327 0.024519070982933044 20.153589248657227
0.034478478133678436 0.0246261116117239 19.704736709594727
0.03304100036621094 0.023100733757019043 19.880535125732422
0.0316895917057991 0.02165645733475685 20.066265106201172
0.03435409814119339 0.024390412494540215 19.9273681640625
0.036294661462306976 0.025777066126465797 21.03519058227539
0.032513558864593506 0.022187702357769012 20.65171241760254
0.03243513032793999 0.022261764854192734 20.346731185913086
0.03361868858337402 0.023368317633867264 20.500743865966797
0.03381108492612839 0.023585764691233635 20.450641632080078
0.035104118287563324 0.024896828457713127 20.41457748413086
0.034770239144563675 0.024757908657193184 20.024662017822266
0.03357619419693947 0.023236751556396484 20.67888641357422
0.034610316157341 0.02449883706867695 20.22295570373535
0.034071169793605804 0.023719225078821182 20.703889846801758
0.03538736701011658 0.02560514211654663 19.56444549560547
0.03455277159810066 0.02466174215078354 19.78205680847168
0.03434685245156288 0.02401815354824066 20.657398223876953
0.034008510410785675 0.023988544940948486 20.03993034362793
0.036636292934417725 0.026628458872437477 20.015670776367188
0.03443363308906555 0.024182673543691635 20.501914978027344
0.03485335782170296 0.024675119668245316 20.356477737426758
0.03423897922039032 0.024235956370830536 20.00604248046875
0.03401724994182587 0.02373272180557251 20.56905746459961
0.03455699607729912 0.024250488728284836 20.61301612854004
0.03431832790374756 0.02423259988427162 20.171459197998047
0.034048113971948624 0.02397049218416214 20.155244827270508
0.03498133271932602 0.024866346269845963 20.229969024658203
0.034110017120838165 0.023669123649597168 20.881786346435547
0.03211009129881859 0.022162772715091705 19.894638061523438
0.0336148664355278 0.023469125851988792 20.291481018066406
0.03455418348312378 0.024460026994347572 20.188310623168945
0.03342483937740326 0.023292141035199165 20.265399932861328
0.035706691443920135 0.025043563917279243 21.326255798339844
0.03359092026948929 0.023046180605888367 21.089481353759766
0.03391476720571518 0.0234747976064682 20.879940032958984
0.033370669931173325 0.02287755161523819 20.986236572265625
0.034601788967847824 0.02441135048866272 20.380874633789062
0.034010328352451324 0.023670222610235214 20.680213928222656
0.035466134548187256 0.02543627843260765 20.059711456298828
0.032796263694763184 0.022685084491968155 20.222354888916016
0.03307126462459564 0.02318054623901844 19.78143882751465
0.032479166984558105 0.02231905609369278 20.32021713256836
0.034862928092479706 0.024520108476281166 20.68563461303711
0.033779725432395935 0.02353435941040516 20.490726470947266
0.03421729803085327 0.02390037477016449 20.63385009765625
0.03524978458881378 0.025007382035255432 20.484806060791016
0.03238106146454811 0.022110922262072563 20.54027557373047
0.034118738025426865 0.023798689246177673 20.640098571777344
0.033437274396419525 0.023289933800697327 20.294675827026367
0.03214487060904503 0.02173730731010437 20.815128326416016
0.033502865582704544 0.02324814163148403 20.509449005126953
0.03206147626042366 0.022116750478744507 19.889450073242188
0.03322189673781395 0.02325153909623623 19.940711975097656
0.036079041659832 0.025694532319903374 20.769014358520508
0.03319317474961281 0.02335042878985405 19.68549156188965
0.031923726201057434 0.02179795131087303 20.25155258178711
0.03340893238782883 0.023318493738770485 20.180871963500977
0.03411942347884178 0.023901086300611496 20.43667221069336
0.0325484499335289 0.022617259994149208 19.862380981445312
0.034250251948833466 0.0245303213596344 19.439861297607422
0.031910672783851624 0.02233664132654667 19.1480655670166
0.032325584441423416 0.022703438997268677 19.24428939819336
0.03251432999968529 0.02275574952363968 19.51715850830078
0.03606133162975311 0.02604760229587555 20.027454376220703
0.03444843366742134 0.024450957775115967 19.994953155517578
0.03459828719496727 0.02468946948647499 19.8176326751709
0.03416307270526886 0.023964233696460724 20.397676467895508
0.032596126198768616 0.022656865417957306 19.878520965576172
0.03435726836323738 0.023889243602752686 20.936050415039062
0.03457549959421158 0.023940935730934143 21.26913070678711
0.034243106842041016 0.023446282371878624 21.593647003173828
