0.18579557538032532 0.18502235412597656 1.5464351177215576
0.1722828447818756 0.17163099348545074 1.3037042617797852
0.16647084057331085 0.16566027700901031 1.6211183071136475
0.16005070507526398 0.159076988697052 1.947434425354004
0.15308167040348053 0.15201151371002197 2.1403207778930664
0.15097805857658386 0.1495843231678009 2.787466287612915
0.1427069753408432 0.1411048173904419 3.2043230533599854
0.13784220814704895 0.13593585789203644 3.8127007484436035
0.13314083218574524 0.13098523020744324 4.311215877532959
0.12767651677131653 0.12523381412029266 4.885395050048828
0.12418322265148163 0.12123540788888931 5.895625591278076
0.11751171946525574 0.11429600417613983 6.431423664093018
0.11132188886404037 0.10777066648006439 7.102440357208252
0.10699477791786194 0.10307556390762329 7.838421821594238
0.10489486902952194 0.10055375099182129 8.682235717773438
0.10301695019006729 0.0980077013373375 10.018503189086914
0.09263215959072113 0.08741556853055954 10.433176040649414
0.09531276673078537 0.08948475122451782 11.656034469604492
0.08866613358259201 0.08263759315013885 12.05708122253418
0.07913362234830856 0.07282531261444092 12.616615295410156
0.07837765663862228 0.07166504859924316 13.425210952758789
0.08116298168897629 0.07392708957195282 14.471778869628906
0.07389803975820541 0.06669830530881882 14.399465560913086
0.07993511855602264 0.07238343358039856 15.103363037109375
0.07527570426464081 0.06777236610651016 15.006668090820312
0.07259386032819748 0.06486452370882034 15.458669662475586
0.07129093259572983 0.06368377804756165 15.214311599731445
0.06983456015586853 0.06199147179722786 15.686171531677246
0.06943127512931824 0.06161746755242348 15.627609252929688
0.06530759483575821 0.05767926573753357 15.256660461425781
0.0645487904548645 0.057266488671302795 14.56460952758789
0.06623618304729462 0.0589476153254509 14.577131271362305
0.06241440773010254 0.05540832504630089 14.012163162231445
0.06693102419376373 0.05968321114778519 14.495621681213379
0.06514585018157959 0.05807855352759361 14.134597778320312
0.06573265045881271 0.05882593244314194 13.813435554504395
0.06348756700754166 0.05675116181373596 13.472807884216309
0.062412284314632416 0.05583541840314865 13.153728485107422
0.06523638963699341 0.058657433837652206 13.157917022705078
0.06058642640709877 0.053811267018318176 13.55031967163086
0.06159801408648491 0.055142659693956375 12.910711288452148
0.060250695794820786 0.05362970754504204 13.24197769165039
0.06162300705909729 0.05499252676963806 13.260960578918457
0.0593973733484745 0.052737653255462646 13.319442749023438
0.06151636689901352 0.05484369769692421 13.345335960388184
0.06165154278278351 0.05494948476552963 13.404111862182617
0.05981601029634476 0.05294979736208916 13.732423782348633
0.05830831080675125 0.05146323889493942 13.690145492553711
0.057735100388526917 0.05102331191301346 13.423575401306152
0.06243737414479256 0.055972129106521606 12.930492401123047
0.05939657986164093 0.05301245301961899 12.768253326416016
0.059652745723724365 0.05306851491332054 13.168464660644531
0.05814976245164871 0.05173598602414131 12.82755184173584
0.05953818932175636 0.05333466827869415 12.407041549682617
0.06047751381993294 0.054130006581544876 12.695016860961914
0.05593569204211235 0.04963449388742447 12.602394104003906
0.05884954705834389 0.052836302667856216 12.0264892578125
0.05860712379217148 0.05256020277738571 12.093843460083008
0.057955335825681686 0.05195546895265579 11.999730110168457
0.05727705731987953 0.0514201819896698 11.713748931884766
0.05656273663043976 0.050669942051172256 11.785587310791016
0.057828985154628754 0.05193948373198509 11.779003143310547
0.0542924702167511 0.04828261584043503 12.019704818725586
0.05800031125545502 0.05205659568309784 11.887433052062988
0.0553775280714035 0.04947758466005325 11.79988956451416
0.055232372134923935 0.04924231767654419 11.980106353759766
0.054260119795799255 0.04824725538492203 12.025728225708008
0.058206506073474884 0.05238337814807892 11.646255493164062
0.056269533932209015 0.050352104008197784 11.834859848022461
0.05585671588778496 0.05006135255098343 11.590728759765625
0.0551600344479084 0.04934238642454147 11.635296821594238
0.05529756098985672 0.04944075644016266 11.71361255645752
0.055385515093803406 0.04954780638217926 11.675416946411133
0.05362895131111145 0.047863006591796875 11.531885147094727
0.05635616555809975 0.05090361833572388 10.905094146728516
0.05297016724944115 0.04732164740562439 11.297039031982422
0.05510943382978439 0.04972897469997406 10.760915756225586
0.05490197613835335 0.049413617700338364 10.976716041564941
0.05748969316482544 0.05220382660627365 10.57172966003418
0.05451100319623947 0.04899410158395767 11.033805847167969
0.05466548353433609 0.04929625242948532 10.738458633422852
0.05514108017086983 0.04987369477748871 10.534768104553223
0.05452348291873932 0.04901914298534393 11.008683204650879
0.05685296654701233 0.051425494253635406 10.854940414428711
0.05360348895192146 0.048149846494197845 10.907282829284668
0.05653330683708191 0.05112769454717636 10.811223983764648
0.0543588325381279 0.04901561141014099 10.686437606811523
0.05247512832283974 0.04700664430856705 10.936970710754395
0.05530593544244766 0.04990031570196152 10.811235427856445
0.05390596389770508 0.04858013242483139 10.651659965515137
0.05230913311243057 0.04691547527909279 10.787313461303711
0.05451217666268349 0.049110233783721924 10.803884506225586
0.05400887504220009 0.04872417449951172 10.569403648376465
0.056389257311820984 0.05107802897691727 10.622455596923828
0.05359013378620148 0.04829930514097214 10.581656455993652
0.05544838681817055 0.0502089262008667 10.478922843933105
0.05504767969250679 0.0497504398226738 10.594477653503418
0.05321546643972397 0.04785749688744545 10.715934753417969
0.051447879523038864 0.04610958695411682 10.676584243774414
0.05349590629339218 0.048032741993665695 10.926328659057617
0.05114972963929176 0.045653074979782104 10.993311882019043
0.053090181201696396 0.04767949506640434 10.821372032165527
0.05292683467268944 0.04749707132577896 10.859524726867676
0.05162031203508377 0.046128012239933014 10.984602928161621
0.051494624465703964 0.046048860996961594 10.891525268554688
0.05117687210440636 0.045761071145534515 10.831599235534668
0.051602162420749664 0.046184904873371124 10.834516525268555
0.04816627502441406 0.042700447142124176 10.931657791137695
0.051077332347631454 0.04570573940873146 10.743186950683594
0.0537581630051136 0.04839413985610008 10.728044509887695
0.050978176295757294 0.04561241716146469 10.731517791748047
0.0526907779276371 0.047160305082798004 11.060943603515625
0.05077354237437248 0.045282214879989624 10.982656478881836
0.05071253702044487 0.045165352523326874 11.094369888305664
0.05428978055715561 0.0486421138048172 11.295334815979004
0.04819779098033905 0.04253039136528969 11.334802627563477
0.05444658175110817 0.04889940470457077 11.094350814819336
0.05022796243429184 0.04458422586321831 11.28747272491455
0.04769112914800644 0.0420680046081543 11.246248245239258
0.05087457597255707 0.04533131420612335 11.08652114868164
0.04999057203531265 0.04446464776992798 11.051850318908691
0.049769945442676544 0.04423843324184418 11.06302261352539
0.0504034087061882 0.044878870248794556 11.049078941345215
0.05069611221551895 0.04520697891712189 10.978263854980469
0.04658791050314903 0.04096787050366402 11.24007797241211
0.04939907044172287 0.0439179465174675 10.96224594116211
0.047344986349344254 0.0418182909488678 11.053391456604004
0.04985645413398743 0.04440571740269661 10.901470184326172
0.05311637744307518 0.047488242387771606 11.256269454956055
0.050007227808237076 0.04441182687878609 11.190800666809082
0.04731230437755585 0.04166363179683685 11.297342300415039
0.050605423748493195 0.044925518333911896 11.359813690185547
0.050408728420734406 0.04484783113002777 11.121793746948242
0.04808684438467026 0.04230649024248123 11.560711860656738
0.04842838644981384 0.04263874143362045 11.579288482666016
0.04807257652282715 0.042335107922554016 11.474935531616211
0.04675768315792084 0.04103931412100792 11.436739921569824
0.04525754973292351 0.03956072777509689 11.393644332885742
0.0489237941801548 0.04322976619005203 11.388054847717285
0.047455839812755585 0.041833408176898956 11.244865417480469
0.046871352940797806 0.04130994528532028 11.122814178466797
0.04543289169669151 0.03976818919181824 11.32940673828125
0.049178529530763626 0.04365018010139465 11.056695938110352
0.04522689804434776 0.039451420307159424 11.550951957702637
0.04488425701856613 0.039167411625385284 11.433692932128906
0.04624975472688675 0.040528554469347 11.442401885986328
0.04553644359111786 0.03972204774618149 11.628790855407715
0.04694351926445961 0.04102209210395813 11.842852592468262
0.04786372557282448 0.04197685793042183 11.773733139038086
0.046490855515003204 0.04056868329644203 11.84434700012207
0.047272708266973495 0.04140997305512428 11.725471496582031
0.04833105206489563 0.042537059634923935 11.587984085083008
0.047169607132673264 0.04129558429121971 11.748046875
0.05006922781467438 0.04436861723661423 11.401216506958008
0.0442621074616909 0.03853810578584671 11.448005676269531
0.046066850423812866 0.040223635733127594 11.686427116394043
0.04628512263298035 0.04049050062894821 11.589242935180664
0.04587354511022568 0.04007081314921379 11.605463027954102
0.04551294445991516 0.039649173617362976 11.7275390625
0.043879732489585876 0.0379418320953846 11.875800132751465
0.04754737764596939 0.04150828346610069 12.078189849853516
0.04760707542300224 0.041610248386859894 11.99365234375
0.04653365910053253 0.040550876408815384 11.965560913085938
0.04444675147533417 0.03840804845094681 12.077407836914062
0.04611002653837204 0.0400293730199337 12.161306381225586
0.04616795852780342 0.040169257670640945 11.99740219116211
0.04671859368681908 0.0406964011490345 12.044386863708496
0.0441783182322979 0.03817608952522278 12.004459381103516
0.04335008189082146 0.037397198379039764 11.905765533447266
0.04461967945098877 0.03868483006954193 11.869698524475098
0.04531969130039215 0.03943808376789093 11.763214111328125
0.044806934893131256 0.03889276087284088 11.828344345092773
0.044482313096523285 0.03838120773434639 12.20220947265625
0.045404691249132156 0.039378486573696136 12.052408218383789
0.043912217020988464 0.037694722414016724 12.434985160827637
0.04534076899290085 0.039135485887527466 12.410569190979004
0.046860743314027786 0.04063849896192551 12.444486618041992
0.0446992851793766 0.03841777518391609 12.563021659851074
0.04280289262533188 0.036664701998233795 12.276384353637695
0.04361628741025925 0.03745365887880325 12.325252532958984
0.0435304269194603 0.03732147067785263 12.4179105758667
0.044785380363464355 0.03871680051088333 12.137155532836914
0.04343158379197121 0.037310175597667694 12.242818832397461
0.04296065866947174 0.036872364580631256 12.176587104797363
0.04314681887626648 0.03703039512038231 12.232843399047852
0.04375031962990761 0.03771974891424179 12.061141967773438
0.04401516541838646 0.037853240966796875 12.323848724365234
0.04099748656153679 0.03497259318828583 12.049787521362305
0.044617220759391785 0.03860343247652054 12.027576446533203
0.04063309729099274 0.03455213084816933 12.161935806274414
0.04109697788953781 0.03496285900473595 12.268234252929688
0.0418095663189888 0.035700395703315735 12.218342781066895
0.04485761374235153 0.03891155123710632 11.89212703704834
0.04641847312450409 0.04051745682954788 11.802032470703125
0.04167403653264046 0.03570015728473663 11.947760581970215
0.045317091047763824 0.03938235342502594 11.869473457336426
0.04411942884325981 0.038202326744794846 11.834206581115723
0.04228035360574722 0.03619146719574928 12.177772521972656
0.04129772260785103 0.03519649803638458 12.202445983886719
0.04364402964711189 0.03751722723245621 12.253604888916016
0.04379314184188843 0.03768322616815567 12.219827651977539
0.043127819895744324 0.03692781552672386 12.400007247924805
0.043795112520456314 0.03756820410490036 12.453817367553711
0.04289495572447777 0.03653288260102272 12.72414779663086
0.043952494859695435 0.037670351564884186 12.564289093017578
0.04099494591355324 0.034614160656929016 12.76157283782959
0.04298076033592224 0.036624521017074585 12.712480545043945
0.042650967836380005 0.03645296394824982 12.396007537841797
0.04080389067530632 0.03454451262950897 12.518755912780762
0.044739730656147 0.03856811672449112 12.343225479125977
0.040917523205280304 0.034703172743320465 12.428702354431152
0.04075132682919502 0.03481726348400116 11.868125915527344
0.041340187191963196 0.03532569110393524 12.0289945602417
0.041796084493398666 0.03569534048438072 12.201486587524414
0.04358041286468506 0.037525005638599396 12.11081600189209
0.04375460743904114 0.03778531402349472 11.938584327697754
0.0413566492497921 0.03533210605382919 12.04908561706543
0.04166892170906067 0.03557582199573517 12.186196327209473
0.043341346085071564 0.03714242950081825 12.397832870483398
0.040933623909950256 0.03457747399806976 12.712297439575195
0.04104919359087944 0.034771498292684555 12.55539321899414
0.04167058318853378 0.03539799898862839 12.545171737670898
0.03895969316363335 0.03274893760681152 12.421510696411133
0.04290204867720604 0.036674074828624725 12.45594596862793
0.04271227866411209 0.03648262843489647 12.459299087524414
0.04210711270570755 0.03582407161593437 12.566080093383789
0.04172435775399208 0.035422272980213165 12.604167938232422
0.0413578562438488 0.03516695648431778 12.381795883178711
0.03945138677954674 0.03317268565297127 12.557398796081543
0.042764484882354736 0.03641396015882492 12.7010498046875
0.03997243195772171 0.03368628770112991 12.572284698486328
0.04057002067565918 0.034287482500076294 12.565073013305664
0.040268514305353165 0.03417203202843666 12.192964553833008
0.04289325699210167 0.03674943745136261 12.287640571594238
0.04089254513382912 0.034942615777254105 11.899860382080078
0.03836103156208992 0.03238307312130928 11.955913543701172
0.039052702486515045 0.033106204122304916 11.89299201965332
0.0397820807993412 0.033752165734767914 12.05982780456543
0.04034266248345375 0.034298125654459 12.089071273803711
0.04048290476202965 0.034438230097293854 12.089351654052734
0.041240446269512177 0.03509828448295593 12.284322738647461
0.04045737534761429 0.03412022441625595 12.674297332763672
0.03747598081827164 0.031020276248455048 12.911405563354492
0.0388888455927372 0.03250604122877121 12.765605926513672
0.039264410734176636 0.032938674092292786 12.651474952697754
0.041274022310972214 0.03491830825805664 12.711427688598633
0.03935203328728676 0.033067379146814346 12.569304466247559
0.04044440761208534 0.034057386219501495 12.774042129516602
0.03900438919663429 0.032714374363422394 12.580028533935547
0.03827514499425888 0.03195713832974434 12.636012077331543
0.04004938527941704 0.033708177506923676 12.682417869567871
0.04036902263760567 0.03411415219306946 12.509742736816406
0.042954809963703156 0.03672485426068306 12.459907531738281
0.038656085729599 0.03232468292117119 12.66280460357666
0.038881320506334305 0.03252582997083664 12.710979461669922
0.04057609289884567 0.03417811542749405 12.795954704284668
0.03971986472606659 0.03339691460132599 12.64590072631836
0.038737084716558456 0.03239006549119949 12.694036483764648
0.037037674337625504 0.03071194514632225 12.65145492553711
0.039240919053554535 0.032922063022851944 12.637715339660645
0.036846935749053955 0.030562154948711395 12.569557189941406
0.038078829646110535 0.0319623127579689 12.233030319213867
0.04124864563345909 0.035131096839904785 12.235099792480469
0.038821205496788025 0.03266435116529465 12.313704490661621
0.03862522915005684 0.03237539902329445 12.499656677246094
0.036837149411439896 0.030487660318613052 12.698974609375
0.03948560357093811 0.033175744116306305 12.619720458984375
0.03830951079726219 0.03195413574576378 12.710750579833984
0.03856737166643143 0.032150864601135254 12.833012580871582
0.04006262868642807 0.033783119171857834 12.559014320373535
0.03871304541826248 0.03240390866994858 12.618271827697754
0.03964381664991379 0.03328583389520645 12.715967178344727
0.040323834866285324 0.034074410796165466 12.498849868774414
0.03790401667356491 0.0315885990858078 12.630834579467773
0.04032623767852783 0.0340672992169857 12.517877578735352
0.03920897841453552 0.032947931438684464 12.522096633911133
0.03885265439748764 0.03246554732322693 12.774209976196289
0.03679721802473068 0.030381575226783752 12.831281661987305
0.038792144507169724 0.03214392066001892 13.296443939208984
0.03716644272208214 0.030681872740387917 12.969141006469727
0.03710431605577469 0.030569225549697876 13.07017707824707
0.039032191038131714 0.032606273889541626 12.851835250854492
0.03763926029205322 0.03122444823384285 12.829625129699707
0.03833507373929024 0.03200308233499527 12.663979530334473
0.036333609372377396 0.03000592440366745 12.655366897583008
0.03809066116809845 0.03170698136091232 12.767354965209961
0.03845691308379173 0.03223155438899994 12.450716972351074
0.036628324538469315 0.030273832380771637 12.708984375
0.03818894177675247 0.03172314167022705 12.931595802307129
0.03799442574381828 0.0315566211938858 12.875605583190918
0.03822530806064606 0.031765177845954895 12.920260429382324
0.036322757601737976 0.029810085892677307 13.025341987609863
0.03777293488383293 0.03135833144187927 12.829206466674805
0.03927137330174446 0.03291493281722069 12.712882995605469
0.03738696500658989 0.030992016196250916 12.789896011352539
0.0398111492395401 0.033476606011390686 12.669089317321777
0.03826567530632019 0.03194914758205414 12.633051872253418
0.03702177479863167 0.030505983158946037 13.03158187866211
0.03923751041293144 0.03276067227125168 12.953675270080566
0.036815252155065536 0.0301801934838295 13.270118713378906
0.03956414386630058 0.03332236409187317 12.483556747436523
0.03662433475255966 0.03012624755501747 12.996175765991211
0.03749486431479454 0.03093709796667099 13.115531921386719
0.0365411676466465 0.03002937324345112 13.023589134216309
0.0380881130695343 0.03142903372645378 13.318157196044922
0.03853684663772583 0.03205344080924988 12.966808319091797
0.03822964429855347 0.03162049502134323 13.218297958374023
0.03922250494360924 0.03260572627186775 13.233555793762207
0.03700196370482445 0.030357955023646355 13.288017272949219
0.03620271757245064 0.02955447882413864 13.29647445678711
0.036329541355371475 0.029694074764847755 13.27093505859375
0.03718651831150055 0.030658842995762825 13.055351257324219
0.036678388714790344 0.030170585960149765 13.015604019165039
0.03759247064590454 0.031133975833654404 12.916986465454102
0.03637601435184479 0.02981417439877987 13.123678207397461
0.03649890422821045 0.029949957504868507 13.097890853881836
0.03958016633987427 0.03299272805452347 13.174877166748047
0.03833848983049393 0.031910430639982224 12.856114387512207
0.035427168011665344 0.0288527924567461 13.148754119873047
0.03767780959606171 0.03120431676506996 12.946982383728027
0.036009788513183594 0.0295761339366436 12.8673095703125
0.03584810346364975 0.02947078086435795 12.754643440246582
0.03973344713449478 0.03345151245594025 12.563865661621094
0.03755933418869972 0.031314097344875336 12.490474700927734
0.03838618844747543 0.032120123505592346 12.532133102416992
0.036496877670288086 0.030272144824266434 12.449468612670898
0.03749487176537514 0.031243588775396347 12.502565383911133
0.03550806641578674 0.02915896661579609 12.698202133178711
0.037636809051036835 0.03127402067184448 12.725578308105469
0.03728112950921059 0.031033771112561226 12.49471664428711
0.03765656799077988 0.031253792345523834 12.805547714233398
0.03731216862797737 0.030902879312634468 12.818578720092773
0.0374152809381485 0.030974507331848145 12.88154411315918
0.03646159917116165 0.030077632516622543 12.767936706542969
0.03501090779900551 0.028502199798822403 13.017416000366211
0.038809917867183685 0.03224244713783264 13.13493824005127
0.036143090575933456 0.029496245086193085 13.293689727783203
0.03684080392122269 0.030230272561311722 13.221065521240234
0.035029392689466476 0.028485234826803207 13.088315963745117
0.03667716309428215 0.030065223574638367 13.223880767822266
0.039468973875045776 0.03298170119524002 12.97454833984375
0.03563974052667618 0.029117703437805176 13.044075012207031
0.035626377910375595 0.02920917421579361 12.834406852722168
0.036695659160614014 0.030283760279417038 12.8237943649292
0.036571063101291656 0.030138641595840454 12.86484146118164
0.03743882477283478 0.030860085040330887 13.157478332519531
0.03657008707523346 0.030039291828870773 13.061589241027832
0.03656186908483505 0.02996027283370495 13.203192710876465
0.03726733475923538 0.030571868643164635 13.390934944152832
0.03624352440237999 0.029728857800364494 13.029333114624023
0.035302579402923584 0.028686881065368652 13.231391906738281
0.03715062513947487 0.03055403381586075 13.193181991577148
0.036483559757471085 0.02995208278298378 13.062950134277344
0.037106916308403015 0.030687762424349785 12.838308334350586
0.03532327339053154 0.028818024322390556 13.010499954223633
0.03634895011782646 0.029829885810613632 13.038129806518555
0.035928767174482346 0.029330238699913025 13.197053909301758
0.03633452206850052 0.029832404106855392 13.004234313964844
0.034979261457920074 0.028378907591104507 13.200704574584961
0.03703666105866432 0.030501579865813255 13.070158958435059
0.03954063728451729 0.03276672214269638 13.547831535339355
0.0358554907143116 0.02905109152197838 13.608800888061523
0.03698289766907692 0.030264640226960182 13.436515808105469
0.03700887784361839 0.030458511784672737 13.100728988647461
0.03361612930893898 0.027145711705088615 12.94083309173584
0.0350731685757637 0.028361888602375984 13.422555923461914
0.03550790622830391 0.028964251279830933 13.087309837341309
0.037186816334724426 0.030601661652326584 13.170310974121094
0.036708764731884 0.03019631840288639 13.024889945983887
0.03606436401605606 0.02962460368871689 12.87951946258545
0.03807421773672104 0.031489647924900055 13.169140815734863
0.03571391850709915 0.029149631038308144 13.12857437133789
0.0354083813726902 0.028902510181069374 13.011741638183594
0.03757191076874733 0.031031126156449318 13.081567764282227
0.03695538267493248 0.030278056859970093 13.35465145111084
0.0371631421148777 0.030506473034620285 13.313337326049805
0.03576381504535675 0.02939087525010109 12.745882034301758
0.037073761224746704 0.03070356696844101 12.740386962890625
0.03451855480670929 0.02801475301384926 13.00760269165039
0.0362926684319973 0.02974136918783188 13.102599143981934
0.033009275794029236 0.026586923748254776 12.844707489013672
0.036787133663892746 0.03022543154656887 13.123403549194336
0.036404989659786224 0.02971082553267479 13.388326644897461
0.03616764023900032 0.02953120693564415 13.272867202758789
0.03299115225672722 0.02625906839966774 13.464166641235352
0.0372195839881897 0.030554305762052536 13.330558776855469
0.036633748561143875 0.030015334486961365 13.236827850341797
0.03460710868239403 0.02799036167562008 13.233491897583008
0.03679663687944412 0.030100461095571518 13.39234733581543
0.03696800023317337 0.030251357704401016 13.433281898498535
0.03491905704140663 0.028318893164396286 13.200326919555664
0.03596770018339157 0.029226068407297134 13.48326301574707
0.037645913660526276 0.030935367569327354 13.421090126037598
0.03779313713312149 0.031007591634988785 13.571094512939453
0.03601131588220596 0.029304062947630882 13.414505004882812
0.0363069511950016 0.02966151013970375 13.290884017944336
0.03572258725762367 0.029045116156339645 13.354942321777344
0.03598468750715256 0.029380464926362038 13.208441734313965
0.03572183474898338 0.02908850647509098 13.266656875610352
0.03611002862453461 0.02941678836941719 13.386480331420898
0.03550289198756218 0.029005277901887894 12.995229721069336
0.03516159951686859 0.02843693271279335 13.449333190917969
0.033792559057474136 0.027026964351534843 13.531187057495117
0.03474905714392662 0.027873020619153976 13.752073287963867
0.03582700341939926 0.02918093651533127 13.292130470275879
0.03433448076248169 0.027551736682653427 13.565485000610352
0.034573353826999664 0.02783047780394554 13.485748291015625
0.034556202590465546 0.02781158685684204 13.489233016967773
0.03483135253190994 0.028287727385759354 13.087249755859375
0.03480611741542816 0.028285253793001175 13.041723251342773
0.03571715205907822 0.029204685240983963 13.024930953979492
0.036321818828582764 0.029650304466485977 13.343025207519531
0.03543992340564728 0.02892201952636242 13.035804748535156
0.0360737070441246 0.029578646644949913 12.990123748779297
0.03643840551376343 0.02960660308599472 13.663607597351074
0.03584615886211395 0.02894100919365883 13.810296058654785
0.034807827323675156 0.028053998947143555 13.50765609741211
0.035767026245594025 0.028926292434334755 13.681467056274414
0.03291959688067436 0.02623111754655838 13.376960754394531
0.033665698021650314 0.02691490203142166 13.501588821411133
0.03737088292837143 0.030710820108652115 13.320127487182617
0.031455688178539276 0.024940412491559982 13.030550003051758
0.03782303258776665 0.031179558485746384 13.286947250366211
0.03493024781346321 0.02852577716112137 12.808938980102539
0.03289927914738655 0.02630564197897911 13.187271118164062
0.03524971380829811 0.02859528362751007 13.308862686157227
0.03340023756027222 0.026812631636857986 13.175209045410156
0.03450273349881172 0.027830742299556732 13.34398365020752
0.03600773960351944 0.02926371619105339 13.488049507141113
0.03836871311068535 0.03163234144449234 13.472740173339844
0.035814069211483 0.029151001945137978 13.326129913330078
0.03574191406369209 0.02912130020558834 13.241225242614746
0.034586530178785324 0.027883626520633698 13.405807495117188
0.03470230847597122 0.028074447065591812 13.255722045898438
0.03326064720749855 0.026563910767436028 13.393474578857422
0.03480455279350281 0.028271129354834557 13.066843032836914
0.03415326029062271 0.027670854702591896 12.964808464050293
0.03228902071714401 0.0257157813757658 13.146480560302734
0.033713698387145996 0.027148321270942688 13.130756378173828
0.032642945647239685 0.02603602409362793 13.21384048461914
0.03553144261240959 0.028910145163536072 13.242593765258789
0.036413032561540604 0.02978374995291233 13.258563995361328
0.03510462865233421 0.028401227667927742 13.406803131103516
0.03514678031206131 0.02837994322180748 13.533674240112305
0.035146839916706085 0.028503883630037308 13.28591537475586
0.03488556295633316 0.028067443519830704 13.636238098144531
0.035516172647476196 0.028799084946513176 13.434176445007324
0.032855596393346786 0.02622748166322708 13.2562255859375
0.03452686220407486 0.027956243604421616 13.141239166259766
0.03501204028725624 0.02843530662357807 13.15346908569336
0.0333087295293808 0.026639424264431 13.338613510131836
0.03479963168501854 0.02816898375749588 13.261295318603516
0.03320195898413658 0.02657730132341385 13.249312400817871
0.03475463390350342 0.028018122538924217 13.4730224609375
0.03403991833329201 0.027156271040439606 13.767291069030762
0.03668731078505516 0.030055765062570572 13.263090133666992
0.035449594259262085 0.02869226410984993 13.51466178894043
0.035380274057388306 0.02863873541355133 13.483074188232422
0.03294653072953224 0.02624167874455452 13.409703254699707
0.03533055633306503 0.02870195545256138 13.2572021484375
0.03525713458657265 0.028629153966903687 13.255962371826172
0.03405027091503143 0.027502313256263733 13.095916748046875
0.03430148959159851 0.02771892584860325 13.16512680053711
0.037534989416599274 0.030945198610424995 13.179581642150879
0.0320524200797081 0.02536516822874546 13.374499320983887
0.03451238572597504 0.027818549424409866 13.387674331665039
0.03457412123680115 0.02792588248848915 13.296476364135742
0.033741679042577744 0.027112457901239395 13.258440017700195
0.03312278166413307 0.026379192247986794 13.487176895141602
0.03514531999826431 0.02855394035577774 13.182758331298828
0.03552953153848648 0.028908636420965195 13.241791725158691
0.03396046161651611 0.027274448424577713 13.372024536132812
0.03258295729756355 0.026027781888842583 13.110352516174316
0.035139311105012894 0.028660401701927185 12.957817077636719
0.032074157148599625 0.025508426129817963 13.131462097167969
0.033848561346530914 0.027274463325738907 13.148192405700684
0.03194556385278702 0.025173407047986984 13.5443115234375
0.033580392599105835 0.026723774150013924 13.713234901428223
0.03451519086956978 0.02769296243786812 13.644453048706055
0.03439320996403694 0.027550388127565384 13.685644149780273
0.035874444991350174 0.02907685749232769 13.595174789428711
0.033113032579422 0.026381416246294975 13.463231086730957
0.032906197011470795 0.02623026818037033 13.351860046386719
0.03501877188682556 0.028225839138031006 13.585864067077637
0.031984392553567886 0.02527979388833046 13.409196853637695
0.03560665622353554 0.028934607282280922 13.344095230102539
0.03543153032660484 0.028717340901494026 13.428380012512207
0.03357322886586189 0.026816565543413162 13.513327598571777
0.03388217091560364 0.027201257646083832 13.361822128295898
0.03291460871696472 0.02622131258249283 13.386589050292969
0.035094697028398514 0.02840019389986992 13.389005661010742
0.034300170838832855 0.02747862972319126 13.643082618713379
0.032822392880916595 0.02614181488752365 13.361152648925781
0.03401987999677658 0.027309374883770943 13.421010971069336
0.0346633642911911 0.02797647751867771 13.373774528503418
0.03520740941166878 0.028426969423890114 13.560881614685059
0.03320091590285301 0.026451677083969116 13.498476028442383
0.03652506321668625 0.029716510325670242 13.61710262298584
0.03246691823005676 0.025649486109614372 13.634864807128906
0.033741507679224014 0.027039891108870506 13.403231620788574
0.0325656495988369 0.025826003402471542 13.479294776916504
0.03461490571498871 0.02777715213596821 13.675506591796875
0.034779295325279236 0.028150204569101334 13.258176803588867
0.03332659974694252 0.02677326835691929 13.10666275024414
0.03240300714969635 0.025763489305973053 13.279033660888672
0.03420290723443031 0.02754589170217514 13.314031600952148
0.03455054759979248 0.027955012395977974 13.19106674194336
0.03484911471605301 0.028270145878195763 13.157939910888672
0.033478379249572754 0.02679205685853958 13.372642517089844
0.03445432707667351 0.027766631916165352 13.375391006469727
0.03275538980960846 0.026039548218250275 13.431682586669922
0.03462612256407738 0.027885397896170616 13.481451034545898
0.033896248787641525 0.027233248576521873 13.32600212097168
0.032818883657455444 0.026099415495991707 13.438932418823242
0.03241463378071785 0.026026111096143723 12.777044296264648
0.03293932229280472 0.026466038078069687 12.946565628051758
0.0326940156519413 0.02617996744811535 13.028094291687012
0.03333797678351402 0.026691723614931107 13.292505264282227
0.034449636936187744 0.02784380316734314 13.211665153503418
0.031702954322099686 0.025097250938415527 13.211404800415039
0.03311321884393692 0.02659553661942482 13.03536319732666
0.035452380776405334 0.02888927049934864 13.12622356414795
0.03407560661435127 0.02742621675133705 13.298782348632812
0.03551552817225456 0.029006928205490112 13.017199516296387
0.033895961940288544 0.027208080515265465 13.375762939453125
0.03179864212870598 0.024890294298529625 13.816694259643555
0.033064987510442734 0.02629813738167286 13.533702850341797
0.03293704241514206 0.026125753298401833 13.622573852539062
0.0322006493806839 0.02525714784860611 13.887001991271973
0.032468345016241074 0.02547098696231842 13.994712829589844
0.03244330734014511 0.02537347562611103 14.139660835266113
0.03547867015004158 0.028334662318229675 14.288017272949219
0.031142331659793854 0.0241585411131382 13.96757984161377
0.032066650688648224 0.025067225098609924 13.998848915100098
0.033037759363651276 0.026033218950033188 14.009078979492188
0.03187453746795654 0.02501877024769783 13.711535453796387
0.03342238813638687 0.026551663875579834 13.741449356079102
0.031092094257473946 0.024389665573835373 13.404857635498047
0.03362501040101051 0.026903165504336357 13.44369125366211
0.033383309841156006 0.02663772739470005 13.491165161132812
0.03350593149662018 0.02693289704620838 13.14607048034668
0.0343095064163208 0.027648326009511948 13.32236099243164
0.03387652337551117 0.02721204049885273 13.328964233398438
0.03238552808761597 0.025795431807637215 13.180193901062012
0.03550808131694794 0.02878418006002903 13.447797775268555
0.03297528252005577 0.02628244459629059 13.385673522949219
0.03248750790953636 0.0258445143699646 13.285988807678223
0.035810038447380066 0.029218332841992378 13.18341064453125
0.03161559998989105 0.02514531835913658 12.94056510925293
0.03402305021882057 0.02750261500477791 13.040872573852539
0.03212221339344978 0.02553926408290863 13.16589641571045
0.03237970918416977 0.025789059698581696 13.18129825592041
0.03210431709885597 0.025491852313280106 13.22492790222168
0.0319729782640934 0.025354094803333282 13.23776626586914
0.0310358889400959 0.024475453421473503 13.120869636535645
0.0325821153819561 0.025756295770406723 13.651640892028809
0.034057971090078354 0.027219710871577263 13.676517486572266
0.03333231434226036 0.026474729180336 13.715169906616211
0.033278413116931915 0.026448264718055725 13.660292625427246
0.031001724302768707 0.024331267923116684 13.340909957885742
0.03367441147565842 0.026890981942415237 13.566858291625977
0.03292645141482353 0.02616211771965027 13.528665542602539
0.03408939391374588 0.02726181223988533 13.65516471862793
0.034417785704135895 0.027700185775756836 13.435197830200195
0.03248707577586174 0.025700632482767105 13.572883605957031
0.03262484073638916 0.025863107293844223 13.523468017578125
0.030664395540952682 0.024088239297270775 13.152313232421875
0.03251059353351593 0.025804128497838974 13.412925720214844
0.033257510513067245 0.02644824981689453 13.618522644042969
0.033576466143131256 0.02684500813484192 13.462911605834961
0.03242446854710579 0.02568180486559868 13.485329627990723
0.03142217546701431 0.02461986616253853 13.6046142578125
0.03268616646528244 0.02602260932326317 13.327116966247559
0.03300381824374199 0.026323813945055008 13.36000919342041
0.031429968774318695 0.024811070412397385 13.237799644470215
0.03216784447431564 0.02554180845618248 13.252073287963867
0.032409459352493286 0.025595473125576973 13.627971649169922
0.034029293805360794 0.02702149748802185 14.015594482421875
0.03331371024250984 0.02648187428712845 13.663673400878906
0.033026132732629776 0.02610434591770172 13.843570709228516
0.03196052461862564 0.025045307353138924 13.830434799194336
0.03315054252743721 0.026295021176338196 13.711040496826172
0.035054516047239304 0.028276896104216576 13.555238723754883
0.032877761870622635 0.02612779662013054 13.499929428100586
0.03249702975153923 0.025835508480668068 13.323040008544922
0.031239021569490433 0.02482461929321289 12.828804969787598
0.0322546511888504 0.025640331208705902 13.228636741638184
0.03331872075796127 0.026713833212852478 13.209772109985352
0.03255067393183708 0.02589469775557518 13.311949729919434
0.031949155032634735 0.0253011342138052 13.296037673950195
0.03272998332977295 0.02578289806842804 13.894170761108398
0.03316159546375275 0.026332257315516472 13.658679008483887
0.03388280048966408 0.02684766799211502 14.070262908935547
0.03337432071566582 0.026469506323337555 13.80963134765625
0.029886964708566666 0.022977614775300026 13.81869888305664
0.03195358067750931 0.025056783109903336 13.793598175048828
0.031238028779625893 0.02443561889231205 13.604818344116211
0.03213077411055565 0.02533743716776371 13.586671829223633
0.030633162707090378 0.023788806051015854 13.688714981079102
0.03395108878612518 0.027104225009679794 13.69372844696045
0.033855874091386795 0.027041437104344368 13.62887191772461
0.03292830288410187 0.025843052193522453 14.170499801635742
0.03195728361606598 0.0250069759786129 13.900611877441406
0.03189750760793686 0.025107648223638535 13.579719543457031
0.031761761754751205 0.024793319404125214 13.936884880065918
0.031219590455293655 0.024391982704401016 13.655214309692383
0.03169542923569679 0.024872558191418648 13.645740509033203
0.03318532928824425 0.02635788917541504 13.654878616333008
0.03244802728295326 0.02549171634018421 13.912622451782227
0.03284110873937607 0.02600390650331974 13.674406051635742
0.03158649057149887 0.02482340671122074 13.526166915893555
0.03132692724466324 0.0244937501847744 13.666351318359375
0.03305324912071228 0.026217062026262283 13.67237377166748
0.03212026506662369 0.02537345513701439 13.493619918823242
0.030620858073234558 0.02394852414727211 13.3446683883667
0.034794777631759644 0.027911728248000145 13.766101837158203
0.031472232192754745 0.024644892662763596 13.654677391052246
0.032397691160440445 0.025773895904421806 13.247587203979492
0.034207265824079514 0.02735559083521366 13.703348159790039
0.03321278467774391 0.0265005175024271 13.42453670501709
0.0328763984143734 0.02616824023425579 13.416313171386719
0.03266044333577156 0.025835830718278885 13.649221420288086
0.029983270913362503 0.023105202242732048 13.756134986877441
0.03155504912137985 0.024625834077596664 13.85843276977539
0.03192264586687088 0.025043044239282608 13.759202003479004
0.033878665417432785 0.026799138635396957 14.159050941467285
0.03314937651157379 0.025970255956053734 14.35823917388916
0.031145691871643066 0.024336829781532288 13.617725372314453
0.031059298664331436 0.024073969572782516 13.970658302307129
0.031660739332437515 0.024798404425382614 13.724666595458984
0.033453308045864105 0.02663183957338333 13.642938613891602
0.03108282946050167 0.024220332503318787 13.724992752075195
0.030283302068710327 0.023633336648344994 13.299932479858398
0.03178932145237923 0.024988098070025444 13.602447509765625
0.032428398728370667 0.025711454451084137 13.433887481689453
0.03262130543589592 0.02587299235165119 13.496628761291504
0.032356809824705124 0.025787120684981346 13.139379501342773
0.031825337558984756 0.025316085666418076 13.018505096435547
0.03301304578781128 0.02631252259016037 13.401047706604004
0.03264089673757553 0.025914862751960754 13.452068328857422
0.030566737055778503 0.02402278035879135 13.087910652160645
0.03213036432862282 0.025458773598074913 13.343177795410156
0.033110927790403366 0.026534950360655785 13.151951789855957
0.02996634505689144 0.023429911583662033 13.07286548614502
0.0321459099650383 0.02563651278614998 13.018793106079102
0.031881000846624374 0.025380101054906845 13.001798629760742
0.033028990030288696 0.02645287662744522 13.152225494384766
0.03246380388736725 0.025741979479789734 13.443645477294922
0.030874714255332947 0.024112634360790253 13.524160385131836
0.031196998432278633 0.02459653839468956 13.200918197631836
0.03304276242852211 0.02606894075870514 13.947639465332031
0.030136460438370705 0.023396138101816177 13.480645179748535
0.031190164387226105 0.024310454726219177 13.759418487548828
0.032469648867845535 0.025772016495466232 13.395263671875
0.029462452977895737 0.022720225155353546 13.484456062316895
0.03142934665083885 0.02473434805870056 13.389999389648438
0.03201639652252197 0.025359317660331726 13.314154624938965
0.03219178318977356 0.025292769074440002 13.798028945922852
0.03188741207122803 0.024913303554058075 13.948213577270508
0.03301197290420532 0.026026709005236626 13.970529556274414
0.032568324357271194 0.025537580251693726 14.061487197875977
0.03251964971423149 0.025636546313762665 13.766206741333008
0.030909724533557892 0.024003557860851288 13.812331199645996
0.029225600883364677 0.02231903001666069 13.813139915466309
0.031447626650333405 0.024581411853432655 13.732429504394531
0.0322267971932888 0.025402896106243134 13.64780044555664
0.0337798148393631 0.026893306523561478 13.773015975952148
0.032966483384370804 0.02608748897910118 13.757987976074219
0.0331595242023468 0.02635691687464714 13.605216979980469
0.032294463366270065 0.02539421245455742 13.80050277709961
0.03244251757860184 0.02563917450606823 13.60668659210205
0.03130117058753967 0.024486232548952103 13.629875183105469
0.03327313810586929 0.02658848650753498 13.369298934936523
0.030374959111213684 0.0236471239477396 13.455667495727539
0.032017774879932404 0.025262072682380676 13.51140022277832
0.030608803033828735 0.023802563548088074 13.612480163574219
0.030547577887773514 0.0238739475607872 13.347261428833008
0.03265228867530823 0.025666648522019386 13.971281051635742
0.03318597748875618 0.0263880155980587 13.595922470092773
0.03240980952978134 0.02565256878733635 13.514480590820312
0.031757596880197525 0.025048576295375824 13.418038368225098
0.032345984131097794 0.025932036340236664 12.827898025512695
0.031087268143892288 0.024374322965741158 13.425891876220703
0.03201086446642876 0.025293495506048203 13.434734344482422
0.032854627817869186 0.026220720261335373 13.267812728881836
0.03191627934575081 0.02518991194665432 13.452733993530273
0.03235020488500595 0.025605708360671997 13.488994598388672
0.03135360777378082 0.024711783975362778 13.283650398254395
0.030851762741804123 0.024137813597917557 13.427898406982422
0.03293989226222038 0.026273101568222046 13.333581924438477
0.030538806691765785 0.023759838193655014 13.557937622070312
0.030668679624795914 0.023940160870552063 13.457036972045898
0.02923067845404148 0.022322053089737892 13.817251205444336
0.0320357121527195 0.025132738053798676 13.805948257446289
0.03118051588535309 0.024312824010849 13.735383987426758
0.030526818707585335 0.02374134585261345 13.570944786071777
0.03209581971168518 0.025152839720249176 13.88596248626709
0.0303636584430933 0.023598333820700645 13.530648231506348
0.03360047936439514 0.026661304756999016 13.878347396850586
0.031751979142427444 0.024757133796811104 13.989690780639648
0.032359521836042404 0.0254424586892128 13.834123611450195
0.028489544987678528 0.021647831425070763 13.683425903320312
0.03333099186420441 0.026496976613998413 13.668028831481934
0.030520416796207428 0.023622967302799225 13.794896125793457
0.032152049243450165 0.025291502475738525 13.72109603881836
0.03231782466173172 0.025370080024003983 13.895489692687988
0.03033912554383278 0.023582367226481438 13.513517379760742
0.031506042927503586 0.02468392252922058 13.644243240356445
0.031556520611047745 0.02468618005514145 13.740682601928711
0.03225894644856453 0.025297677144408226 13.922538757324219
0.030815567821264267 0.02397564984858036 13.679834365844727
0.032149024307727814 0.02539311908185482 13.511811256408691
0.03140605613589287 0.02461114525794983 13.589822769165039
0.032597754150629044 0.02584104798734188 13.513410568237305
0.03366203233599663 0.026754893362522125 13.814277648925781
0.03345320373773575 0.02651968225836754 13.867040634155273
0.0320434644818306 0.025126516819000244 13.833898544311523
0.030061956495046616 0.02317822352051735 13.767464637756348
0.031108850613236427 0.024385496973991394 13.446707725524902
0.03252434358000755 0.025438111275434494 14.172462463378906
0.031553104519844055 0.02467973902821541 13.74673080444336
0.03200878947973251 0.025291001424193382 13.435574531555176
0.03134031593799591 0.024530746042728424 13.619140625
0.03110738843679428 0.024395238608121872 13.424297332763672
0.03046748787164688 0.023752182722091675 13.430607795715332
0.031384073197841644 0.024590104818344116 13.587936401367188
0.03175975754857063 0.024981506168842316 13.556499481201172
0.030196018517017365 0.023494567722082138 13.402900695800781
0.03205807879567146 0.025158749893307686 13.798656463623047
0.02978580817580223 0.022953994572162628 13.663628578186035
0.03126465156674385 0.02447810396552086 13.573092460632324
0.029953986406326294 0.023171132430434227 13.565706253051758
0.031236665323376656 0.024442177265882492 13.58897590637207
0.03112473525106907 0.024371134117245674 13.5072021484375
0.029097557067871094 0.022333435714244843 13.528241157531738
0.03061339631676674 0.02376738004386425 13.692030906677246
0.02974022924900055 0.022993743419647217 13.492969512939453
0.03216872736811638 0.025313008576631546 13.711438179016113
0.030155891552567482 0.023257005959749222 13.797769546508789
0.03238294646143913 0.025406168773770332 13.953557968139648
0.0341518260538578 0.027213146910071373 13.877359390258789
0.029762212187051773 0.023039981722831726 13.4444580078125
0.029060259461402893 0.022298501804471016 13.523515701293945
0.030867910012602806 0.02396516129374504 13.805496215820312
0.03235257789492607 0.0255584754049778 13.588203430175781
0.03109663911163807 0.02418382093310356 13.82563591003418
0.02943279966711998 0.022647112607955933 13.571372032165527
0.03135581687092781 0.02429991587996483 14.11180305480957
0.032305166125297546 0.025496535003185272 13.617263793945312
0.031595226377248764 0.024572009220719337 14.046432495117188
0.030036576092243195 0.023210838437080383 13.65147590637207
0.029775571078062057 0.022809205576777458 13.932730674743652
0.03145117685198784 0.02457677386701107 13.748807907104492
0.032146044075489044 0.025108324363827705 14.075435638427734
0.031176472082734108 0.02423987351357937 13.873197555541992
0.03173104673624039 0.024940667673945427 13.580757141113281
0.03227933123707771 0.025258678942918777 14.041305541992188
0.030845150351524353 0.02381048910319805 14.069321632385254
0.03128362447023392 0.024248946458101273 14.069351196289062
0.029777558520436287 0.02297893352806568 13.597249984741211
0.02933788113296032 0.022465460002422333 13.744842529296875
0.032342687249183655 0.0254060085862875 13.8733549118042
0.02992399036884308 0.02312011830508709 13.607744216918945
0.0299245435744524 0.023140408098697662 13.56827163696289
0.030722085386514664 0.023810291662812233 13.823587417602539
0.0305800624191761 0.024132130667567253 12.89586067199707
0.02903643809258938 0.02249034121632576 13.092193603515625
0.03087041713297367 0.02412855625152588 13.483720779418945
0.0317375622689724 0.025144122540950775 13.186880111694336
0.031430210918188095 0.024592988193035126 13.674444198608398
0.030768001452088356 0.024107372388243675 13.321256637573242
0.029746240004897118 0.022957468405365944 13.577543258666992
0.03247853368520737 0.025498511269688606 13.960044860839844
0.030612709000706673 0.023872055113315582 13.481306076049805
0.03027499094605446 0.023501340299844742 13.547301292419434
0.032667938619852066 0.025883540511131287 13.56879711151123
0.029527634382247925 0.022663574665784836 13.728120803833008
0.03071722760796547 0.023954447358846664 13.525558471679688
0.030122622847557068 0.023367134854197502 13.510976791381836
0.03012118861079216 0.023288344964385033 13.665684700012207
0.031724557280540466 0.02461457997560501 14.219956398010254
0.030629999935626984 0.02372758835554123 13.804824829101562
0.029662292450666428 0.023057471960783005 13.209641456604004
0.030180172994732857 0.023555144667625427 13.250056266784668
0.032424431294202805 0.025612659752368927 13.623542785644531
0.03205458074808121 0.02531677484512329 13.475614547729492
0.030827870592474937 0.02426113188266754 13.133478164672852
0.028554201126098633 0.021822424605488777 13.463552474975586
0.031304262578487396 0.024478040635585785 13.652446746826172
0.030340589582920074 0.023559078574180603 13.56302261352539
0.029673639684915543 0.022934990003705025 13.477298736572266
0.030120786279439926 0.023346571251749992 13.54842758178711
0.03134268522262573 0.02424810454249382 14.189159393310547
0.028106093406677246 0.021198803558945656 13.81457805633545
0.030729569494724274 0.023801518604159355 13.856101989746094
0.03279381990432739 0.025685103610157967 14.217435836791992
0.030763989314436913 0.02383374236524105 13.860492706298828
0.0327594093978405 0.025947416201233864 13.623988151550293
0.03300509601831436 0.026046834886074066 13.916524887084961
0.03178087994456291 0.02487138658761978 13.818984031677246
0.029825329780578613 0.022800937294960022 14.048782348632812
0.03097112663090229 0.02396133914589882 14.019574165344238
0.0320318341255188 0.025206949561834335 13.649765014648438
0.03026387467980385 0.023463111370801926 13.601526260375977
0.03051343560218811 0.023702256381511688 13.622358322143555
0.030984407290816307 0.024021394550800323 13.926023483276367
0.03016255795955658 0.023412104696035385 13.500907897949219
0.031062137335538864 0.024180719628930092 13.762832641601562
0.029810748994350433 0.022961175069212914 13.699146270751953
0.03092147223651409 0.024043045938014984 13.756853103637695
0.029137946665287018 0.02238086424767971 13.514163970947266
0.028222642838954926 0.021439045667648315 13.567192077636719
0.03156442940235138 0.02455231547355652 14.024229049682617
0.031900953501462936 0.025086503475904465 13.628898620605469
0.03069533221423626 0.0236364733427763 14.117715835571289
0.030299443751573563 0.023304041475057602 13.990801811218262
0.0305795818567276 0.02336522564291954 14.428712844848633
0.03157647326588631 0.024693984538316727 13.764976501464844
0.030172549188137054 0.023445729166269302 13.45363998413086
0.030432775616645813 0.023584414273500443 13.696723937988281
0.03283889219164848 0.025966428220272064 13.744924545288086
0.030048109591007233 0.02327911928296089 13.537981033325195
0.030425094068050385 0.023785429075360298 13.279328346252441
0.031184718012809753 0.02426813915371895 13.83315658569336
0.03139866888523102 0.02449209801852703 13.813138961791992
0.03134135901927948 0.024516062811017036 13.650590896606445
0.030717654153704643 0.023904170840978622 13.62696647644043
0.02945495955646038 0.022656511515378952 13.596895217895508
0.029835352674126625 0.022830385714769363 14.009933471679688
0.030631370842456818 0.02370111271739006 13.860513687133789
0.030128544196486473 0.02319214679300785 13.872793197631836
0.02969733253121376 0.022680001333355904 14.034662246704102
0.029465897008776665 0.022652778774499893 13.626235008239746
0.03270373120903969 0.025704972445964813 13.997514724731445
0.030688369646668434 0.02382100187242031 13.734734535217285
0.030184544622898102 0.023163527250289917 14.042032241821289
0.02828092873096466 0.02146422117948532 13.633413314819336
0.029601510614156723 0.0226675383746624 13.867942810058594
0.030558619648218155 0.02353930100798607 14.03863525390625
0.029059074819087982 0.022146299481391907 13.82554817199707
0.03161899000406265 0.02455803006887436 14.121919631958008
0.03234822303056717 0.025458157062530518 13.780134201049805
0.02974798157811165 0.02290986105799675 13.676239967346191
0.030695341527462006 0.02391945943236351 13.551763534545898
0.030337195843458176 0.023455897346138954 13.762594223022461
0.02964525669813156 0.022843297570943832 13.603918075561523
0.03052210621535778 0.02357713133096695 13.889949798583984
0.02916569635272026 0.022142484784126282 14.04642105102539
0.031179795041680336 0.024085912853479385 14.187763214111328
0.030177883803844452 0.023084651678800583 14.186464309692383
0.031035147607326508 0.02423149161040783 13.607311248779297
0.031600505113601685 0.024682635441422462 13.835736274719238
0.030420903116464615 0.02349739335477352 13.847020149230957
0.03217785432934761 0.02535412833094597 13.647451400756836
0.02915235608816147 0.022290661931037903 13.723387718200684
0.02912903018295765 0.02210286073386669 14.052339553833008
0.031036414206027985 0.02408035844564438 13.912111282348633
0.030708802863955498 0.023756366223096848 13.904873847961426
0.03024451434612274 0.023302819579839706 13.883386611938477
0.03126957267522812 0.024198003113269806 14.143139839172363
0.02938193827867508 0.022301074117422104 14.161725997924805
0.030928391963243484 0.023883288726210594 14.090204238891602
0.030309000983834267 0.023219775408506393 14.178449630737305
0.030315963551402092 0.02329016476869583 14.051597595214844
0.030790459364652634 0.02385304495692253 13.874826431274414
0.029713554307818413 0.022834178060293198 13.75875186920166
0.03037293069064617 0.023334527388215065 14.076805114746094
0.029783060774207115 0.022899042814970016 13.768033981323242
0.03082376904785633 0.02394469827413559 13.758140563964844
0.02957494556903839 0.022677436470985413 13.795018196105957
0.03087184950709343 0.023892037570476532 13.959623336791992
0.02981456369161606 0.02275528758764267 14.118553161621094
0.031067822128534317 0.02402963861823082 14.076367378234863
0.030048545449972153 0.023143867030739784 13.809357643127441
0.029556002467870712 0.022803984582424164 13.504034042358398
0.02946573682129383 0.02247018739581108 13.991098403930664
0.03258912265300751 0.025621013715863228 13.936213493347168
0.03056480549275875 0.023624107241630554 13.88139533996582
0.0293160118162632 0.022405393421649933 13.821235656738281
0.028418978676199913 0.021366365253925323 14.105226516723633
0.030395878478884697 0.023439941927790642 13.911872863769531
0.02968989685177803 0.022689059376716614 14.001676559448242
0.03095165267586708 0.02383020892739296 14.24288558959961
0.02924584224820137 0.02222294919192791 14.045783996582031
0.029655978083610535 0.022638173773884773 14.035608291625977
0.029062505811452866 0.02211376652121544 13.897476196289062
0.03161293640732765 0.024459464475512505 14.306940078735352
0.03003833442926407 0.023257536813616753 13.561596870422363
0.031857121735811234 0.024782221764326096 14.149802207946777
0.030255163088440895 0.0233625341206789 13.785257339477539
0.03032422624528408 0.02328404039144516 14.080371856689453
0.030023764818906784 0.022973112761974335 14.101303100585938
0.029938027262687683 0.022879060357809067 14.11793327331543
0.029228325933218002 0.02217607945203781 14.104493141174316
0.0276851337403059 0.0207049697637558 13.9603271484375
0.02971457690000534 0.02270861715078354 14.011919021606445
0.02935224585235119 0.02232532948255539 14.053831100463867
0.032399069517850876 0.025391176342964172 14.015787124633789
0.03114226832985878 0.024077143520116806 14.130250930786133
0.029598873108625412 0.022562118247151375 14.07351016998291
0.03004980832338333 0.02304416336119175 14.0112886428833
0.029622841626405716 0.022571824491024017 14.102035522460938
0.030532673001289368 0.023402422666549683 14.260501861572266
0.029177226126194 0.022381160408258438 13.592129707336426
0.029963437467813492 0.023001905530691147 13.923065185546875
0.030145054683089256 0.023088034242391586 14.11404037475586
0.03272038325667381 0.025912616401910782 13.615533828735352
0.028958724811673164 0.022235775366425514 13.445898056030273
0.02916187047958374 0.022268451750278473 13.786834716796875
0.02877947874367237 0.021992690861225128 13.573575019836426
0.030738499015569687 0.024016445502638817 13.444106101989746
0.03074716590344906 0.024112679064273834 13.268974304199219
0.028815746307373047 0.022132709622383118 13.366071701049805
0.027832431718707085 0.021144935861229897 13.374992370605469
0.03021061234176159 0.023358497768640518 13.704229354858398
0.02985130250453949 0.023067880421876907 13.566844940185547
0.02947249636054039 0.022685497999191284 13.573994636535645
0.03170108050107956 0.024640046060085297 14.122068405151367
0.029137447476387024 0.022208228707313538 13.85843563079834
0.028774088248610497 0.021856848150491714 13.834478378295898
0.029529590159654617 0.022740155458450317 13.578866958618164
0.03147030249238014 0.02444111555814743 14.05837631225586
0.030218465253710747 0.023591920733451843 13.253087997436523
0.028527405112981796 0.02165483869612217 13.745134353637695
0.028440646827220917 0.02177080512046814 13.339683532714844
0.027855830267071724 0.02120302990078926 13.305601119995117
0.02799662947654724 0.02127016708254814 13.452925682067871
0.029359353706240654 0.02241656370460987 13.885580062866211
0.03119448944926262 0.024517003446817398 13.35496997833252
0.030183445662260056 0.023397888988256454 13.571111679077148
0.03044082038104534 0.023413611575961113 14.05441665649414
0.03137728199362755 0.024496620520949364 13.761322021484375
0.030598463490605354 0.02375159040093422 13.693746566772461
0.02912324108183384 0.022148245945572853 13.949989318847656
0.029807912185788155 0.022770192474126816 14.075439453125
0.029879208654165268 0.02289193496108055 13.97454833984375
0.027812287211418152 0.02090773917734623 13.809096336364746
0.02701932191848755 0.020229488611221313 13.579668045043945
