0.2299080193042755 0.22059373557567596 3.725712776184082
0.23473156988620758 0.22765246033668518 2.8316445350646973
0.20872318744659424 0.20247873663902283 2.4977810382843018
0.199576735496521 0.19294582307338715 2.652362108230591
0.20229648053646088 0.19611552357673645 2.472381830215454
0.18299546837806702 0.17688125371932983 2.4456872940063477
0.18766552209854126 0.1816631555557251 2.4009480476379395
0.1843193918466568 0.17864510416984558 2.2697176933288574
0.16937972605228424 0.16438892483711243 1.996321439743042
0.16850030422210693 0.16348552703857422 2.005908250808716
0.1668238788843155 0.16198991239070892 1.9335873126983643
0.15506884455680847 0.1502014696598053 1.94695246219635
0.15244321525096893 0.1476355493068695 1.923067569732666
0.15072360634803772 0.14616425335407257 1.8237414360046387
0.14586222171783447 0.14097492396831512 1.9549219608306885
0.13782162964344025 0.1331804096698761 1.8564903736114502
0.135649636387825 0.13042673468589783 2.0891618728637695
0.12501923739910126 0.1198548674583435 2.0657482147216797
0.1253194808959961 0.12013135850429535 2.075251579284668
0.1248374655842781 0.11935216188430786 2.194120407104492
0.11817586421966553 0.1125991940498352 2.230668306350708
0.11295987665653229 0.10713246464729309 2.330965995788574
0.10933893918991089 0.103612519800663 2.290567636489868
0.11228962242603302 0.10680168867111206 2.1951749324798584
0.10750775784254074 0.1020234078168869 2.1937389373779297
0.10480093955993652 0.09962257742881775 2.0713460445404053
0.10482098907232285 0.09952325373888016 2.119093179702759
0.1052388846874237 0.10019746422767639 2.0165696144104004
0.10095515847206116 0.0955139771103859 2.176474094390869
0.09761118143796921 0.09199737012386322 2.245523691177368
0.0974791944026947 0.0917486846446991 2.292203903198242
0.09248185902833939 0.08634836971759796 2.453394651412964
0.09625644981861115 0.09029936790466309 2.382833480834961
0.09286801517009735 0.08690278232097626 2.386094093322754
0.09195501357316971 0.08577040582895279 2.473843574523926
0.09623358398675919 0.08980069309473038 2.573155641555786
0.09019745141267776 0.0838819220662117 2.5262110233306885
0.0890292152762413 0.08219563961029053 2.7334303855895996
0.09109646081924438 0.08385111391544342 2.898138999938965
0.08360952138900757 0.07668192684650421 2.7710378170013428
0.09043464064598083 0.08326243609189987 2.868882656097412
0.09088548272848129 0.0835677832365036 2.9270806312561035
0.08428770303726196 0.0775044858455658 2.713286876678467
0.08515527844429016 0.07783050835132599 2.9299073219299316
0.08146127313375473 0.07435756176710129 2.841484785079956
0.08116136491298676 0.07432717084884644 2.7336769104003906
0.08046901226043701 0.07308593392372131 2.953230381011963
0.081287682056427 0.07384856045246124 2.9756484031677246
0.08071139454841614 0.07342644780874252 2.9139773845672607
0.07845793664455414 0.07106326520442963 2.95786714553833
0.08017309755086899 0.07256049662828445 3.045041084289551
0.07832778245210648 0.07037058472633362 3.18287992477417
0.0785876139998436 0.07066824287176132 3.1677494049072266
0.07720207422971725 0.06961506605148315 3.0348029136657715
0.07537784427404404 0.0673995390534401 3.1913232803344727
0.07620397210121155 0.06861448287963867 3.035797119140625
0.07424253970384598 0.06692489981651306 2.9270553588867188
0.07509221881628036 0.06823252141475677 2.743879795074463
0.07248454540967941 0.0660591870546341 2.5701427459716797
0.07131015509366989 0.06488699465990067 2.5692641735076904
0.07265966385602951 0.06599104404449463 2.667447090148926
0.07089625298976898 0.06451210379600525 2.5536611080169678
0.07462092489004135 0.06817957013845444 2.576543092727661
0.07648211717605591 0.0699334591627121 2.6194636821746826
0.07077351212501526 0.06376521289348602 2.8033199310302734
0.06969280540943146 0.06269025057554245 2.8010215759277344
0.07059813290834427 0.06365939229726791 2.775496006011963
0.0688251405954361 0.06211019307374954 2.685978412628174
0.07165099680423737 0.06552635878324509 2.4498538970947266
0.06715048104524612 0.06069616600871086 2.581726551055908
0.0706755667924881 0.06466944515705109 2.402449607849121
0.0697535052895546 0.06359179317951202 2.464684247970581
0.07021421194076538 0.06410165131092072 2.4450244903564453
0.06807326525449753 0.061731867492198944 2.5365591049194336
0.06707849353551865 0.06061706691980362 2.5845704078674316
0.06828835606575012 0.06168089434504509 2.6429860591888428
0.06912233680486679 0.06297539174556732 2.4587793350219727
0.06855880469083786 0.06226976215839386 2.515617847442627
0.06840018928050995 0.06224256381392479 2.46304988861084
0.07022316753864288 0.06400640308856964 2.486705780029297
0.0703606829047203 0.0645081177353859 2.3410253524780273
0.06717061996459961 0.060769110918045044 2.560605049133301
0.06413725763559341 0.0578625425696373 2.509884834289551
0.06504055112600327 0.058927081525325775 2.4453890323638916
0.06678231805562973 0.06056700646877289 2.4861247539520264
0.06814701110124588 0.06215376406908035 2.397298812866211
0.06839976459741592 0.06238389387726784 2.4063472747802734
0.06563762575387955 0.05992309749126434 2.2858121395111084
0.0650264322757721 0.059447288513183594 2.231656074523926
0.06557507067918777 0.05992140620946884 2.261465311050415
0.0630386620759964 0.0575229749083519 2.2062759399414062
0.06518204510211945 0.05936814844608307 2.325558662414551
0.06334315240383148 0.05715452879667282 2.4754486083984375
0.0639544352889061 0.05778167396783829 2.4691057205200195
0.06668055057525635 0.06058547645807266 2.4380297660827637
0.0644700676202774 0.0586172491312027 2.341125965118408
0.062088195234537125 0.05606672167778015 2.4085898399353027
0.06567925959825516 0.0601627379655838 2.2066075801849365
0.061861634254455566 0.05646288022398949 2.159501552581787
0.062334418296813965 0.05675451457500458 2.231961965560913
0.06558969616889954 0.059791453182697296 2.3192973136901855
0.06105690076947212 0.05530078709125519 2.302445888519287
0.06213468685746193 0.0561600960791111 2.389835834503174
0.06298817694187164 0.05698990449309349 2.3993101119995117
0.06294223666191101 0.05690058693289757 2.4166603088378906
0.06358867883682251 0.0578637458384037 2.2899744510650635
0.06171238422393799 0.05601808801293373 2.277719020843506
0.062313906848430634 0.05693451687693596 2.1517555713653564
0.059161387383937836 0.05357023701071739 2.236459732055664
0.0611439123749733 0.05533025041222572 2.3254644870758057
0.06257396936416626 0.05735955014824867 2.085768222808838
0.06094332039356232 0.05598945915699005 1.9815442562103271
0.06128348410129547 0.0561191588640213 2.0657296180725098
0.06177755445241928 0.05631740391254425 2.1840603351593018
0.05918751284480095 0.05332282558083534 2.3458752632141113
0.061365410685539246 0.05561167374253273 2.301494598388672
0.05986382067203522 0.05453697592020035 2.1307382583618164
0.06173747032880783 0.05700696259737015 1.8922035694122314
0.05987929552793503 0.05513807386159897 1.896488070487976
0.06100776046514511 0.056053075939416885 1.9818745851516724
0.0575222410261631 0.05257941037416458 1.9771325588226318
0.05971366912126541 0.054642725735902786 2.0283780097961426
0.0592944473028183 0.05404116213321686 2.101314067840576
0.06319071352481842 0.05772823840379715 2.1849911212921143
0.0614292174577713 0.05593659356236458 2.197049617767334
0.058716196566820145 0.05339725315570831 2.1275768280029297
0.06113573536276817 0.05570623278617859 2.1718010902404785
0.05929671972990036 0.05396981164813042 2.130763053894043
0.05922432243824005 0.05395296588540077 2.1085422039031982
0.05951151251792908 0.05417990684509277 2.1326422691345215
0.059213787317276 0.05411422252655029 2.039825916290283
0.05923805758357048 0.05411554127931595 2.0490059852600098
0.06270831823348999 0.057518571615219116 2.075899362564087
0.06220876798033714 0.05678170174360275 2.1708269119262695
0.06434068828821182 0.05880623310804367 2.21378231048584
0.0624961331486702 0.05711483955383301 2.152517318725586
0.05915605276823044 0.05368863046169281 2.186969757080078
0.05850470811128616 0.053483907133340836 2.0083208084106445
0.06168881058692932 0.057227879762649536 1.7843716144561768
0.05848858878016472 0.054141730070114136 1.738743543624878
0.059924617409706116 0.0555613711476326 1.7452983856201172
0.060690369457006454 0.05597485601902008 1.8862049579620361
0.059369295835494995 0.05406076833605766 2.123410701751709
0.0619259737432003 0.05646958947181702 2.182553291320801
0.05723945051431656 0.05146544799208641 2.309600830078125
0.05945536866784096 0.05406055599451065 2.157925605773926
0.05797642841935158 0.05327322334051132 1.881282091140747
0.057325173169374466 0.052629247307777405 1.878370761871338
0.060919199138879776 0.05660473182797432 1.7257864475250244
0.05852864310145378 0.05429121106863022 1.694972276687622
0.06311707198619843 0.05850059539079666 1.8465921878814697
0.06044723838567734 0.05552631989121437 1.968367576599121
0.05996013060212135 0.05420122295618057 2.303562641143799
0.06014612317085266 0.05430053174495697 2.338235855102539
0.0593932680785656 0.05297695845365524 2.566523313522339
0.05816391855478287 0.05263609439134598 2.211130142211914
0.058245379477739334 0.052939459681510925 2.1223678588867188
0.059508975595235825 0.05457604303956032 1.9731731414794922
0.06063956767320633 0.0558026060461998 1.9347853660583496
0.05818594619631767 0.05329872667789459 1.9548877477645874
0.05731689929962158 0.05240442603826523 1.964989423751831
0.06167568638920784 0.05668801814317703 1.9950675964355469
0.058044739067554474 0.05314500629901886 1.9598939418792725
0.056305889040231705 0.05133912339806557 1.986706256866455
0.061682384461164474 0.05650220066308975 2.0720736980438232
0.059042565524578094 0.054040417075157166 2.000859498977661
0.060982268303632736 0.05578923970460892 2.077211856842041
0.05489562824368477 0.04930642247200012 2.235682964324951
0.057221993803977966 0.051933929324150085 2.1152257919311523
0.05940946936607361 0.05440707504749298 2.000958204269409
0.06024482101202011 0.0552075132727623 2.014923095703125
0.05467567592859268 0.04995362460613251 1.8888206481933594
0.057278312742710114 0.052440233528614044 1.935231328010559
0.059289611876010895 0.05468464642763138 1.8419870138168335
0.05847526714205742 0.05310887098312378 2.1465582847595215
0.05714581906795502 0.051773060113191605 2.149103879928589
0.05583426356315613 0.050259701907634735 2.229825019836426
0.05824347957968712 0.05249321460723877 2.3001065254211426
0.05759744718670845 0.052292972803115845 2.1217899322509766
0.054146990180015564 0.04897119849920273 2.0703163146972656
0.059717606753110886 0.05518197640776634 1.814252257347107
0.056331533938646317 0.05154125392436981 1.9161121845245361
0.05785894766449928 0.053388722240924835 1.7880897521972656
0.05807168036699295 0.053489141166210175 1.833014965057373
0.052996400743722916 0.04778759926557541 2.0835208892822266
0.05531633272767067 0.04996895417571068 2.138951063156128
0.05554480105638504 0.050186969339847565 2.1431331634521484
0.054139863699674606 0.048933129757642746 2.0826940536499023
0.057363495230674744 0.05250009149312973 1.9453608989715576
0.056200988590717316 0.05162449926137924 1.8305960893630981
0.05437937378883362 0.049883317202329636 1.7984228134155273
0.05636928603053093 0.05180453509092331 1.8259003162384033
0.05267864838242531 0.047943226993083954 1.8941688537597656
0.054766323417425156 0.050054240971803665 1.884832501411438
0.05397041141986847 0.04931137338280678 1.8636149168014526
0.057791538536548615 0.05292675644159317 1.9459125995635986
0.05705975741147995 0.05193562060594559 2.049654245376587
0.05440176650881767 0.04936107248067856 2.01627779006958
0.05307518690824509 0.04799459129571915 2.0322375297546387
0.05504368618130684 0.0500333234667778 2.0041449069976807
0.054790761321783066 0.04978766664862633 2.0012378692626953
0.05783599615097046 0.053211018443107605 1.8499908447265625
0.0574694387614727 0.05259973555803299 1.9478814601898193
0.05924226716160774 0.05410972982645035 2.0530154705047607
0.052231308072805405 0.04744327440857887 1.9152133464813232
0.05544580891728401 0.0503544844686985 2.036530017852783
0.05649387091398239 0.05188170447945595 1.84486722946167
0.05436616390943527 0.049533069133758545 1.9332377910614014
0.05564993992447853 0.050655122846364975 1.9979274272918701
0.05677667632699013 0.05176045000553131 2.00649094581604
0.055687204003334045 0.05059758946299553 2.0358450412750244
0.054067905992269516 0.048745788633823395 2.128847122192383
0.05661827325820923 0.05141081660985947 2.0829827785491943
0.05144442990422249 0.04578128457069397 2.265258312225342
0.05431697890162468 0.04931854456663132 1.999373435974121
0.05969090387225151 0.05504031106829643 1.8602373600006104
0.05343592166900635 0.04853782802820206 1.9592382907867432
0.054056890308856964 0.04940486326813698 1.8608102798461914
0.055433642119169235 0.050631627440452576 1.9208053350448608
0.05578538030385971 0.05050221085548401 2.1132683753967285
0.05263599753379822 0.04690343514084816 2.293025493621826
0.054666101932525635 0.04906359687447548 2.2410027980804443
0.052326880395412445 0.04698903113603592 2.1351399421691895
0.05500955134630203 0.04947764798998833 2.212761878967285
0.054292477667331696 0.048896998167037964 2.1581921577453613
0.05345357954502106 0.048477157950401306 1.9905683994293213
0.056123800575733185 0.05138696730136871 1.8947327136993408
0.055869873613119125 0.05137009173631668 1.799912691116333
0.05757397413253784 0.05256501957774162 2.0035812854766846
0.05488451197743416 0.04959440603852272 2.116041898727417
0.052713390439748764 0.04729069396853447 2.169078826904297
0.05397089198231697 0.048440638929605484 2.212101459503174
0.0522180013358593 0.046766653656959534 2.180539608001709
0.05115784704685211 0.04605073481798172 2.0428452491760254
0.05213990435004234 0.047227125614881516 1.9651118516921997
0.0556776225566864 0.05137798935174942 1.7198526859283447
0.052569445222616196 0.04839765280485153 1.668717622756958
0.05293294042348862 0.04854033142328262 1.7570433616638184
0.05491434782743454 0.05023055523633957 1.873516321182251
0.05223098397254944 0.04754609242081642 1.873956322669983
0.05500040948390961 0.04996410012245178 2.014523983001709
0.05688253045082092 0.05173695832490921 2.0582292079925537
0.05587703734636307 0.05022730305790901 2.2598941326141357
0.05242312699556351 0.04640143737196922 2.4086759090423584
0.05443136394023895 0.0489615723490715 2.1879169940948486
0.05521751567721367 0.05027216672897339 1.9781392812728882
0.051437389105558395 0.046650949865579605 1.9145758152008057
0.05346764624118805 0.04837467521429062 2.0371880531311035
0.05179839953780174 0.046481627970933914 2.126709222793579
0.05411751940846443 0.04924387484788895 1.949458360671997
0.04997376352548599 0.04529754817485809 1.8704860210418701
0.05726975202560425 0.05217437818646431 2.038149356842041
0.05429086089134216 0.04885028302669525 2.1762304306030273
0.055369216948747635 0.049769558012485504 2.239863157272339
0.05634160712361336 0.05056226626038551 2.3117361068725586
0.050265807658433914 0.04440496116876602 2.3443384170532227
0.05279893800616264 0.04728506878018379 2.20554780960083
0.05369461700320244 0.048727814108133316 1.9867209196090698
0.05568871274590492 0.0507437065243721 1.9780023097991943
0.054487839341163635 0.049832962453365326 1.8619509935379028
0.05190058797597885 0.046829089522361755 2.028599262237549
0.053869374096393585 0.04887685179710388 1.9970084428787231
0.054004933685064316 0.04917248338460922 1.9329807758331299
0.051651500165462494 0.04680495709180832 1.938617467880249
0.052580248564481735 0.04792971909046173 1.8602120876312256
0.05450985208153725 0.04937892407178879 2.05237078666687
0.05442671850323677 0.04941510409116745 2.0046463012695312
0.054716795682907104 0.04968518763780594 2.0126430988311768
0.05497189611196518 0.04949238896369934 2.191803455352783
0.05191519856452942 0.046746689826250076 2.067404270172119
0.05399441719055176 0.04905509203672409 1.975730299949646
0.052844446152448654 0.04816421866416931 1.8720911741256714
0.05259672552347183 0.04759269207715988 2.0016140937805176
0.05169134959578514 0.046697329729795456 1.9976080656051636
0.05420175567269325 0.04917976260185242 2.0087974071502686
0.0548105463385582 0.050028733909130096 1.912724256515503
0.0551861971616745 0.05020152032375336 1.9938712120056152
0.05232897773385048 0.04744888097047806 1.9520392417907715
0.0527162104845047 0.047357864677906036 2.143338203430176
0.05143717676401138 0.046379633247852325 2.0230181217193604
0.051445141434669495 0.046199433505535126 2.098282814025879
0.05419041961431503 0.048792846500873566 2.159029483795166
0.049887362867593765 0.045290227979421616 1.8388545513153076
0.05119922012090683 0.04646509885787964 1.893648624420166
0.05121444910764694 0.045968860387802124 2.0982348918914795
0.05164222791790962 0.04689309746026993 1.8996517658233643
0.05060388892889023 0.045482270419597626 2.0486481189727783
0.05304814130067825 0.04807182401418686 1.990526556968689
0.052312515676021576 0.047194704413414 2.0471246242523193
0.05175895616412163 0.046875715255737305 1.9532966613769531
0.053016237914562225 0.047775719314813614 2.0962069034576416
0.052499495446681976 0.04748022183775902 2.0077099800109863
0.05452782288193703 0.049166787415742874 2.144413948059082
0.051827702671289444 0.047201234847307205 1.8505871295928955
0.05430442467331886 0.049171820282936096 2.053041458129883
0.05239170789718628 0.04695998132228851 2.172689914703369
0.05550333485007286 0.05037463456392288 2.051480293273926
0.055063068866729736 0.04960786551237106 2.1820807456970215
0.0537019744515419 0.048214323818683624 2.1950597763061523
0.05086226016283035 0.045781079679727554 2.0324721336364746
0.0519859716296196 0.04700274020433426 1.993291974067688
0.05221375450491905 0.04715370759367943 2.024019241333008
0.05263929441571236 0.04780364781618118 1.9342581033706665
0.05225667357444763 0.0471784844994545 2.0312764644622803
0.050054360181093216 0.04509003832936287 1.9857286214828491
0.05570784583687782 0.05078292638063431 1.9699678421020508
0.05169287696480751 0.046675510704517365 2.006946563720703
0.05285117030143738 0.04786904901266098 1.99284827709198
0.052259355783462524 0.047205470502376556 2.0215535163879395
0.04998062178492546 0.04486549273133278 2.0460517406463623
0.05258183181285858 0.04731190577149391 2.1079702377319336
0.05637335032224655 0.05143807828426361 1.974108099937439
0.05482081323862076 0.04980167746543884 2.0076544284820557
0.051977310329675674 0.046756185591220856 2.088449478149414
0.0550440214574337 0.04930741339921951 2.2946438789367676
0.0505075603723526 0.044910527765750885 2.2388124465942383
0.049410220235586166 0.0436251237988472 2.3140385150909424
0.048882219940423965 0.04374229907989502 2.055968761444092
0.0521581806242466 0.04664677381515503 2.2045626640319824
0.052681781351566315 0.0468609556555748 2.3283305168151855
0.051281243562698364 0.0461181104183197 2.0652525424957275
0.05239233374595642 0.046987347304821014 2.1619951725006104
0.052860453724861145 0.04749732464551926 2.145251750946045
0.052208296954631805 0.046524181962013245 2.2736454010009766
0.050055764615535736 0.04471083730459213 2.1379716396331787
0.05214167758822441 0.04695587605237961 2.0743207931518555
0.04827839136123657 0.04348031431436539 1.9192302227020264
0.05348046123981476 0.0483873151242733 2.0372581481933594
0.05375366657972336 0.049076296389102936 1.8709479570388794
0.050500623881816864 0.0453236885368824 2.070774555206299
0.050379179418087006 0.04493298754096031 2.178476333618164
0.05101778730750084 0.04579360783100128 2.0896716117858887
0.049291692674160004 0.04388873279094696 2.161184549331665
0.05053364485502243 0.04526200890541077 2.1086552143096924
0.052042268216609955 0.04683414101600647 2.0832505226135254
0.05350412428379059 0.04839332774281502 2.0443193912506104
0.0505438931286335 0.04554368555545807 2.000082492828369
0.05144569277763367 0.046321507543325424 2.049673318862915
0.047392722219228745 0.04215764254331589 2.0940322875976562
0.04941273853182793 0.04392428323626518 2.1953816413879395
0.05048714950680733 0.04553595930337906 1.980475902557373
0.05106430873274803 0.04575283080339432 2.124591112136841
0.053859543055295944 0.04885738715529442 2.0008621215820312
0.04832569137215614 0.043386250734329224 1.9757758378982544
0.04829557612538338 0.04292284697294235 2.149092197418213
0.051722507923841476 0.04712576046586037 1.8386986255645752
0.04918651282787323 0.04426712915301323 1.9677541255950928
0.05104411765933037 0.04598279297351837 2.024529457092285
0.05161485821008682 0.046364422887563705 2.1001734733581543
0.053391437977552414 0.04841378331184387 1.9910614490509033
0.05371696501970291 0.04840714484453201 2.123927593231201
0.052366990596055984 0.0472133532166481 2.061455011367798
0.05457431823015213 0.049242112785577774 2.1328821182250977
0.05090688541531563 0.045813336968421936 2.037419557571411
0.049513764679431915 0.044271282851696014 2.0969924926757812
0.052204061299562454 0.046855323016643524 2.1394948959350586
0.05161653086543083 0.046578288078308105 2.0152969360351562
0.05163249745965004 0.04672272503376007 1.9639089107513428
0.052485570311546326 0.047092992812395096 2.1570310592651367
0.05156673863530159 0.04598444700241089 2.232916831970215
0.04840695112943649 0.04298243671655655 2.1698060035705566
0.05042297765612602 0.044970642775297165 2.1809334754943848
0.05313928425312042 0.04760249704122543 2.2147157192230225
0.05573552846908569 0.050557561218738556 2.0711874961853027
0.0531211756169796 0.047337356954813004 2.3135275840759277
0.05259636044502258 0.047057244926691055 2.215646982192993
0.0530129075050354 0.04740022495388985 2.2450737953186035
0.05219664424657822 0.046528160572052 2.2673940658569336
0.05304209142923355 0.04731447994709015 2.2910447120666504
0.046282023191452026 0.04084020107984543 2.176729679107666
0.052585963159799576 0.04735715314745903 2.0915236473083496
0.051379937678575516 0.04534659907221794 2.4133360385894775
0.053026873618364334 0.046883322298526764 2.4574203491210938
0.0505954846739769 0.04553068056702614 2.025920867919922
0.0496658980846405 0.04394577071070671 2.2880513668060303
0.048524171113967896 0.042488329112529755 2.414337635040283
0.05031340569257736 0.044539324939250946 2.3096330165863037
0.05428851395845413 0.048865802586078644 2.1690850257873535
0.055087897926568985 0.049484748393297195 2.241260051727295
0.052921514958143234 0.04718124866485596 2.2961068153381348
0.05323845520615578 0.04785098135471344 2.154989242553711
0.0505698025226593 0.0452711284160614 2.11946964263916
0.04924142733216286 0.04371163249015808 2.2119174003601074
0.053391315042972565 0.0476168692111969 2.3097782135009766
0.05059992894530296 0.04530053213238716 2.1197586059570312
0.05000019446015358 0.044776372611522675 2.0895285606384277
0.05268103629350662 0.04753556102514267 2.0581908226013184
0.05132230743765831 0.04561594873666763 2.282543659210205
0.052928175777196884 0.047528818249702454 2.159743547439575
0.05164361000061035 0.04564468190073967 2.399571180343628
0.046286486089229584 0.04091754928231239 2.1475744247436523
0.047791220247745514 0.04232064634561539 2.188229560852051
0.05028941482305527 0.04426642507314682 2.4091954231262207
0.0500226654112339 0.044511452317237854 2.2044851779937744
0.05028410255908966 0.04503783583641052 2.0985071659088135
0.05101463198661804 0.0455639474093914 2.1802730560302734
0.051069941371679306 0.045714206993579865 2.1422932147979736
0.05060487240552902 0.044868119060993195 2.294701099395752
0.052590709179639816 0.046848464757204056 2.2968971729278564
0.05301345884799957 0.04767652601003647 2.1347737312316895
0.04850928857922554 0.04274094104766846 2.3073384761810303
0.0498647503554821 0.04414420574903488 2.2882182598114014
0.047204021364450455 0.041575342416763306 2.251471757888794
0.05172758549451828 0.045321449637413025 2.562455177307129
0.05038672685623169 0.044689953327178955 2.2787086963653564
0.051812343299388885 0.04624668136239052 2.226263999938965
0.054588433355093 0.04885229095816612 2.294457197189331
0.046992227435112 0.041199035942554474 2.3172760009765625
0.051847003400325775 0.046288713812828064 2.223316192626953
0.04816550761461258 0.043091852217912674 2.0294628143310547
0.05361704155802727 0.04786884784698486 2.2992770671844482
0.0489552840590477 0.04341977834701538 2.2142019271850586
0.049897391349077225 0.04432746767997742 2.2279696464538574
0.050797238945961 0.044754914939403534 2.4169297218322754
0.05281882360577583 0.0466206818819046 2.4792566299438477
0.05068720504641533 0.04509260505437851 2.237840175628662
0.05045061931014061 0.044799745082855225 2.2603492736816406
0.050305768847465515 0.04467039555311203 2.2541496753692627
0.05280893296003342 0.04675804823637009 2.4203546047210693
0.05272307246923447 0.04690281301736832 2.3281044960021973
0.055113308131694794 0.049397215247154236 2.2864365577697754
0.05103335902094841 0.04491985961794853 2.445399284362793
0.05248033627867699 0.0464571975171566 2.4092555046081543
0.05362313985824585 0.04736682027578354 2.5025277137756348
0.051585596054792404 0.04538773000240326 2.479146957397461
0.05063414201140404 0.04480466991662979 2.3317885398864746
0.050471577793359756 0.044635482132434845 2.3344388008117676
0.04988730698823929 0.04386906325817108 2.4072983264923096
0.05510681867599487 0.04865474998950958 2.580826997756958
0.05045664682984352 0.0446120910346508 2.337822437286377
0.051866769790649414 0.04558569937944412 2.512427806854248
0.04804162308573723 0.042156025767326355 2.354238510131836
0.05326729267835617 0.047405339777469635 2.3447818756103516
0.05282381922006607 0.046986110508441925 2.3350830078125
0.049500640481710434 0.043247807770967484 2.501133680343628
0.04990038275718689 0.0437028631567955 2.479008674621582
0.04916425049304962 0.043363552540540695 2.3202784061431885
0.052139170467853546 0.04559207707643509 2.6188368797302246
0.051122937351465225 0.045113831758499146 2.4036426544189453
0.051813073456287384 0.04587887227535248 2.373680591583252
0.05161136016249657 0.045398466289043427 2.4851574897766113
0.04946581646800041 0.04380282759666443 2.26519513130188
0.05130644515156746 0.04532627388834953 2.392068862915039
0.049049582332372665 0.043591879308223724 2.1830811500549316
0.0480545237660408 0.04232154041528702 2.2931928634643555
0.048019614070653915 0.0420384407043457 2.3924694061279297
0.05005595460534096 0.04464954137802124 2.1625654697418213
0.04842613264918327 0.04273863136768341 2.275001049041748
0.04823901504278183 0.04301779717206955 2.088486433029175
0.0482720285654068 0.04287267476320267 2.1597414016723633
0.049445025622844696 0.043912991881370544 2.2128140926361084
0.04878460243344307 0.042937733232975006 2.338747501373291
0.048793256282806396 0.04323633015155792 2.2227706909179688
0.052412956953048706 0.046477094292640686 2.3743443489074707
0.049154266715049744 0.04360627382993698 2.2191967964172363
0.049576230347156525 0.04399244487285614 2.2335147857666016
0.04679295793175697 0.04113218933343887 2.2643072605133057
0.046560194343328476 0.041041016578674316 2.207671642303467
0.04976663738489151 0.04384591802954674 2.3682878017425537
0.051030874252319336 0.04548367112874985 2.2188808917999268
0.05036894232034683 0.04474346712231636 2.2501895427703857
0.04875073954463005 0.043051570653915405 2.279667377471924
0.04759608954191208 0.04205017536878586 2.21836519241333
0.05337654799222946 0.04788324981927872 2.1973185539245605
0.04821714013814926 0.04230830818414688 2.363532543182373
0.049609020352363586 0.04409051313996315 2.2074031829833984
0.04981569945812225 0.04402787238359451 2.3151302337646484
0.04956800118088722 0.043902523815631866 2.266191005706787
0.048749640583992004 0.0430433452129364 2.282517910003662
0.04844661429524422 0.042738527059555054 2.2832350730895996
0.05067132040858269 0.04513804614543915 2.2133095264434814
0.05088009685277939 0.04467977583408356 2.4801292419433594
0.046449776738882065 0.04063946753740311 2.3241233825683594
0.04942290484905243 0.04350854828953743 2.3657422065734863
0.05088629946112633 0.0453730970621109 2.2052807807922363
0.052459776401519775 0.04636399447917938 2.438312530517578
0.04845020920038223 0.04281226545572281 2.2551774978637695
0.04831636697053909 0.04238136485219002 2.3740010261535645
0.04952854663133621 0.04359458386898041 2.3735857009887695
0.047105420380830765 0.041699886322021484 2.1622133255004883
0.04811324551701546 0.04233269393444061 2.312220573425293
0.050897266715765 0.04474804550409317 2.459689140319824
0.050707750022411346 0.04488155245780945 2.3304789066314697
0.049738988280296326 0.044260621070861816 2.191347122192383
0.048172544687986374 0.04261074215173721 2.2247209548950195
0.052271243184804916 0.04651313275098801 2.3032448291778564
0.048324063420295715 0.0417344868183136 2.6358299255371094
0.048485517501831055 0.04306408390402794 2.1685731410980225
0.047789160162210464 0.04173405095934868 2.422043561935425
0.04841100424528122 0.042562536895275116 2.339386463165283
0.04980124533176422 0.04420149326324463 2.2399003505706787
0.05090384930372238 0.04489768669009209 2.4024658203125
0.05252328887581825 0.04737322777509689 2.0600244998931885
0.04964934661984444 0.043260201811790466 2.5556583404541016
0.05032338947057724 0.04408662021160126 2.4947080612182617
0.0496995635330677 0.04407697170972824 2.2490363121032715
0.049293890595436096 0.04351755231618881 2.310534954071045
0.04675493389368057 0.0410362109541893 2.287489652633667
0.05146732181310654 0.045591264963150024 2.3504233360290527
0.050694677978754044 0.045040518045425415 2.2616636753082275
0.050045546144247055 0.043708138167858124 2.5349626541137695
0.0492447130382061 0.0436796098947525 2.226041793823242
0.046800341457128525 0.04075325280427933 2.418835401535034
0.04779389128088951 0.04187602177262306 2.3671483993530273
0.04934623837471008 0.04375230148434639 2.237575054168701
0.04938201978802681 0.043745655566453934 2.254545211791992
0.04804018884897232 0.04213644564151764 2.3614981174468994
0.05019325017929077 0.04461952671408653 2.229489326477051
0.050587013363838196 0.044363558292388916 2.489382743835449
0.05099387466907501 0.044988151639699936 2.402289867401123
0.049305323511362076 0.04313771426677704 2.4670443534851074
0.0501185841858387 0.04386630654335022 2.500910997390747
0.05053502693772316 0.04434371739625931 2.4765238761901855
0.05154209956526756 0.04511772468686104 2.5697498321533203
0.049978457391262054 0.04390078783035278 2.43106746673584
0.049724455922842026 0.043207891285419464 2.60662579536438
0.05002574622631073 0.04393018037080765 2.4382269382476807
0.04877321049571037 0.04296768829226494 2.322209358215332
0.04885164648294449 0.04301498085260391 2.3346667289733887
0.053738079965114594 0.047713495790958405 2.4098339080810547
0.04936105012893677 0.04342067241668701 2.3761518001556396
0.04759358987212181 0.04177742823958397 2.326464891433716
0.04924723133444786 0.043817777186632156 2.1717817783355713
0.04945250600576401 0.043370477855205536 2.4328112602233887
0.04864004626870155 0.043077751994132996 2.2249181270599365
0.050210461020469666 0.04387963190674782 2.532331943511963
0.04772810637950897 0.04164766147732735 2.4321775436401367
0.04894965514540672 0.04320143163204193 2.2992897033691406
0.047937922179698944 0.04175344109535217 2.473792791366577
0.053081367164850235 0.04754416644573212 2.2148807048797607
0.04716453701257706 0.04149877652525902 2.2663049697875977
0.047521546483039856 0.04176933690905571 2.3008840084075928
0.053402677178382874 0.04741448909044266 2.3952760696411133
0.04850156232714653 0.04273261874914169 2.307577133178711
0.05165126547217369 0.04552561044692993 2.4502625465393066
0.047567710280418396 0.041611023247241974 2.3826756477355957
0.04766545444726944 0.04124556481838226 2.56795597076416
0.047479964792728424 0.04099312052130699 2.5947375297546387
0.04868306219577789 0.042913567274808884 2.307798385620117
0.0530683696269989 0.0470176637172699 2.4202823638916016
0.048384420573711395 0.04240953177213669 2.389955997467041
0.04700728878378868 0.041422005742788315 2.2341127395629883
0.04731062427163124 0.04153519123792648 2.310173511505127
0.04803607240319252 0.04161672294139862 2.5677404403686523
0.0485379621386528 0.04239103943109512 2.458768367767334
0.049634356051683426 0.04376513883471489 2.347686290740967
0.04834289476275444 0.0420205220580101 2.52894926071167
0.04938723146915436 0.04346395656466484 2.369309902191162
0.04757874086499214 0.04193594306707382 2.257119655609131
0.04855860769748688 0.04299083724617958 2.2271084785461426
0.05113331973552704 0.04490426927804947 2.4916205406188965
0.04734509438276291 0.04101945459842682 2.5302562713623047
0.04988742992281914 0.043982841074466705 2.3618359565734863
0.04893007129430771 0.04263778030872345 2.5169172286987305
0.053730472922325134 0.04762398079037666 2.442596435546875
0.051333487033843994 0.04526966065168381 2.4255311489105225
0.049523431807756424 0.04344109445810318 2.4329352378845215
0.0499078705906868 0.04357856512069702 2.531721591949463
0.05179539695382118 0.04582762345671654 2.3871092796325684
0.049687258899211884 0.043312519788742065 2.5498952865600586
0.04935424029827118 0.042956992983818054 2.55889892578125
0.04987504333257675 0.04359692707657814 2.5112462043762207
0.046902164816856384 0.04110192134976387 2.3200972080230713
0.047110654413700104 0.04120396822690964 2.3626744747161865
0.04929439723491669 0.04288005828857422 2.565735340118408
0.047127608209848404 0.04097994789481163 2.459064483642578
0.05044318363070488 0.044477157294750214 2.3864102363586426
0.04616880789399147 0.0398237444460392 2.538025379180908
0.04921499639749527 0.043038055300712585 2.4707767963409424
0.04968135803937912 0.043648071587085724 2.4133145809173584
0.04883163049817085 0.04267486557364464 2.462705612182617
0.05121215805411339 0.04504404962062836 2.467243194580078
0.04928547516465187 0.04328582435846329 2.39985990524292
0.05027150362730026 0.043713681399822235 2.623129367828369
0.04825139418244362 0.04173649102449417 2.6059608459472656
0.05164312571287155 0.04531396925449371 2.531662702560425
0.0497407391667366 0.043087974190711975 2.6611061096191406
0.049990080296993256 0.04335200786590576 2.6552295684814453
0.04703754559159279 0.04084087908267975 2.4786667823791504
0.04882170632481575 0.04259273037314415 2.4915904998779297
0.0493745431303978 0.04283743351697922 2.6148436069488525
0.04840037599205971 0.04250223934650421 2.3592543601989746
0.04914826154708862 0.04241139069199562 2.6947476863861084
0.052970029413700104 0.04630741477012634 2.6650466918945312
0.04774624481797218 0.04225354641675949 2.1970791816711426
0.04688893258571625 0.04050634056329727 2.5530364513397217
0.04749101400375366 0.04130840674042702 2.4730429649353027
0.049774982035160065 0.043378859758377075 2.558448553085327
0.04723794385790825 0.041417527943849564 2.3281660079956055
0.047723717987537384 0.041869837790727615 2.3415515422821045
0.05050833150744438 0.043689318001270294 2.7276060581207275
0.047273971140384674 0.041377462446689606 2.3586034774780273
0.04937136173248291 0.04354683309793472 2.3298120498657227
0.05260666832327843 0.046289533376693726 2.5268540382385254
0.04993712902069092 0.043568938970565796 2.547276735305786
0.051326021552085876 0.04530246928334236 2.409420967102051
0.047324955463409424 0.04112786799669266 2.478835105895996
0.049264226108789444 0.0429803729057312 2.513540744781494
0.04941490665078163 0.043233782052993774 2.472449779510498
0.04917602986097336 0.042917400598526 2.5034518241882324
0.04924113303422928 0.04280771315097809 2.5733675956726074
0.046235598623752594 0.040093183517456055 2.4569661617279053
0.050294481217861176 0.04337991774082184 2.765824794769287
0.04917258769273758 0.04330403357744217 2.3474221229553223
0.049559369683265686 0.04348623752593994 2.429253101348877
0.0504671074450016 0.044546857476234436 2.368100643157959
0.047767434269189835 0.041283369064331055 2.593625783920288
0.04718282073736191 0.04107411205768585 2.443484306335449
0.049584537744522095 0.043557602912187576 2.4107742309570312
0.04647332429885864 0.040357328951358795 2.4463977813720703
0.04867687076330185 0.04264773055911064 2.4116568565368652
0.04970283433794975 0.04349324852228165 2.4838342666625977
0.047728393226861954 0.04132740572094917 2.5603952407836914
0.04861465096473694 0.04249259829521179 2.448821783065796
0.050346460193395615 0.04430515319108963 2.41652250289917
0.04857878014445305 0.04269222542643547 2.354621410369873
0.0459495447576046 0.039744213223457336 2.482132911682129
0.05047086253762245 0.0441863089799881 2.513821601867676
0.04898722097277641 0.04242676869034767 2.624180793762207
0.0497429296374321 0.04313601925969124 2.642764091491699
0.05150314420461655 0.044815290719270706 2.675142288208008
0.04643809795379639 0.040369823575019836 2.4273104667663574
0.048053447157144547 0.04193861037492752 2.4459352493286133
0.048727698624134064 0.042138658463954926 2.635615825653076
0.04885859042406082 0.042638860642910004 2.487891912460327
0.04933097958564758 0.042615145444869995 2.686333179473877
0.04834035038948059 0.04216622933745384 2.4696478843688965
0.04531705379486084 0.0389806404709816 2.534564971923828
0.051671382039785385 0.04549919068813324 2.468876838684082
0.04729880765080452 0.04117072373628616 2.4512338638305664
0.04981178790330887 0.043725840747356415 2.434378147125244
0.0481555312871933 0.04204173386096954 2.4455184936523438
0.04867671802639961 0.04228910058736801 2.555047035217285
0.0480647087097168 0.04118116945028305 2.753415584564209
0.04898697882890701 0.04251605644822121 2.5883684158325195
0.04849540814757347 0.041977837681770325 2.607028007507324
0.049270790070295334 0.042860664427280426 2.5640506744384766
0.04844200611114502 0.04187314212322235 2.6275458335876465
0.04950500279664993 0.04311326891183853 2.5566937923431396
0.048502881079912186 0.042080823332071304 2.5688226222991943
0.04953264072537422 0.04288998246192932 2.6570632457733154
0.049960218369960785 0.04337363317608833 2.6346349716186523
0.04906162992119789 0.04227524995803833 2.7145514488220215
0.04861763119697571 0.042082834988832474 2.6139190196990967
0.04980076104402542 0.04259567707777023 2.882033348083496
0.050714489072561264 0.04375838488340378 2.782442092895508
0.04790033772587776 0.04106302559375763 2.73492431640625
0.04747273400425911 0.04052826389670372 2.7777881622314453
0.046680957078933716 0.040554583072662354 2.4505503177642822
0.0494098998606205 0.04291484132409096 2.598022937774658
0.04984081909060478 0.04358462244272232 2.502479076385498
0.04937681183218956 0.04282557964324951 2.6204934120178223
0.048632197082042694 0.0422593355178833 2.5491442680358887
0.046650417149066925 0.040363751351833344 2.5146658420562744
0.04784202203154564 0.04101874679327011 2.7293100357055664
0.04918704181909561 0.04247918725013733 2.6831421852111816
0.04804150387644768 0.0411713570356369 2.748058795928955
0.0493510365486145 0.04228169471025467 2.827737331390381
0.04906744137406349 0.04270058497786522 2.5467424392700195
0.05027570575475693 0.04341314360499382 2.745025157928467
0.04794587567448616 0.04124327749013901 2.681039571762085
0.04827481135725975 0.04173274710774422 2.616825580596924
0.04558509215712547 0.03935621678829193 2.4915497303009033
0.05029841139912605 0.043636441230773926 2.6647884845733643
0.051568858325481415 0.044862791895866394 2.682427167892456
0.047062747180461884 0.04073352366685867 2.5316901206970215
0.047079093754291534 0.04114338755607605 2.3742833137512207
0.05061621963977814 0.0445936918258667 2.4090113639831543
0.051944758743047714 0.04562905430793762 2.5262813568115234
0.051672421395778656 0.04564978927373886 2.4090521335601807
0.049283113330602646 0.04335885867476463 2.3697023391723633
0.04623854532837868 0.03942623734474182 2.724923849105835
0.04705135151743889 0.04058726876974106 2.585632801055908
0.04728399217128754 0.04117193445563316 2.4448225498199463
0.04632972925901413 0.039979033172130585 2.5402779579162598
0.05005711317062378 0.043287184089422226 2.707972288131714
0.05020897462964058 0.04394814744591713 2.504330635070801
0.050626832991838455 0.04372112452983856 2.76228404045105
0.04668768495321274 0.040077924728393555 2.6439034938812256
0.049434445798397064 0.04272808879613876 2.682542085647583
0.05013337731361389 0.04319296404719353 2.77616548538208
0.04900602251291275 0.042354803532361984 2.6604883670806885
0.04829620569944382 0.04173348844051361 2.6250877380371094
0.047330342233181 0.040965721011161804 2.5458483695983887
0.04815785959362984 0.041525281965732574 2.653031349182129
0.049322083592414856 0.04283173009753227 2.596141815185547
0.047967564314603806 0.04108816385269165 2.7517600059509277
0.04709997773170471 0.04043767228722572 2.6649227142333984
0.04949027672410011 0.04305121675133705 2.5756237506866455
0.0493309386074543 0.043174561113119125 2.462550640106201
0.04696228355169296 0.040459007024765015 2.6013100147247314
0.04821855574846268 0.04160347580909729 2.646031379699707
0.04637842997908592 0.04016928747296333 2.4836573600769043
0.047923263162374496 0.041221149265766144 2.680845260620117
0.04650397226214409 0.039888687431812286 2.6461143493652344
0.047218937426805496 0.040697306394577026 2.6086530685424805
0.045040830969810486 0.03871005028486252 2.5323126316070557
0.049223460257053375 0.043179139494895935 2.417728900909424
0.048860661685466766 0.042448490858078 2.5648679733276367
0.046374354511499405 0.0404343381524086 2.3760061264038086
0.0486033596098423 0.043101876974105835 2.2005934715270996
0.05025304853916168 0.04368111491203308 2.6287736892700195
0.04738328605890274 0.04154651612043381 2.334707736968994
0.04949288070201874 0.0428793802857399 2.645399808883667
0.04622124135494232 0.03956085816025734 2.6641530990600586
0.048461101949214935 0.042022038251161575 2.5756263732910156
0.0501677542924881 0.0434357188642025 2.6928133964538574
0.049886032938957214 0.04329769313335419 2.635335922241211
0.04671754688024521 0.03951490670442581 2.881056547164917
0.04860244691371918 0.04152476415038109 2.831073760986328
0.04816136509180069 0.04166978970170021 2.596630334854126
0.048518769443035126 0.04183417558670044 2.673837184906006
0.045507390052080154 0.03946058452129364 2.4187216758728027
0.04822945594787598 0.042088866233825684 2.456235647201538
0.0468234084546566 0.04015147686004639 2.6687726974487305
0.04795060306787491 0.04135017842054367 2.640169620513916
0.047388285398483276 0.040759146213531494 2.651656150817871
0.04511229693889618 0.038468681275844574 2.65744686126709
0.04936264455318451 0.04266724735498428 2.678159713745117
0.047215789556503296 0.0407547727227211 2.584406614303589
0.04687715321779251 0.04004520922899246 2.7327778339385986
0.048878639936447144 0.04208537936210632 2.7173047065734863
0.04835502803325653 0.04135966673493385 2.798145055770874
0.046064216643571854 0.03947426378726959 2.635981559753418
0.05045245215296745 0.043824486434459686 2.651186943054199
0.05106816813349724 0.04451404884457588 2.621647357940674
0.04908357188105583 0.042651474475860596 2.5728390216827393
0.05015742406249046 0.04376117140054703 2.5585012435913086
0.047608476132154465 0.040725402534008026 2.7532293796539307
0.04601641371846199 0.03957829624414444 2.575246810913086
0.047901615500450134 0.041403628885746 2.599194288253784
0.05208950862288475 0.04523627087473869 2.7412948608398438
0.05293803662061691 0.04598814621567726 2.779956340789795
0.04837440699338913 0.0413191020488739 2.822122097015381
0.04987010732293129 0.04292862117290497 2.776594400405884
0.049540743231773376 0.042430587112903595 2.844062328338623
0.04647625610232353 0.039515525102615356 2.7842929363250732
0.05005646497011185 0.043396323919296265 2.6640572547912598
0.050694845616817474 0.04362614452838898 2.827481269836426
0.04844030737876892 0.04183304309844971 2.6429052352905273
0.04633376747369766 0.03911665827035904 2.886843204498291
0.04935828223824501 0.04209357500076294 2.9058828353881836
0.04686211794614792 0.03981338441371918 2.8194940090179443
0.051414746791124344 0.044514093548059464 2.7602615356445312
0.04649944603443146 0.03933321684598923 2.866492509841919
0.048066649585962296 0.04141977056860924 2.658751964569092
0.047910746186971664 0.041269101202487946 2.6566576957702637
0.04555630311369896 0.03870531544089317 2.7403950691223145
0.04789277911186218 0.04087095707654953 2.808729648590088
0.04966028407216072 0.04232174903154373 2.9354138374328613
0.045999880880117416 0.03917982429265976 2.728022813796997
0.049324195832014084 0.04239993914961815 2.769702434539795
0.049938492476940155 0.04294435679912567 2.797654867172241
0.05031115189194679 0.043126266449689865 2.8739542961120605
0.05015837401151657 0.0430418960750103 2.8465919494628906
0.04693392664194107 0.04054176062345505 2.556865692138672
0.0478457510471344 0.0409821942448616 2.745422840118408
0.04768446087837219 0.040837861597537994 2.7386393547058105
0.052979134023189545 0.046181559562683105 2.7190303802490234
0.045183878391981125 0.037907280027866364 2.9106392860412598
0.04856770485639572 0.04150758683681488 2.8240480422973633
0.05073244869709015 0.04408324882388115 2.659679889678955
0.048795100301504135 0.04197561740875244 2.727792739868164
0.04764069989323616 0.040694452822208405 2.778498888015747
0.04877375438809395 0.041353050619363785 2.9682812690734863
0.047516338527202606 0.040831200778484344 2.6740550994873047
0.045313760638237 0.03830762207508087 2.802454948425293
0.04950563609600067 0.04278143122792244 2.689682722091675
0.047131069004535675 0.04060737043619156 2.6094799041748047
0.04775251820683479 0.040885865688323975 2.7466607093811035
0.04948951676487923 0.042735692113637924 2.7015299797058105
0.047791533172130585 0.040430933237075806 2.944239854812622
0.04996497929096222 0.042788080871105194 2.8707590103149414
0.05038445070385933 0.04327377676963806 2.8442702293395996
0.04782953858375549 0.040116868913173676 3.0850675106048584
0.04815858229994774 0.04148518666625023 2.6693577766418457
0.04524067044258118 0.03816823661327362 2.828972816467285
0.04898494482040405 0.04263172298669815 2.541288375854492
0.04834437742829323 0.04145979508757591 2.7538328170776367
0.04600048437714577 0.03935255855321884 2.659170627593994
0.047651369124650955 0.0408012717962265 2.7400388717651367
0.045901812613010406 0.03907614201307297 2.730268955230713
0.045315925031900406 0.03876185417175293 2.6216280460357666
0.0460774265229702 0.03974449634552002 2.533172130584717
0.05140727758407593 0.04480975493788719 2.6390089988708496
0.04462860897183418 0.03819369524717331 2.5739657878875732
0.04746859520673752 0.040721528232097626 2.6988275051116943
0.05149483680725098 0.04499819874763489 2.5986554622650146
0.047912441194057465 0.04095793515443802 2.7818031311035156
0.046571195125579834 0.040217429399490356 2.541506767272949
0.047582074999809265 0.04103344678878784 2.6194519996643066
0.04928569123148918 0.04330618679523468 2.391801357269287
0.04621650651097298 0.039586685597896576 2.651928663253784
0.0476972758769989 0.041117068380117416 2.6320836544036865
0.04852070286870003 0.04156671464443207 2.7815959453582764
0.04469432681798935 0.03800750523805618 2.674729347229004
0.0466521717607975 0.03996067866683006 2.6765975952148438
0.04739588499069214 0.04087168723344803 2.609679937362671
0.04650595039129257 0.03948844224214554 2.8070027828216553
0.0493624322116375 0.04194451868534088 2.967165946960449
0.04795539379119873 0.041079603135585785 2.7503161430358887
0.04771273955702782 0.040837787091732025 2.749981164932251
0.04717519134283066 0.040878910571336746 2.518512010574341
0.0464722216129303 0.039525046944618225 2.7788705825805664
0.04424270987510681 0.03772982954978943 2.6051526069641113
0.04789148271083832 0.04050910845398903 2.952949285507202
0.04651472344994545 0.0395965501666069 2.7672691345214844
0.046596016734838486 0.04011724144220352 2.5915098190307617
0.04522867128252983 0.038913656026124954 2.5260064601898193
0.047224871814250946 0.041097503155469894 2.4509482383728027
0.04567915201187134 0.03898122161626816 2.6791725158691406
0.04614467918872833 0.03981690853834152 2.5311079025268555
0.048430830240249634 0.04182501509785652 2.6423263549804688
0.045141518115997314 0.039004623889923096 2.4547574520111084
0.04948139935731888 0.04279367998242378 2.6750869750976562
0.04748063161969185 0.04096648097038269 2.6056599617004395
0.045812901109457016 0.039277128875255585 2.6143083572387695
0.04759147763252258 0.04086679965257645 2.6898717880249023
0.05142844840884209 0.04488004744052887 2.6193604469299316
0.04872353747487068 0.041697800159454346 2.8102946281433105
0.05081481114029884 0.044154755771160126 2.6640219688415527
0.047171417623758316 0.0395871102809906 3.0337235927581787
0.046875275671482086 0.04000995680689812 2.7461278438568115
0.044340502470731735 0.036793652921915054 3.018740177154541
0.049420617520809174 0.04146408289670944 3.182614326477051
0.04743491858243942 0.0399012491106987 3.0134670734405518
0.04915964603424072 0.04188962280750275 2.9080095291137695
0.04846321791410446 0.04114989936351776 2.925327777862549
0.04466616362333298 0.03694054111838341 3.0902490615844727
0.04840667173266411 0.04077381640672684 3.0531423091888428
0.04653271287679672 0.039617229253053665 2.7661938667297363
0.04575362801551819 0.0388086698949337 2.7779831886291504
0.050938233733177185 0.04341194033622742 3.0105178356170654
0.04541381821036339 0.038580723106861115 2.7332377433776855
0.050497036427259445 0.04389156028628349 2.6421899795532227
0.048632923513650894 0.04112887382507324 3.001620054244995
0.046592485159635544 0.03971712291240692 2.7501447200775146
0.04707726091146469 0.03990287706255913 2.869753837585449
0.04780402034521103 0.04071870818734169 2.8341257572174072
0.04752735048532486 0.0404585562646389 2.8275179862976074
0.044653285294771194 0.037883661687374115 2.7078492641448975
0.04992755874991417 0.04308001697063446 2.7390172481536865
0.04976470395922661 0.04261387884616852 2.86033034324646
0.04763910919427872 0.040488701313734055 2.8601632118225098
0.04493209347128868 0.0381736159324646 2.7033915519714355
0.04640572890639305 0.03906675800681114 2.935588836669922
0.045722395181655884 0.038676194846630096 2.818479537963867
0.047687381505966187 0.04006406292319298 3.0493276119232178
0.0480276495218277 0.041038863360881805 2.7955143451690674
0.04712502285838127 0.04016681760549545 2.783282518386841
0.049640391021966934 0.04250756651163101 2.8531293869018555
0.04518355429172516 0.0381692498922348 2.805722236633301
0.048560090363025665 0.04134517163038254 2.8859682083129883
0.05116097629070282 0.04398415982723236 2.8707265853881836
0.04314681887626648 0.03592773154377937 2.887634754180908
0.04719650745391846 0.039893098175525665 2.9213645458221436
0.04932921379804611 0.04199095070362091 2.9353058338165283
0.04856947436928749 0.041677433997392654 2.7568163871765137
0.04819817095994949 0.04119570553302765 2.8009862899780273
0.045652370899915695 0.03889712318778038 2.702098846435547
0.049600474536418915 0.042907558381557465 2.67716646194458
0.046366140246391296 0.04000353813171387 2.545041084289551
0.04811369255185127 0.0416194349527359 2.597702980041504
0.04651855677366257 0.0396130308508873 2.7622101306915283
0.04561735689640045 0.039300739765167236 2.5266470909118652
0.04562676325440407 0.03868570178747177 2.7764241695404053
0.047697097063064575 0.040736451745033264 2.784257411956787
0.045852407813072205 0.03929683566093445 2.62222957611084
0.04633475840091705 0.039358727633953094 2.790412187576294
0.04686053469777107 0.039550814777612686 2.923888683319092
0.05122697725892067 0.04384433478116989 2.9530575275421143
0.047614749521017075 0.04044196009635925 2.8691163063049316
0.046973083168268204 0.039700448513031006 2.9090542793273926
0.05044414475560188 0.04315216839313507 2.91679048538208
0.04880436882376671 0.04200372099876404 2.720259189605713
0.04846188426017761 0.040866635739803314 3.038099765777588
0.04692738503217697 0.03948518633842468 2.9768803119659424
0.047905001789331436 0.04048179090023041 2.9692845344543457
0.04772572964429855 0.04108739644289017 2.655333995819092
0.04775777459144592 0.04081078618764877 2.7787959575653076
0.04721445590257645 0.04036508873105049 2.739746332168579
0.04880442097783089 0.04147268831729889 2.9326930046081543
0.049017973244190216 0.04205974563956261 2.7832913398742676
0.05160404369235039 0.04401804134249687 3.034400463104248
0.04587884992361069 0.03859664127230644 2.912883996963501
0.04947296902537346 0.04240420460700989 2.827505588531494
0.04947824403643608 0.041240304708480835 3.295175552368164
0.04779348149895668 0.04041629284620285 2.950875997543335
0.04557904601097107 0.03794893994927406 3.0520424842834473
0.049509234726428986 0.04214511066675186 2.9456496238708496
0.050279777497053146 0.042943160980939865 2.9346470832824707
0.049174487590789795 0.04186385124921799 2.9242541790008545
0.049207888543605804 0.04184863716363907 2.943699836730957
0.04751444235444069 0.0396551638841629 3.143711566925049
0.04694873094558716 0.03959472477436066 2.9416027069091797
0.048058152198791504 0.04057665169239044 2.992600440979004
0.04849441349506378 0.040947698056697845 3.018685817718506
0.0459035225212574 0.0378110334277153 3.2369961738586426
0.04668746143579483 0.039146892726421356 3.0162272453308105
0.047981295734643936 0.040937941521406174 2.8173418045043945
0.047524552792310715 0.04088492691516876 2.655850410461426
0.04653746262192726 0.039616432040929794 2.7684121131896973
0.04441020265221596 0.03748507425189018 2.7700514793395996
0.047912511974573135 0.04086941480636597 2.817239284515381
0.04576471447944641 0.03835621103644371 2.963402271270752
0.04562142491340637 0.038195982575416565 2.970177173614502
0.04958602786064148 0.04232538118958473 2.9042582511901855
0.047411222010850906 0.039813049137592316 3.03926944732666
0.04855602607131004 0.04101865738630295 3.0149474143981934
0.048430636525154114 0.04031842201948166 3.244884967803955
0.049092620611190796 0.04054807871580124 3.417815923690796
0.046440139412879944 0.03847416117787361 3.186391830444336
0.045748475939035416 0.038315631449222565 2.973137378692627
0.04620600491762161 0.03845112398266792 3.1019532680511475
0.05174192413687706 0.04397307336330414 3.1075403690338135
0.04562963917851448 0.03829155117273331 2.935235023498535
0.04632985219359398 0.03885366767644882 2.990473747253418
0.04527980834245682 0.03795107826590538 2.931492805480957
0.049165576696395874 0.042214296758174896 2.7805116176605225
0.04743804782629013 0.04050228372216225 2.774306535720825
0.05037787929177284 0.04276939481496811 3.043393611907959
0.048050809651613235 0.040966492146253586 2.8337268829345703
0.04790382459759712 0.04053904116153717 2.945913314819336
0.04821540415287018 0.041233159601688385 2.7928977012634277
0.04768463596701622 0.04049909487366676 2.8742167949676514
0.05035557225346565 0.042747724801301956 3.0431385040283203
0.047601379454135895 0.04021336883306503 2.9552040100097656
0.04579988121986389 0.03831036388874054 2.9958066940307617
0.04364389926195145 0.03593694046139717 3.0827834606170654
0.048032455146312714 0.04038151353597641 3.0603761672973633
0.04637450724840164 0.038795243948698044 3.0317046642303467
0.046738795936107635 0.03933088481426239 2.963165283203125
0.04539626091718674 0.03803614154458046 2.9440486431121826
0.05089977756142616 0.043468788266181946 2.972395420074463
0.048152945935726166 0.040890999138355255 2.904778480529785
0.044843222945928574 0.037629999220371246 2.8852901458740234
0.04750033840537071 0.04010734707117081 2.9571971893310547
0.04440877586603165 0.036407940089702606 3.2003345489501953
