0.26324260234832764 0.25120842456817627 1.203416347503662
0.2582925260066986 0.2508583664894104 0.743416428565979
0.2526574730873108 0.24596944451332092 0.6688013672828674
0.22245420515537262 0.21493539214134216 0.7518808841705322
0.23117296397686005 0.22360959649085999 0.7563362717628479
0.20441894233226776 0.19671091437339783 0.7708025574684143
0.19736909866333008 0.19010905921459198 0.7260042428970337
0.18403828144073486 0.17760229110717773 0.6435997486114502
0.18407709896564484 0.17757418751716614 0.6502916812896729
0.1890931874513626 0.18304386734962463 0.604932427406311
0.18571746349334717 0.17920514941215515 0.6512308120727539
0.17183426022529602 0.1656319499015808 0.620231032371521
0.1606810986995697 0.15465307235717773 0.6028028130531311
0.16390828788280487 0.1577824056148529 0.6125878095626831
0.1530267745256424 0.14756226539611816 0.5464509725570679
0.1387598216533661 0.1334121823310852 0.5347638130187988
0.1496623158454895 0.14417047798633575 0.5491833090782166
0.14017249643802643 0.13483041524887085 0.5342086553573608
0.13883356750011444 0.1339236944913864 0.49098706245422363
0.1287977248430252 0.12397358566522598 0.4824141561985016
0.13072364032268524 0.12546831369400024 0.5255323052406311
0.11767861247062683 0.11287203431129456 0.4806574583053589
0.1226048693060875 0.11780337244272232 0.4801498055458069
0.124139204621315 0.11940590292215347 0.47332996129989624
0.11803989857435226 0.11372373253107071 0.4316164553165436
0.11264407634735107 0.10855811089277267 0.408596932888031
0.10829836130142212 0.10440617799758911 0.3892180919647217
0.11101265251636505 0.10698877274990082 0.40238815546035767
0.10368572175502777 0.09957480430603027 0.4110916554927826
0.10011962801218033 0.09598631411790848 0.41333141922950745
0.10317007452249527 0.09911849349737167 0.4051583409309387
0.09755593538284302 0.0938381627202034 0.37177765369415283
0.09496669471263885 0.09101362526416779 0.39530694484710693
0.1004013866186142 0.0965927392244339 0.3808644413948059
0.09539388865232468 0.09157909452915192 0.3814793825149536
0.09437983483076096 0.09077988564968109 0.3599947988986969
0.08970531076192856 0.08620521426200867 0.3500100076198578
0.08969779312610626 0.08611123263835907 0.35865604877471924
0.09291654080152512 0.08944994956254959 0.3466587960720062
0.0908847376704216 0.08747507631778717 0.3409663736820221
0.08850660920143127 0.08509628474712372 0.3410326838493347
0.08766847848892212 0.08405538648366928 0.3613094687461853
0.0840267688035965 0.0803479552268982 0.36788126826286316
0.08557701855897903 0.08200401812791824 0.3572997748851776
0.0859372690320015 0.08231803774833679 0.3619232773780823
0.08645085245370865 0.08292794227600098 0.35229119658470154
0.08402863144874573 0.08054891973733902 0.3479708433151245
0.08369585126638412 0.08028443157672882 0.34114184975624084
0.08169716596603394 0.0783446803689003 0.335248202085495
0.0801364928483963 0.07679310441017151 0.33433881402015686
0.07752255350351334 0.07419265806674957 0.3329896330833435
0.07934385538101196 0.07631600648164749 0.3027845323085785
0.07866695523262024 0.07569773495197296 0.29692190885543823
0.07965746521949768 0.07652033865451813 0.3137124180793762
0.07467056065797806 0.0714421272277832 0.32284313440322876
0.0791517123579979 0.07573950290679932 0.3412212133407593
0.07981923222541809 0.07634612172842026 0.34731078147888184
0.07647214084863663 0.07328339666128159 0.3188742995262146
0.07325224578380585 0.07010195404291153 0.315029114484787
0.07665613293647766 0.07352594286203384 0.3130192160606384
0.07658296823501587 0.07361488789319992 0.29680827260017395
0.07379740476608276 0.07102461159229279 0.2772795557975769
0.07485020905733109 0.0722547098994255 0.25954997539520264
0.07112221419811249 0.06839177757501602 0.27304357290267944
0.07244133204221725 0.0698833167552948 0.25580155849456787
0.07501853257417679 0.07240219414234161 0.2616342008113861
0.0704856738448143 0.0675974190235138 0.28882572054862976
0.0693187564611435 0.06661117076873779 0.2707589566707611
0.06954148411750793 0.06667739897966385 0.2864081859588623
0.07158289104700089 0.06869454681873322 0.28883445262908936
0.06801607459783554 0.06546728312969208 0.2548789381980896
0.06941812485456467 0.06700938940048218 0.24087387323379517
0.07012385874986649 0.06769120693206787 0.24326543509960175
0.06702861934900284 0.06461481750011444 0.2413802146911621
0.07085230946540833 0.06838344037532806 0.24688656628131866
0.07097344100475311 0.06855698674917221 0.24164515733718872
0.06558964401483536 0.06313081830739975 0.24588234722614288
0.0663595125079155 0.06381029635667801 0.2549218237400055
0.06703007966279984 0.06453490257263184 0.2495180368423462
0.06870143860578537 0.06637223064899445 0.23292061686515808
0.0689295157790184 0.06664244830608368 0.22870640456676483
0.06888700276613235 0.06668771803379059 0.21992823481559753
0.06737659126520157 0.06510527431964874 0.22713150084018707
0.06998434662818909 0.0678829625248909 0.21013867855072021
0.06852012127637863 0.06621363759040833 0.23064827919006348
0.06699810177087784 0.06487470865249634 0.2123395800590515
0.06544606387615204 0.0631677657365799 0.22782975435256958
0.06332895159721375 0.061398304998874664 0.19306430220603943
0.06349802017211914 0.061348482966423035 0.21495366096496582
0.06559960544109344 0.06366448849439621 0.1935114562511444
0.062398895621299744 0.06038542464375496 0.2013472467660904
0.06658150255680084 0.06453388929367065 0.20476123690605164
0.06565165519714355 0.06331559270620346 0.23360610008239746
0.0666809231042862 0.06444285809993744 0.22380614280700684
0.06409398466348648 0.06197860836982727 0.21153786778450012
0.06680552661418915 0.06467418372631073 0.21313458681106567
0.06518251448869705 0.06312576681375504 0.20567509531974792
0.064884714782238 0.06286266446113586 0.20220524072647095
0.06442590057849884 0.06230311840772629 0.2122785449028015
0.06191762536764145 0.05992436408996582 0.19932596385478973
0.06109195575118065 0.05912986397743225 0.19620922207832336
0.05971076339483261 0.05781947076320648 0.1891293227672577
0.06244630366563797 0.060521915555000305 0.19243893027305603
0.06506931781768799 0.06316325068473816 0.19060666859149933
0.06875406950712204 0.06678460538387299 0.19694648683071136
0.0629473477602005 0.06107737496495247 0.18699708580970764
0.061240214854478836 0.059350863099098206 0.18893523514270782
0.06072298064827919 0.05896013230085373 0.1762847900390625
0.06355449557304382 0.06159384548664093 0.19606487452983856
0.06553974002599716 0.06356541067361832 0.19743327796459198
0.06264648586511612 0.060921505093574524 0.1724984347820282
0.06462191045284271 0.06282949447631836 0.17924189567565918
0.06047414243221283 0.058714114129543304 0.17600299417972565
0.05963033437728882 0.05784783512353897 0.17824986577033997
0.06405755132436752 0.062323059886693954 0.17344911396503448
0.05977970361709595 0.05791439861059189 0.18653033673763275
0.0621601864695549 0.06022194027900696 0.19382478296756744
0.05932234227657318 0.05752477049827576 0.17975720763206482
0.060344405472278595 0.058668412268161774 0.16759926080703735
0.059862349182367325 0.05817125737667084 0.16910913586616516
0.0616316981613636 0.06000802293419838 0.1623675525188446
0.06131332740187645 0.05979657545685768 0.15167510509490967
0.06050409749150276 0.058951955288648605 0.15521419048309326
0.06027225777506828 0.0587126687169075 0.15595898032188416
0.05899279937148094 0.05751041695475578 0.14823833107948303
0.06024768576025963 0.058765530586242676 0.14821548759937286
0.06249352917075157 0.06082332134246826 0.16702067852020264
0.06075597554445267 0.059234656393527985 0.15213195979595184
0.05950302258133888 0.05778224393725395 0.17207792401313782
0.05828208103775978 0.05673365294933319 0.154842808842659
0.06044694781303406 0.05893433839082718 0.1512610763311386
0.06010190770030022 0.058512937277555466 0.15889698266983032
0.057935915887355804 0.056483060121536255 0.1452854573726654
0.05658327415585518 0.055044740438461304 0.15385346114635468
0.059496089816093445 0.057952553033828735 0.15435384213924408
0.05824735760688782 0.05660316348075867 0.16441959142684937
0.06135249510407448 0.05990070849657059 0.14517852663993835
0.06114950031042099 0.059802353382110596 0.13471481204032898
0.0603451244533062 0.05890756845474243 0.14375554025173187
0.0571790374815464 0.055555447936058044 0.16235880553722382
0.05974923446774483 0.05817657709121704 0.15726569294929504
0.05542883649468422 0.05399549752473831 0.14333374798297882
0.05799167603254318 0.05663730949163437 0.1354367434978485
0.06158967688679695 0.060221243649721146 0.13684330880641937
0.05866681784391403 0.057262301445007324 0.14045149087905884
0.059919703751802444 0.05854657292366028 0.13731294870376587
0.06057985872030258 0.05919520556926727 0.13846537470817566
0.060440730303525925 0.059164613485336304 0.12761151790618896
0.05741971731185913 0.05599763244390488 0.14220857620239258
0.06037664785981178 0.0591743066906929 0.12023420631885529
0.05827797204256058 0.05693621560931206 0.13417549431324005
0.056027866899967194 0.05473098158836365 0.12968851625919342
0.05747189372777939 0.056031711399555206 0.14401820302009583
0.05909892916679382 0.057677239179611206 0.1421688199043274
0.05980600789189339 0.05839144438505173 0.14145629107952118
0.055909812450408936 0.054752230644226074 0.11575836688280106
0.05699874088168144 0.05573253333568573 0.126620814204216
0.05493563786149025 0.053658805787563324 0.1276831328868866
0.06051250919699669 0.05929519608616829 0.1217312291264534
0.05952949821949005 0.05824006721377373 0.12894307076931
0.05428797006607056 0.053018465638160706 0.12695050239562988
0.05484440177679062 0.053616929799318314 0.12274734675884247
0.0586010105907917 0.05741110444068909 0.11899076402187347
0.059112656861543655 0.05786571651697159 0.1246941089630127
0.05839276313781738 0.057142749428749084 0.12500134110450745
0.05691894516348839 0.05571722984313965 0.12017171084880829
0.057081010192632675 0.05585074424743652 0.12302672863006592
0.05655333772301674 0.05543892830610275 0.11144082993268967
0.05419028177857399 0.052977465093135834 0.12128184735774994
0.054967787116765976 0.05383030325174332 0.11374854296445847
0.057685572654008865 0.056468427181243896 0.1217145249247551
0.055169034749269485 0.05403989553451538 0.11291393637657166
0.05654441565275192 0.055379051715135574 0.11653642356395721
0.05387435480952263 0.052759259939193726 0.11150950193405151
0.05785457417368889 0.05664321780204773 0.12113578617572784
0.055886585265398026 0.05470673739910126 0.11798461526632309
0.05638366937637329 0.05522729828953743 0.11563721299171448
0.05916717275977135 0.05807056277990341 0.1096610277891159
0.05560881271958351 0.05446621775627136 0.11425955593585968
0.05745774507522583 0.05629534274339676 0.11624041199684143
0.05663337931036949 0.05545275658369064 0.11806226521730423
0.054003067314624786 0.05295587703585625 0.10471890866756439
0.056892286986112595 0.055785782635211945 0.1106504574418068
0.05607059225440025 0.05501900985836983 0.10515820980072021
0.056641947478055954 0.05561957508325577 0.10223719477653503
0.056147076189517975 0.05507678538560867 0.10702899098396301
0.05383780971169472 0.052706848829984665 0.1130959764122963
0.053608488291502 0.05253931134939194 0.1069178655743599
0.0541960671544075 0.05307621508836746 0.1119852215051651
0.05261491611599922 0.05163014307618141 0.09847716987133026
0.055570196360349655 0.054525330662727356 0.10448654741048813
0.056278862059116364 0.055171094834804535 0.1107768714427948
0.05616389214992523 0.055159930139780045 0.10039626806974411
0.05442862957715988 0.05340924113988876 0.10193878412246704
0.0553378164768219 0.05434788390994072 0.09899331629276276
0.056635282933712006 0.05564204603433609 0.09932366758584976
0.057279057800769806 0.05626177042722702 0.10172857344150543
0.05586444213986397 0.05475178360939026 0.1112658679485321
0.05741257593035698 0.056396204978227615 0.10163719207048416
0.055739354342222214 0.05474763363599777 0.09917223453521729
0.05590859428048134 0.05492330715060234 0.09852862358093262
0.05830695107579231 0.05728773772716522 0.10192124545574188
0.056030917912721634 0.05504505708813667 0.09858617186546326
0.053363069891929626 0.05238109827041626 0.09819716215133667
0.055640410631895065 0.054637666791677475 0.10027428716421127
0.052952200174331665 0.051975805312395096 0.09763951599597931
0.05654314160346985 0.05564868450164795 0.08944560587406158
0.056364282965660095 0.05537091940641403 0.09933634847402573
0.05759288743138313 0.056559912860393524 0.10329753905534744
0.05659112334251404 0.055620722472667694 0.09704004228115082
0.05642580986022949 0.05543877184391022 0.09870368242263794
0.05766930803656578 0.05669371783733368 0.09755899012088776
0.059775687754154205 0.058805592358112335 0.0970095545053482
0.053148724138736725 0.05225607380270958 0.0892648994922638
0.054401639848947525 0.05348798260092735 0.09136554598808289
0.05405716598033905 0.05304676294326782 0.10104034841060638
0.055148303508758545 0.054283060133457184 0.0865243673324585
0.05574726313352585 0.05481360852718353 0.09336556494235992
0.056876346468925476 0.05589020252227783 0.09861427545547485
0.05475127324461937 0.053844891488552094 0.09063828736543655
0.05402665585279465 0.05307240039110184 0.09542550146579742
0.057900454849004745 0.05693329498171806 0.09671587496995926
0.056962329894304276 0.055991388857364655 0.09709428250789642
0.054956287145614624 0.054030001163482666 0.09262873232364655
0.05272500216960907 0.05180253088474274 0.09224715828895569
0.05705232173204422 0.05619733780622482 0.08549843728542328
0.05681680887937546 0.05600586533546448 0.0810941830277443
0.055338304489851 0.05448748543858528 0.08508183807134628
0.05698707327246666 0.05613642930984497 0.0850643515586853
0.054091691970825195 0.05326145887374878 0.08302333950996399
0.05638697370886803 0.0555095300078392 0.08774448931217194
0.05601038038730621 0.05513779819011688 0.08725827932357788
0.05639203265309334 0.055522896349430084 0.08691367506980896
0.054521966725587845 0.05365057289600372 0.08713928610086441
0.05402710288763046 0.05311024934053421 0.09168551862239838
0.05666708946228027 0.055660199373960495 0.10068897902965546
0.05255381762981415 0.051758985966444016 0.07948316633701324
0.05381903424859047 0.052868906408548355 0.09501269459724426
0.054520539939403534 0.05375155806541443 0.0768980011343956
0.058095481246709824 0.057241905480623245 0.0853576809167862
0.05895690992474556 0.05811859667301178 0.08383117616176605
0.05481262877583504 0.053965888917446136 0.08467388153076172
0.05317644029855728 0.05234723910689354 0.08291993290185928
0.055569328367710114 0.05463036149740219 0.09389658272266388
0.05489746481180191 0.05408317595720291 0.0814289003610611
0.05363991856575012 0.05281360447406769 0.0826314240694046
0.0562242828309536 0.055394139140844345 0.0830143392086029
0.05832522362470627 0.057500459253787994 0.08247651159763336
0.05474669486284256 0.05392826348543167 0.08184321224689484
0.054251398891210556 0.05340880900621414 0.08425884693861008
0.0540633499622345 0.05328948795795441 0.07738606631755829
0.05695813521742821 0.05624433606863022 0.07137991487979889
0.05269484221935272 0.05190691724419594 0.07879242300987244
0.05289887636899948 0.05214181914925575 0.07570581138134003
0.053825199604034424 0.05305701121687889 0.07681886851787567
0.053995195776224136 0.053257137537002563 0.07380594313144684
0.056686341762542725 0.0558830164372921 0.08033238351345062
0.05296139046549797 0.05212707072496414 0.08343186974525452
0.05440392717719078 0.05364333838224411 0.07605886459350586
0.05235007032752037 0.05162665620446205 0.07234147936105728
0.054451994597911835 0.0538172572851181 0.06347379088401794
0.0544399730861187 0.053684815764427185 0.07551569491624832
0.053056977689266205 0.05226264148950577 0.07943343371152878
0.0586681067943573 0.05789341777563095 0.07746903598308563
0.05426838994026184 0.05350764840841293 0.07607400417327881
0.04951779171824455 0.048728182911872864 0.07896088063716888
0.052357640117406845 0.051576241850852966 0.07813994586467743
0.054994743317365646 0.05423698201775551 0.07577598094940186
0.05613936856389046 0.05535653233528137 0.07828371971845627
0.055754370987415314 0.05498156324028969 0.07728084921836853
0.054344307631254196 0.053662315011024475 0.06819936633110046
0.05437638238072395 0.05366532504558563 0.07110588252544403
0.056544940918684006 0.05578087642788887 0.07640644162893295
0.05450606346130371 0.05380704626441002 0.06990157067775726
0.05400896444916725 0.05327173322439194 0.07372301071882248
0.056938182562589645 0.0562165305018425 0.07216504961252213
0.058923814445734024 0.05822218209505081 0.07016317546367645
0.05454451963305473 0.05385972559452057 0.06847932934761047
0.055955372750759125 0.05530779808759689 0.06475737690925598
0.05177273973822594 0.05110745131969452 0.06652884930372238
0.05559452995657921 0.054886870086193085 0.07076604664325714
0.05693794786930084 0.05617880821228027 0.07591410726308823
0.05299274995923042 0.05234929919242859 0.06434491276741028
0.051359206438064575 0.05066509172320366 0.06941135972738266
0.05394416302442551 0.05329783260822296 0.06463302671909332
0.05301516503095627 0.05232277140021324 0.06923943012952805
0.051588159054517746 0.050944454967975616 0.06437032669782639
0.05856548994779587 0.057851821184158325 0.07136686146259308
0.05239659920334816 0.05171806365251541 0.06785362958908081
0.054989058524370193 0.05438501387834549 0.060404498130083084
0.05278187617659569 0.05209967494010925 0.06821995228528976
0.05317547172307968 0.05249272286891937 0.06827494502067566
0.057987913489341736 0.057269707322120667 0.0718204528093338
0.05716598406434059 0.05646239593625069 0.07035879045724869
0.0540921613574028 0.05339117348194122 0.0700988844037056
0.05385097861289978 0.05319346860051155 0.06575088202953339
0.05400422215461731 0.053353480994701385 0.06507399678230286
0.052084602415561676 0.051456041634082794 0.06285624951124191
0.05188989266753197 0.051251888275146484 0.06380045413970947
0.05102922394871712 0.050431933254003525 0.059729140251874924
0.05753376707434654 0.05684163048863411 0.06921382248401642
0.05654755234718323 0.05584704130887985 0.07005111873149872
0.053720131516456604 0.053129300475120544 0.05908294767141342
0.054513074457645416 0.05385290086269379 0.06601734459400177
0.05388461798429489 0.05323687940835953 0.06477373093366623
0.05711640790104866 0.05642274394631386 0.06936624646186829
0.05240030959248543 0.051804233342409134 0.05960746854543686
0.053044404834508896 0.052408717572689056 0.06356874853372574
0.05227319151163101 0.051682353019714355 0.05908376723527908
0.05092872679233551 0.05030147731304169 0.06272479146718979
0.055658869445323944 0.05502024665474892 0.0638621598482132
0.05621903017163277 0.05554106831550598 0.06779634952545166
0.052122604101896286 0.05149524658918381 0.06273592263460159
0.05263790488243103 0.05207738280296326 0.056052275002002716
0.05245521664619446 0.05180465430021286 0.06505604833364487
0.05319661274552345 0.05262596160173416 0.057065293192863464
0.05399435758590698 0.05336947739124298 0.0624881274998188
0.05251302197575569 0.05190322548151016 0.060979731380939484
0.05257359892129898 0.05192306265234947 0.06505360454320908
0.05595409870147705 0.05527183413505554 0.06822659820318222
0.05160967633128166 0.051066476851701736 0.05431994050741196
0.056726839393377304 0.056137025356292725 0.05898153781890869
0.054332584142684937 0.05377782881259918 0.055475473403930664
0.056429047137498856 0.05578550696372986 0.06435412168502808
0.054352112114429474 0.05375425145030022 0.059786099940538406
0.05217522382736206 0.051609352231025696 0.05658719688653946
0.05640988424420357 0.055858347564935684 0.05515366792678833
0.052151747047901154 0.05159260705113411 0.05591394752264023
0.052714377641677856 0.05221091955900192 0.05034579709172249
0.05384111776947975 0.05328724533319473 0.05538741126656532
0.05496539548039436 0.054394882172346115 0.05705128610134125
0.057292621582746506 0.05667334794998169 0.06192747503519058
0.05020895600318909 0.04967199265956879 0.05369645729660988
0.05507709085941315 0.0544707328081131 0.060635846108198166
0.05701388791203499 0.056407630443573 0.06062575802206993
0.05022892728447914 0.04973113536834717 0.049779362976551056
0.057616546750068665 0.05710849165916443 0.05080558732151985
0.05157331004738808 0.051016487181186676 0.05568215250968933
0.05485065281391144 0.05425579100847244 0.05948605388402939
0.056587155908346176 0.05600805953145027 0.057909563183784485
0.056435685604810715 0.05585475265979767 0.058093149214982986
0.054332584142684937 0.0537441186606884 0.05884649604558945
0.05905817076563835 0.05847509205341339 0.05830780044198036
0.053890857845544815 0.05334017425775528 0.05506836250424385
0.05408703163266182 0.05359235778450966 0.049467384815216064
0.051132120192050934 0.0506032332777977 0.05288887396454811
0.055965207517147064 0.055424273014068604 0.05409348011016846
0.053619056940078735 0.053088828921318054 0.053022805601358414
0.05397561937570572 0.05341625213623047 0.055936820805072784
0.05447724089026451 0.05393482744693756 0.05424121767282486
0.04940047487616539 0.048930574208498 0.04698994755744934
0.05332411825656891 0.05283145606517792 0.049266234040260315
0.05590248107910156 0.05537709593772888 0.05253850296139717
0.053796108812093735 0.05320538580417633 0.05907212942838669
0.05501779913902283 0.05445438623428345 0.056341394782066345
0.051286011934280396 0.05079663544893265 0.04893783852458
0.053677089512348175 0.053172528743743896 0.05045626685023308
0.053905945271253586 0.05329765006899834 0.06082954257726669
0.053622785955667496 0.053087521344423294 0.05352647230029106
0.05236838757991791 0.051829129457473755 0.05392599105834961
0.05301026999950409 0.05249900743365288 0.0511261522769928
0.052961379289627075 0.05238615721464157 0.05752228945493698
0.0535917691886425 0.05308143049478531 0.051033731549978256
0.05906306207180023 0.0584898479282856 0.057321444153785706
0.048581186681985855 0.04808297008275986 0.04982175678014755
0.05252588167786598 0.05200941115617752 0.05164716765284538
0.052788145840168 0.05225498974323273 0.0533156543970108
0.05421227589249611 0.053700678050518036 0.051159605383872986
0.0492546446621418 0.048793308436870575 0.0461336150765419
0.05233954265713692 0.05187809467315674 0.046144746243953705
0.0517675019800663 0.051300860941410065 0.046663954854011536
0.05192659795284271 0.05140096694231033 0.05256293714046478
0.053962092846632004 0.053513042628765106 0.04490502551198006
0.051657967269420624 0.051186125725507736 0.04718406870961189
0.052490800619125366 0.05198797583580017 0.05028240382671356
0.05652477219700813 0.0559811070561409 0.054366447031497955
0.05387071892619133 0.05343557894229889 0.043514080345630646
0.05376206710934639 0.053279273211956024 0.04827931523323059
0.05359724909067154 0.05311461538076401 0.048263467848300934
0.05487992987036705 0.0543685182929039 0.051141269505023956
0.050325654447078705 0.04987291246652603 0.04527401179075241
0.05346807464957237 0.05297667905688286 0.04913973808288574
0.0538674034178257 0.053355805575847626 0.05115976929664612
0.05290280655026436 0.0523623451590538 0.054046012461185455
0.0540749616920948 0.05359498783946037 0.04799746721982956
0.05002472922205925 0.04951927810907364 0.050545163452625275
0.05175124481320381 0.051286399364471436 0.04648468643426895
0.05348169431090355 0.05303342640399933 0.04482661932706833
0.05220254510641098 0.051712751388549805 0.048979513347148895
0.0547897107899189 0.05425724759697914 0.05324626713991165
0.055603377521038055 0.05507843941450119 0.05249383673071861
0.055465295910835266 0.054911524057388306 0.05537707358598709
0.05492435768246651 0.05437513440847397 0.054922379553318024
0.05132843181490898 0.050753701478242874 0.057473115622997284
0.053044479340314865 0.05252351611852646 0.052096232771873474
0.051832180470228195 0.05132431164383888 0.05078694969415665
0.053497251123189926 0.05300327390432358 0.04939785599708557
0.052819281816482544 0.0523015633225441 0.051771778613328934
0.055529527366161346 0.05499988794326782 0.05296405404806137
0.053596291691064835 0.05309700965881348 0.04992827773094177
0.058071427047252655 0.05754106491804123 0.05303608626127243
0.04886511340737343 0.048369523137807846 0.04955887049436569
0.053647469729185104 0.05310022830963135 0.054723963141441345
0.05294372886419296 0.0523981973528862 0.054553233087062836
0.05297644063830376 0.052451834082603455 0.0524606928229332
0.05405088886618614 0.05352134257555008 0.052954547107219696
0.054432760924100876 0.05392129346728325 0.051146864891052246
0.05256590247154236 0.05207539349794388 0.04905106872320175
0.05372965708374977 0.05324474722146988 0.04849088191986084
0.052926626056432724 0.05244367569684982 0.04829488694667816
0.055572159588336945 0.055038679391145706 0.053348153829574585
0.05053342506289482 0.050054892897605896 0.04785331338644028
0.051988836377859116 0.051477666944265366 0.05111704021692276
0.0546860434114933 0.05425555631518364 0.04304862394928932
0.051468927413225174 0.051018282771110535 0.045064326375722885
0.05585452914237976 0.055373478680849075 0.04810494929552078
0.0537894144654274 0.05328894406557083 0.0500471368432045
0.05076625570654869 0.05029334872961044 0.04729066789150238
0.05424019321799278 0.05371204391121864 0.052815087139606476
0.0518503300845623 0.05137480050325394 0.04755302518606186
0.054362740367650986 0.053871408104896545 0.04913324862718582
0.051739130169153214 0.051278527826070786 0.04606034606695175
0.056142594665288925 0.0555642768740654 0.05783184617757797
0.05362047255039215 0.053131766617298126 0.048870425671339035
0.05382704362273216 0.05331855267286301 0.05084913596510887
0.05389173701405525 0.053375981748104095 0.05157554894685745
0.052431486546993256 0.051894381642341614 0.05371063947677612
0.052449822425842285 0.05195759981870651 0.04922214895486832
0.05200454965233803 0.051516398787498474 0.04881521314382553
0.05447080358862877 0.0539354532957077 0.053534891456365585
0.053063031286001205 0.05256068706512451 0.050234511494636536
0.05383310839533806 0.05336374789476395 0.046935923397541046
0.052870798856019974 0.05241025611758232 0.0460544154047966
0.05454937741160393 0.05407697707414627 0.04724019393324852
0.054112713783979416 0.053581446409225464 0.05312689393758774
0.054120615124702454 0.05360802263021469 0.051259271800518036
0.0529971718788147 0.05247791111469269 0.051925890147686005
0.052080750465393066 0.05156220495700836 0.05185462906956673
0.05279846116900444 0.05226132273674011 0.053713876754045486
0.05443822965025902 0.05390167981386185 0.05365501344203949
0.052331484854221344 0.0518319234251976 0.0499560609459877
0.048748478293418884 0.048255786299705505 0.04926905408501625
0.050304289907217026 0.04980139434337616 0.05028953030705452
0.05235512554645538 0.0518469512462616 0.05081729590892792
0.05377154052257538 0.05327805131673813 0.049349039793014526
0.050533466041088104 0.05005708336830139 0.047638244926929474
0.049846816807985306 0.04941725358366966 0.04295644909143448
0.05393897742033005 0.053427599370479584 0.05113792046904564
0.051034267991781235 0.050543949007987976 0.049032051116228104
0.051251087337732315 0.050778236240148544 0.04728513956069946
0.05355619639158249 0.053057990968227386 0.04982062429189682
0.05238744989037514 0.051903136074543 0.048431213945150375
0.051792874932289124 0.05130156874656677 0.04913048446178436
0.053224753588438034 0.0528254508972168 0.039930447936058044
0.054901570081710815 0.05443227291107178 0.04692966863512993
0.05332692712545395 0.05287788808345795 0.04490374028682709
0.05539329722523689 0.05491610988974571 0.04771875590085983
0.05237502232193947 0.05191923677921295 0.04557868465781212
0.058129940181970596 0.057635530829429626 0.049441102892160416
0.05138499289751053 0.05094507336616516 0.04399198293685913
0.05421626567840576 0.05376138165593147 0.04548849165439606
0.05287977308034897 0.052443958818912506 0.043581556528806686
0.052153464406728745 0.051726795732975006 0.04266699403524399
0.05176553875207901 0.0512898787856102 0.04756592586636543
0.05365947633981705 0.05323052406311035 0.04289528727531433
0.05570794269442558 0.055256523191928864 0.04514197260141373
0.0525536835193634 0.05212680250406265 0.04268826171755791
0.049286019057035446 0.04881252348423004 0.047349635511636734
0.05637536942958832 0.05589728802442551 0.04780825972557068
0.052256990224123 0.05181139335036278 0.04455956071615219
0.053429026156663895 0.05293596535921097 0.04930619150400162
0.052192069590091705 0.05173663794994354 0.04554314166307449
0.053747739642858505 0.05333983525633812 0.04079050570726395
0.05184274539351463 0.05140967294573784 0.043307218700647354
0.05237293243408203 0.05196342617273331 0.040950533002614975
0.050208475440740585 0.04977498948574066 0.043348632752895355
0.05405918508768082 0.053597286343574524 0.046190038323402405
0.052344225347042084 0.051873426884412766 0.04707982391119003
0.05374548211693764 0.05330502241849899 0.044046126306056976
0.05432470142841339 0.053894706070423126 0.04299937188625336
0.05442635342478752 0.05399741977453232 0.042893216013908386
0.05300409346818924 0.05258652940392494 0.04175623133778572
0.05323011055588722 0.05279862880706787 0.04314824566245079
0.05430925637483597 0.05387307330965996 0.043618425726890564
0.052412666380405426 0.05197723209857941 0.043543510138988495
0.05502098426222801 0.054605938494205475 0.04150447994470596
0.05191049352288246 0.05153435096144676 0.03761443495750427
0.05376805365085602 0.05333465337753296 0.043339937925338745
0.05035724490880966 0.049922145903110504 0.04350991174578667
0.04965098947286606 0.04926041513681412 0.03905751556158066
0.053041085600852966 0.05266951769590378 0.03715673089027405
0.05204513669013977 0.05164828151464462 0.03968546539545059
0.05485844239592552 0.054472796618938446 0.03856443986296654
0.051092516630887985 0.05070566385984421 0.03868527337908745
0.051213935017585754 0.0508403405547142 0.037359558045864105
0.05628616735339165 0.055900175124406815 0.03859907388687134
0.05200572311878204 0.051648613065481186 0.035711050033569336
0.05494258925318718 0.054561689496040344 0.03808999061584473
0.054458752274513245 0.05404341593384743 0.04153378680348396
0.05069402605295181 0.05028560012578964 0.04084246605634689
0.053137216717004776 0.05270658805966377 0.04306298866868019
0.05315592885017395 0.05276501178741455 0.039091695100069046
0.05133343115448952 0.050889477133750916 0.044395506381988525
0.05037818104028702 0.049943458288908005 0.043472446501255035
0.04988355562090874 0.04943391680717468 0.04496392980217934
0.05114903301000595 0.050733380019664764 0.04156539961695671
0.052295491099357605 0.05180511996150017 0.04903694987297058
0.05305226892232895 0.052587252110242844 0.04650160297751427
0.05330134183168411 0.05282897502183914 0.04723680019378662
0.0559246726334095 0.055465005338191986 0.045966845005750656
0.049484193325042725 0.04904980957508087 0.04343821108341217
0.05320584401488304 0.052839163690805435 0.03666803240776062
0.052284643054008484 0.051860496401786804 0.04241461306810379
0.05365359038114548 0.05321875959634781 0.04348309338092804
0.05018315836787224 0.04977380484342575 0.04093553125858307
0.05513662099838257 0.054676733911037445 0.045988671481609344
0.05066095292568207 0.0502193421125412 0.044161126017570496
0.05399377644062042 0.05356423556804657 0.04295390471816063
0.05515557527542114 0.054688237607479095 0.046733610332012177
0.05389818921685219 0.05349196121096611 0.040622878819704056
0.053149767220020294 0.052759379148483276 0.03903880715370178
0.050971925258636475 0.05061142519116402 0.036049842834472656
0.05347568541765213 0.05314038321375847 0.033530354499816895
0.05332887917757034 0.0529523566365242 0.037652429193258286
0.050390735268592834 0.05006927624344826 0.03214600682258606
0.0533362440764904 0.05295839160680771 0.03778538852930069
0.053687792271375656 0.05329187214374542 0.03959212824702263
0.053213756531476974 0.052851352840662 0.03624029830098152
0.05234803259372711 0.05195969343185425 0.0388338677585125
0.05094285309314728 0.050555478781461716 0.038737256079912186
0.05041467770934105 0.05004335194826126 0.037132617086172104
0.05232463404536247 0.0518738254904747 0.04508090019226074
0.052519623190164566 0.052150823175907135 0.036880116909742355
0.0516512431204319 0.05128856003284454 0.03626817837357521
0.04834967851638794 0.04793647676706314 0.041320331394672394
0.050696033984422684 0.05032121390104294 0.037482112646102905
0.0508047491312027 0.05037850886583328 0.04262402281165123
0.052340514957904816 0.05195602402091026 0.03844901919364929
0.05261505767703056 0.05219130218029022 0.042375437915325165
0.05495135858654976 0.0545770488679409 0.037431132048368454
0.05204317346215248 0.051672495901584625 0.03706763684749603
0.056122176349163055 0.05575299263000488 0.03691840544342995
0.050559233874082565 0.050170183181762695 0.03890514746308327
0.05219346657395363 0.05182177573442459 0.03716914355754852
0.05105135217308998 0.05068458616733551 0.036676593124866486
0.05416898801922798 0.05376604199409485 0.04029475897550583
0.054613541811704636 0.05425871163606644 0.035483069717884064
0.0511772520840168 0.05077129602432251 0.04059561714529991
0.05120345950126648 0.05082583799958229 0.03776201605796814
0.049709614366292953 0.04935084283351898 0.035877108573913574
0.05012417212128639 0.049752794206142426 0.03713785111904144
0.05598725751042366 0.05560135096311569 0.038590703159570694
0.056335922330617905 0.05599227547645569 0.03436475247144699
0.053980566561222076 0.05360583961009979 0.03747277706861496
0.054535385221242905 0.05415821075439453 0.0377175398170948
0.055520616471767426 0.055154114961624146 0.03665028512477875
0.05426785722374916 0.05385696515440941 0.04108903184533119
0.049804847687482834 0.04947282373905182 0.03320257365703583
0.051691535860300064 0.05131115764379501 0.03803800046443939
0.05312315747141838 0.05275525152683258 0.036790527403354645
0.05050498992204666 0.05014798790216446 0.03570020943880081
0.051562998443841934 0.051180921494960785 0.03820771723985672
0.05258210003376007 0.052214279770851135 0.03678195923566818
0.053539011627435684 0.053147219121456146 0.03917935863137245
0.05529235675930977 0.05483725666999817 0.04550999402999878
0.0537404827773571 0.05334995314478874 0.03905292972922325
0.05133596062660217 0.0509820356965065 0.03539234399795532
0.05126664415001869 0.0508807934820652 0.038585007190704346
0.052746374160051346 0.052317164838314056 0.04292091727256775
0.05422820523381233 0.05378623679280281 0.04419666901230812
0.05346396192908287 0.053114164620637894 0.03497964143753052
0.05610838532447815 0.05570530146360397 0.04030819982290268
0.05147373303771019 0.051086679100990295 0.03870537132024765
0.05386880785226822 0.053401075303554535 0.046773310750722885
0.05282095819711685 0.05242108926177025 0.03998694196343422
0.04932459071278572 0.04895033687353134 0.037425413727760315
0.055441904813051224 0.05505687743425369 0.03850289434194565
0.05262470617890358 0.05224912241101265 0.03755836561322212
0.05110270157456398 0.05076270550489426 0.03399955481290817
0.05359799042344093 0.053255654871463776 0.034233689308166504
0.05344139784574509 0.05310284346342087 0.033855609595775604
0.05695695802569389 0.05656909570097923 0.038786306977272034
0.05262714624404907 0.052272215485572815 0.035493239760398865
0.051590047776699066 0.05120626091957092 0.038378652185201645
0.051136478781700134 0.05077589303255081 0.0360587015748024
0.055237509310245514 0.054884470999240875 0.03530380129814148
0.048421818763017654 0.048084042966365814 0.03377768024802208
0.052237141877412796 0.051859401166439056 0.03777419030666351
0.04883585870265961 0.048541359603405 0.029450098052620888
0.05392064154148102 0.05355294048786163 0.036769989877939224
0.05154717341065407 0.05118607357144356 0.036110036075115204
0.053634755313396454 0.053283579647541046 0.03511762619018555
0.0513535812497139 0.05100046098232269 0.035311900079250336
0.05354103818535805 0.053188346326351166 0.03526908904314041
0.05398401618003845 0.05363158881664276 0.035242579877376556
0.050983697175979614 0.05063195154070854 0.035174690186977386
0.05622904375195503 0.05589837580919266 0.03306679427623749
0.05435757711529732 0.053979694843292236 0.03778808191418648
0.055366210639476776 0.05500569939613342 0.03605097904801369
0.05387698858976364 0.053511980921030045 0.03650083392858505
0.05189690366387367 0.05152198299765587 0.037491992115974426
0.050730571150779724 0.050364620983600616 0.03659495711326599
0.05480464547872543 0.05442633852362633 0.0378306582570076
0.050610676407814026 0.0502592995762825 0.035137638449668884
0.05295553803443909 0.05254816636443138 0.04073728993535042
0.053650595247745514 0.0533057302236557 0.03448668494820595
0.05370026454329491 0.053350917994976044 0.03493479639291763
0.05326708033680916 0.05287182331085205 0.039525602012872696
0.05177971348166466 0.05139172077178955 0.03879935294389725
0.056014783680438995 0.055675871670246124 0.033891186118125916
0.052648771554231644 0.05225970223546028 0.038906924426555634
0.0540817528963089 0.05367402732372284 0.04077273607254028
0.05234644189476967 0.05196135863661766 0.038508422672748566
0.05164138972759247 0.05120432376861572 0.04370661452412605
0.05083278566598892 0.0504545196890831 0.03782644867897034
0.04908406361937523 0.04872850701212883 0.03555548936128616
0.05704686790704727 0.05659506842494011 0.04517991840839386
0.05280487984418869 0.0524258092045784 0.03790710121393204
0.053305815905332565 0.05296652019023895 0.03392975032329559
0.053176797926425934 0.05280468612909317 0.03721100091934204
0.0534432977437973 0.05308709293603897 0.03562038391828537
0.05479618161916733 0.05440588295459747 0.039029695093631744
0.05493226647377014 0.05454573780298233 0.03865282982587814
0.05361480638384819 0.05321868509054184 0.0396123081445694
0.05404691770672798 0.053691454231739044 0.03554616868495941
0.050109799951314926 0.04974355176091194 0.03662488982081413
0.049512721598148346 0.04915815219283104 0.03545709699392319
0.05025244504213333 0.04990296810865402 0.03494754806160927
0.05177716165781021 0.05141063779592514 0.03665248304605484
0.055099621415138245 0.054716311395168304 0.03833106905221939
0.04824817553162575 0.04788772389292717 0.03604525327682495
0.04992808774113655 0.04955217242240906 0.03759150952100754
0.05382036417722702 0.05344892293214798 0.037144143134355545
0.052749987691640854 0.052421048283576965 0.03289397060871124
0.05418838560581207 0.05375829339027405 0.04300922155380249
0.050979312509298325 0.05065136402845383 0.032794877886772156
0.053546205163002014 0.053173862397670746 0.037234388291835785
0.05309172719717026 0.052755746990442276 0.0335979126393795
0.05333845689892769 0.05298234522342682 0.03561127930879593
0.052866727113723755 0.052508026361465454 0.03587004542350769
0.05053887143731117 0.05025360733270645 0.02852647751569748
0.052584778517484665 0.052216485142707825 0.036829181015491486
0.04923602193593979 0.048910368233919144 0.032565291970968246
0.05268239974975586 0.052331410348415375 0.03509898856282234
0.05109070613980293 0.05076424777507782 0.03264567628502846
0.05362387374043465 0.05331343412399292 0.031044047325849533
0.05347407981753349 0.05316101387143135 0.03130672499537468
0.053693126887083054 0.0533728301525116 0.0320296585559845
0.05335722118616104 0.053012873977422714 0.03443460166454315
0.055213652551174164 0.05484844744205475 0.03652050718665123
0.052790552377700806 0.052480023354291916 0.03105287253856659
0.05271410569548607 0.05237763375043869 0.033647023141384125
0.04989708960056305 0.04959949105978012 0.029759934172034264
0.0518852137029171 0.05152539163827896 0.035982389003038406
0.05363171920180321 0.05333740636706352 0.029431110247969627
0.05262969806790352 0.05231049656867981 0.03192029148340225
0.0515981987118721 0.0512353852391243 0.036281485110521317
0.05197496712207794 0.05166101083159447 0.031395550817251205
0.05247337743639946 0.05216624587774277 0.03071306087076664
0.053208231925964355 0.05286907032132149 0.03391604498028755
0.05044944956898689 0.05013425275683403 0.031519658863544464
0.05254213511943817 0.05222025513648987 0.03218811750411987
0.050596367567777634 0.05025836080312729 0.033800698816776276
0.05204000324010849 0.051771119236946106 0.026888493448495865
0.057482119649648666 0.0571163147687912 0.03658032417297363
0.05296488478779793 0.052597030997276306 0.03678533434867859
0.05012229084968567 0.0498480387032032 0.027425074949860573
0.05512525513768196 0.05478852242231369 0.03367341682314873
0.053231120109558105 0.052891410887241364 0.033970825374126434
0.051874276250600815 0.05155980959534645 0.031446672976017
0.05210697278380394 0.05179625749588013 0.031071703881025314
0.056056492030620575 0.05572957545518875 0.03269147127866745
0.054815392941236496 0.05451855808496475 0.02968359738588333
0.049942467361688614 0.04960187152028084 0.03405960649251938
0.05471549928188324 0.05438445508480072 0.03310457617044449
0.052915431559085846 0.052609626203775406 0.030580418184399605
0.05227112025022507 0.0519552156329155 0.0315903015434742
0.049261439591646194 0.04895611107349396 0.030532855540513992
0.054784804582595825 0.054455868899822235 0.032893382012844086
0.053432293236255646 0.05306592211127281 0.036637261509895325
0.05117800459265709 0.050855111330747604 0.03228919953107834
0.05227771773934364 0.0519418939948082 0.03358251601457596
0.054371178150177 0.053983673453330994 0.03875032439827919
0.051248226314783096 0.05087597295641899 0.037225380539894104
0.05011364817619324 0.04978415369987488 0.032949574291706085
0.051229119300842285 0.050905581563711166 0.03235369175672531
0.05112915113568306 0.050805412232875824 0.03237371891736984
0.054016295820474625 0.053683340549468994 0.03329534828662872
0.04947088286280632 0.049171097576618195 0.029978586360812187
0.055196236819028854 0.05486702173948288 0.032921623438596725
0.052859827876091 0.05256433039903641 0.02954983524978161
0.05231785774230957 0.05202491208910942 0.029294542968273163
0.05306657403707504 0.0527627095580101 0.03038659691810608
0.05161142721772194 0.05132436007261276 0.028706755489110947
0.05369846895337105 0.05338532477617264 0.0313144326210022
0.051335301250219345 0.0510423369705677 0.029296275228261948
0.051640357822179794 0.05134950578212738 0.029085036367177963
0.050513915717601776 0.05023182928562164 0.02820867858827114
0.051698360592126846 0.05136900395154953 0.03293568640947342
0.05408675596117973 0.053732626140117645 0.0354129821062088
0.052800245583057404 0.05251961573958397 0.028062811121344566
0.05405496060848236 0.05372042953968048 0.033453285694122314
0.054940205067396164 0.05463862419128418 0.03015797585248947
0.05364728346467018 0.053289204835891724 0.03580798953771591
0.054573725908994675 0.05427335947751999 0.03003651835024357
0.051694609224796295 0.05140156298875809 0.029304739087820053
0.04771735891699791 0.047396302223205566 0.032105833292007446
0.05254003778100014 0.05217714607715607 0.0362892746925354
0.05186065658926964 0.05153769254684448 0.03229654207825661
0.054812945425510406 0.05449555069208145 0.0317394882440567
0.056681808084249496 0.05637045204639435 0.031135763972997665
0.05224599316716194 0.051866691559553146 0.03793007507920265
0.05597032979130745 0.05557577684521675 0.039455294609069824
0.05333825573325157 0.05292655527591705 0.041170161217451096
0.051676392555236816 0.05126610025763512 0.04102928936481476
0.05238313227891922 0.052029624581336975 0.035350725054740906
0.050681330263614655 0.05032288283109665 0.0358445942401886
0.05149029195308685 0.051129698753356934 0.0360591746866703
0.051705099642276764 0.051360420882701874 0.034467801451683044
0.052228596061468124 0.05183620750904083 0.039238959550857544
0.052352581173181534 0.05199845880270004 0.035412319004535675
0.05161405727267265 0.05128542706370354 0.03286297991871834
0.05484794080257416 0.05452653765678406 0.032140158116817474
0.048868242651224136 0.04854512959718704 0.03231142461299896
0.05345304310321808 0.05305780842900276 0.03952336683869362
0.05538438633084297 0.05506076663732529 0.032362088561058044
0.049713846296072006 0.04942846670746803 0.028537852689623833
0.049974728375673294 0.04969513416290283 0.027959398925304413
0.05182237550616264 0.05150675028562546 0.03156251460313797
0.0554952472448349 0.05520283803343773 0.029240984469652176
0.05258076265454292 0.05231510102748871 0.026566173881292343
0.05379587411880493 0.05351503565907478 0.028083689510822296
0.05245201289653778 0.05215288698673248 0.02991248294711113
0.05208028480410576 0.051814768463373184 0.026551738381385803
0.051772914826869965 0.05150248855352402 0.027042588219046593
0.0510241836309433 0.050728168338537216 0.029601361602544785
0.05116802453994751 0.050865717232227325 0.030230911448597908
0.05386877804994583 0.05356047302484512 0.030830509960651398
0.05124190077185631 0.0509658083319664 0.027609074488282204
0.052824635058641434 0.0525297187268734 0.029491696506738663
0.051349032670259476 0.051077328622341156 0.027170266956090927
0.05003632232546806 0.04971717298030853 0.031914785504341125
0.05387011542916298 0.05353250354528427 0.03376106172800064
0.051441315561532974 0.05109621211886406 0.034510284662246704
0.0522758923470974 0.05197543278336525 0.030046017840504646
0.05313321575522423 0.052787575870752335 0.034563805907964706
0.05079800263047218 0.05051634460687637 0.028165780007839203
0.0553005076944828 0.054973382502794266 0.03271269053220749
0.0525226853787899 0.05220178887248039 0.03208967298269272
0.051531314849853516 0.05121979862451553 0.03115178272128105
0.050293635576963425 0.049966562539339066 0.032707467675209045
0.053069107234478 0.05270678177475929 0.03623252362012863
0.05150201916694641 0.05119349807500839 0.030852213501930237
0.055508747696876526 0.05516283959150314 0.034590814262628555
0.05411563813686371 0.05380384624004364 0.031179100275039673
0.0495537593960762 0.04926273971796036 0.02910199947655201
0.05323202908039093 0.05294797196984291 0.028405647724866867
0.05250830203294754 0.05214480310678482 0.03635001182556152
0.04963523522019386 0.04935033619403839 0.028489988297224045
0.04925689846277237 0.048987939953804016 0.026895999908447266
0.05377805233001709 0.053495220839977264 0.028283117339015007
0.04821004346013069 0.047952715307474136 0.02573293447494507
0.04737704247236252 0.04707549512386322 0.030154628679156303
0.05038769170641899 0.05010678619146347 0.028090501204133034
0.05240871384739876 0.05214492976665497 0.026378508657217026
0.05036252364516258 0.05011846125125885 0.02440628781914711
0.053192656487226486 0.05293363705277443 0.02590206265449524
0.0511830672621727 0.05091588944196701 0.026717865839600563
0.05198155343532562 0.05173582583665848 0.024572648108005524
0.052083805203437805 0.051817018538713455 0.026678772643208504
0.057690124958753586 0.05739250034093857 0.029762431979179382
0.057373497635126114 0.057083338499069214 0.02901586890220642
0.055079974234104156 0.05482921749353409 0.025075638666749
0.05258592963218689 0.05232404172420502 0.026188645511865616
0.05025400221347809 0.049959681928157806 0.02943192981183529
0.05207986757159233 0.051791198551654816 0.02886691503226757
0.055284131318330765 0.05500899627804756 0.02751336246728897
0.05105182155966759 0.05077119171619415 0.028062939643859863
0.05389537662267685 0.05360949784517288 0.02858782932162285
0.05085092782974243 0.050543710589408875 0.03072185441851616
0.049639955163002014 0.04935477301478386 0.028518322855234146
0.05101865157485008 0.050752997398376465 0.026565425097942352
0.050956372171640396 0.0506485216319561 0.030785109847784042
0.05398525297641754 0.05368658900260925 0.02986627258360386
0.05223793908953667 0.05194159597158432 0.029634198173880577
0.0513136200606823 0.051033489406108856 0.028013043105602264
0.05373638495802879 0.05342061072587967 0.03157738596200943
0.050465166568756104 0.05018557608127594 0.027959074825048447
0.05214506760239601 0.051866188645362854 0.0278877355158329
0.050135206431150436 0.04985944554209709 0.027576053515076637
0.05198885127902031 0.05168512836098671 0.030372265726327896
0.050455693155527115 0.050168391317129135 0.02873029001057148
0.05227549374103546 0.05199895054101944 0.027654308825731277
0.051531318575143814 0.051230523735284805 0.030079439282417297
0.05320928618311882 0.05295098200440407 0.025830373167991638
0.05437610670924187 0.05407819151878357 0.02979142777621746
0.0522826723754406 0.05200263112783432 0.02800430916249752
0.053119804710149765 0.052844952791929245 0.027485068887472153
0.053983528167009354 0.05372762680053711 0.025589991360902786
0.05047003552317619 0.05020993947982788 0.026009732857346535
0.05194691941142082 0.05170643329620361 0.024048510938882828
0.05057423934340477 0.05031077563762665 0.02634628489613533
0.05139925330877304 0.051111407577991486 0.028784453868865967
0.050985850393772125 0.050745125859975815 0.024072395637631416
0.05432707071304321 0.05404829978942871 0.02787727117538452
0.05374057590961456 0.05350418761372566 0.023638799786567688
0.05367235839366913 0.05341767519712448 0.025468260049819946
0.05227254331111908 0.052018582820892334 0.025396203622221947
0.051348231732845306 0.05109675973653793 0.02514730393886566
0.04933074116706848 0.04904927313327789 0.028146687895059586
0.05072970315814018 0.05047108978033066 0.02586151659488678
0.051803749054670334 0.05157911777496338 0.022463291883468628
0.04942958801984787 0.04918196052312851 0.02476269006729126
0.05483916029334068 0.054500460624694824 0.03386986255645752
0.051063019782304764 0.050776660442352295 0.028636056929826736
0.04990072920918465 0.04963900148868561 0.026172740384936333
0.05197034031152725 0.05164919048547745 0.03211497515439987
0.0523255355656147 0.052001457661390305 0.03240780159831047
0.05413370952010155 0.053808923810720444 0.032478705048561096
0.051913775503635406 0.0516057088971138 0.03080647438764572
0.05247582867741585 0.05218663066625595 0.028919734060764313
0.0526062473654747 0.05228561535477638 0.032063066959381104
0.04995972290635109 0.049677953124046326 0.028177136555314064
0.05187608674168587 0.05155481398105621 0.03212745487689972
0.0523204430937767 0.05205676704645157 0.026367485523223877
0.05109882354736328 0.050782762467861176 0.03160621225833893
0.05207005888223648 0.05184405297040939 0.022600596770644188
0.05006560683250427 0.04982799291610718 0.023761466145515442
0.05000099539756775 0.04972905293107033 0.02719436027109623
0.051358893513679504 0.0511002242565155 0.02586701698601246
0.05516789108514786 0.05491152033209801 0.02563696727156639
0.04946247860789299 0.04920181632041931 0.026066239923238754
0.05269809812307358 0.0524149164557457 0.028318295255303383
0.0502791702747345 0.04998672008514404 0.029245050624012947
0.053751442581415176 0.05347996950149536 0.027147280052304268
0.05255824327468872 0.052279599010944366 0.027864407747983932
0.055356450378894806 0.05508306622505188 0.02733835019171238
0.05143527686595917 0.051188938319683075 0.02463383600115776
0.05083884671330452 0.050550565123558044 0.028828199952840805
0.05166151747107506 0.051395952701568604 0.02655654400587082
0.05095403268933296 0.05067642778158188 0.02776031196117401
0.05030522495508194 0.050066493451595306 0.023873155936598778
0.05323716253042221 0.05299098789691925 0.02461753599345684
0.051984887570142746 0.051736246794462204 0.024864058941602707
0.05318586528301239 0.05287298560142517 0.031287893652915955
0.053273625671863556 0.052973099052906036 0.030052609741687775
0.051311127841472626 0.05101526156067848 0.0295865535736084
0.05300721898674965 0.05274365097284317 0.026356957852840424
0.051339250057935715 0.05104120075702667 0.02980487048625946
0.0551164336502552 0.054839879274368286 0.02765532024204731
0.052363160997629166 0.0520956814289093 0.026747792959213257
0.05528952181339264 0.05499234423041344 0.029717620462179184
0.053978003561496735 0.05366867780685425 0.030932530760765076
0.05243287980556488 0.0521613173186779 0.02715626358985901
0.053345292806625366 0.05307283252477646 0.027245894074440002
0.0497247576713562 0.04948710650205612 0.02376493439078331
0.04843442142009735 0.04818028211593628 0.025414006784558296
0.05497279018163681 0.054690826684236526 0.02819647267460823
0.05330270156264305 0.053020790219306946 0.028191175311803818
0.04969339817762375 0.04944674298167229 0.024665646255016327
0.05185514688491821 0.05159734934568405 0.025779716670513153
0.05271904915571213 0.052416782826185226 0.030226577073335648
0.05167989060282707 0.05130719766020775 0.03726937621831894
0.05179211124777794 0.05152253806591034 0.02695729210972786
0.052989475429058075 0.052732616662979126 0.025685694068670273
0.05008183792233467 0.049793511629104614 0.028832782059907913
0.04944608733057976 0.049174387007951736 0.027169853448867798
0.05079587921500206 0.05056086927652359 0.023500896990299225
0.049804650247097015 0.04955984652042389 0.02448052354156971
0.05229789391160011 0.051990289241075516 0.030760502442717552
0.05246107652783394 0.052175283432006836 0.028579335659742355
0.05158700793981552 0.051359739154577255 0.022726995870471
0.05228547379374504 0.05202554166316986 0.02599339187145233
0.05455422028899193 0.054296329617500305 0.025789011269807816
0.052826691418886185 0.052570343017578125 0.0256350077688694
0.05069316551089287 0.050439346581697464 0.02538178861141205
0.053278956562280655 0.05303800478577614 0.024095166474580765
0.0521186999976635 0.05183958262205124 0.027911581099033356
0.05540825426578522 0.05513913184404373 0.026912234723567963
0.05693823844194412 0.056624867022037506 0.031336985528469086
0.05015091225504875 0.049906715750694275 0.024419717490673065
0.05313510820269585 0.052824415266513824 0.031069431453943253
0.04938094690442085 0.04909493401646614 0.028601258993148804
0.05370282381772995 0.053369276225566864 0.03335466608405113
0.05287369340658188 0.05260663107037544 0.02670619823038578
0.054214250296354294 0.05393550544977188 0.027874356135725975
0.052136968821287155 0.051824308931827545 0.03126591444015503
0.0543825738132 0.054096873849630356 0.028570052236318588
0.05436568707227707 0.05408268794417381 0.028300002217292786
0.05105290189385414 0.05073557421565056 0.03173285722732544
0.05136312171816826 0.05113527178764343 0.022785048931837082
0.05146866664290428 0.05120151489973068 0.026715319603681564
0.0550445020198822 0.05475955456495285 0.028494836762547493
0.04959806054830551 0.0493210032582283 0.027705593034625053
0.05070997029542923 0.0504474937915802 0.026247553527355194
0.05139020085334778 0.05113296955823898 0.02572331391274929
0.053069405257701874 0.05275968462228775 0.030971914529800415
0.05643342062830925 0.056106939911842346 0.032648153603076935
0.04986583814024925 0.04957834258675575 0.02874952182173729
0.05292733013629913 0.05262167006731033 0.030565882101655006
0.05090894177556038 0.050643786787986755 0.026515580713748932
0.05253450945019722 0.05227496474981308 0.02595438063144684
0.04870716482400894 0.04845726862549782 0.024989590048789978
0.052331406623125076 0.0520954430103302 0.023596275597810745
0.052699461579322815 0.05242989584803581 0.02695642039179802
0.05613046512007713 0.055857107043266296 0.027335625141859055
0.055645622313022614 0.055359065532684326 0.02865556627511978
0.05192501097917557 0.05162773281335831 0.029727747663855553
0.05344356968998909 0.05313502624630928 0.030854402109980583
0.05118533596396446 0.050929777324199677 0.025555990636348724
0.05129740387201309 0.05102381482720375 0.0273587666451931
0.04935895651578903 0.04911380261182785 0.02451557293534279
0.05325618386268616 0.05297137051820755 0.028481243178248405
0.04813245311379433 0.04791635274887085 0.02160985767841339
0.05350914224982262 0.05327603965997696 0.023310143500566483
0.05342789739370346 0.05318954959511757 0.02383464016020298
0.05314730852842331 0.05290144681930542 0.024586066603660583
0.05063268542289734 0.05041108280420303 0.022160153836011887
0.05040620267391205 0.05018473416566849 0.022146936506032944
0.05064941197633743 0.050430603325366974 0.021880831569433212
0.05486194044351578 0.05459084361791611 0.02710951864719391
0.051734741777181625 0.05148269236087799 0.025205006822943687
0.051287807524204254 0.051040492951869965 0.024731280282139778
0.05423235148191452 0.05395948141813278 0.027286913245916367
0.054686617106199265 0.054436568170785904 0.025004738941788673
0.05261608585715294 0.05237029120326042 0.024579405784606934
0.0527169331908226 0.05245392397046089 0.02630104310810566
0.05159652978181839 0.05135107785463333 0.02454524300992489
0.052321549504995346 0.052069202065467834 0.02523489110171795
0.05109328031539917 0.05077549070119858 0.03177908435463905
0.05101488158106804 0.05077969655394554 0.023518478497862816
0.051483552902936935 0.05125591903924942 0.022763263434171677
0.05022181198000908 0.0499398335814476 0.028197914361953735
0.0531071312725544 0.0528896264731884 0.021750595420598984
0.05152111500501633 0.05130718648433685 0.02139291912317276
0.050771962851285934 0.050562888383865356 0.020907429978251457
0.05226650834083557 0.052004631608724594 0.026187773793935776
0.05306980758905411 0.052834752947092056 0.02350529283285141
