0.4383869171142578 0.20741325616836548 9.238945960998535
0.36186665296554565 0.20363520085811615 6.329257965087891
0.3238794207572937 0.19414547085762024 5.189357757568359
0.31471705436706543 0.19191481173038483 4.9120893478393555
0.29937541484832764 0.17799007892608643 4.855413913726807
0.2969987690448761 0.17844800651073456 4.742030143737793
0.2807396650314331 0.16257423162460327 4.726617813110352
0.26520347595214844 0.1533821076154709 4.472855091094971
0.2579350173473358 0.15279105305671692 4.205758094787598
0.24954675137996674 0.15132823586463928 3.9287405014038086
0.23755431175231934 0.14492098987102509 3.7053327560424805
0.22732281684875488 0.1396733969449997 3.505977153778076
0.22650311887264252 0.1427645981311798 3.3495407104492188
0.20704945921897888 0.1296239197254181 3.0970215797424316
0.21052849292755127 0.13235187530517578 3.1270647048950195
0.20329555869102478 0.12919047474861145 2.9642035961151123
0.1956629753112793 0.12547503411769867 2.8075180053710938
0.19579535722732544 0.12943854928016663 2.6542725563049316
0.18939439952373505 0.12396948784589767 2.6169962882995605
0.18716709315776825 0.12592822313308716 2.449554681777954
0.18136915564537048 0.12385403364896774 2.300604820251465
0.18106722831726074 0.12313905358314514 2.317127227783203
0.1821090579032898 0.1231035441160202 2.3602206707000732
0.17449283599853516 0.11994817852973938 2.181786060333252
0.16908736526966095 0.11661708354949951 2.098811149597168
0.16742609441280365 0.11552045494318008 2.076225519180298
0.1650768667459488 0.11532270908355713 1.990166187286377
0.1604316681623459 0.11075710505247116 1.9869823455810547
0.15668925642967224 0.11138871312141418 1.8120213747024536
0.15294362604618073 0.10848972201347351 1.778156042098999
0.1515517234802246 0.10876239836215973 1.7115730047225952
0.14822795987129211 0.10748971998691559 1.6295292377471924
0.14461998641490936 0.10445012152194977 1.6067943572998047
0.14659805595874786 0.10611820966005325 1.61919367313385
0.14282312989234924 0.10370033979415894 1.5649114847183228
0.14186707139015198 0.10435301810503006 1.5005624294281006
0.13765539228916168 0.10042104125022888 1.4893739223480225
0.13621902465820312 0.09929317235946655 1.477034091949463
0.13290254771709442 0.09988605231046677 1.3206596374511719
0.13325583934783936 0.09957906603813171 1.3470706939697266
0.13446082174777985 0.10005965828895569 1.3760466575622559
0.13129374384880066 0.09928399324417114 1.2803897857666016
0.12433115392923355 0.09315375983715057 1.2470957040786743
0.12873227894306183 0.09910567104816437 1.1850640773773193
0.1282409131526947 0.09805755317211151 1.2073345184326172
0.12668894231319427 0.09749051928520203 1.1679370403289795
0.11952800303697586 0.09104261547327042 1.1394155025482178
0.11911210417747498 0.09021386504173279 1.1559295654296875
0.11971017718315125 0.09327653050422668 1.0573457479476929
0.12251266837120056 0.09605920314788818 1.0581384897232056
0.11485635489225388 0.08967962861061096 1.0070691108703613
0.11886417120695114 0.0921967625617981 1.0666964054107666
0.1139538362622261 0.08990796655416489 0.9618346691131592
0.11494454741477966 0.09218347072601318 0.9104431867599487
0.11442363262176514 0.09091291576623917 0.9404284954071045
0.10997984558343887 0.08679331839084625 0.9274610877037048
0.11012838035821915 0.08795461058616638 0.8869507908821106
0.10985835641622543 0.08736161887645721 0.899869441986084
0.10988666117191315 0.08773988485336304 0.885871171951294
0.10607511550188065 0.08412782847881317 0.877891480922699
0.10501281172037125 0.08588877320289612 0.7649614214897156
0.10541585087776184 0.08598898351192474 0.7770745158195496
0.10586448758840561 0.08526897430419922 0.8238204121589661
0.10132687538862228 0.08073770999908447 0.8235666751861572
0.10605064779520035 0.08666086941957474 0.7755911946296692
0.1005089208483696 0.08209659159183502 0.7364931106567383
0.10150303691625595 0.08224652707576752 0.7702602744102478
0.1012309268116951 0.08290235698223114 0.7331428527832031
0.09592734277248383 0.07803446054458618 0.7157152891159058
0.09852278232574463 0.07969983667135239 0.7529178857803345
0.09615372121334076 0.0784720629453659 0.7072664499282837
0.09477315843105316 0.07794041931629181 0.6733095645904541
0.09473032504320145 0.07751783728599548 0.6884995698928833
0.09451420605182648 0.07782213389873505 0.6676830053329468
0.09642887860536575 0.08063790202140808 0.6316390037536621
0.09372793138027191 0.07828634232282639 0.6176636219024658
0.10000592470169067 0.08442968130111694 0.6230498552322388
0.09518411010503769 0.07986270636320114 0.6128560304641724
0.0949486568570137 0.08011577278375626 0.5933152437210083
0.08886867761611938 0.07430648803710938 0.5824874639511108
0.09123602509498596 0.07644546777009964 0.5916222333908081
0.09376444667577744 0.07862187922000885 0.6057026982307434
0.09278705716133118 0.0795956552028656 0.5276560187339783
0.09197882562875748 0.07815371453762054 0.5530043840408325
0.08543942123651505 0.0721663311123848 0.5309237241744995
0.09059425443410873 0.07775525748729706 0.5135597586631775
0.08504217863082886 0.07129644602537155 0.549829363822937
0.09061787277460098 0.07712040841579437 0.5398986339569092
0.08417167514562607 0.07189138978719711 0.4912114143371582
0.08576633036136627 0.07257288694381714 0.5277376770973206
0.0902411937713623 0.07727070152759552 0.5188198089599609
0.08816565573215485 0.07574833929538727 0.4966927468776703
0.08725108206272125 0.0753050148487091 0.4778428077697754
0.0857178345322609 0.07321695983409882 0.5000350475311279
0.08430887758731842 0.0722600594162941 0.48195284605026245
0.08488795161247253 0.07252170145511627 0.49465012550354004
0.08683156967163086 0.07474279403686523 0.48355114459991455
0.08272126317024231 0.07095079869031906 0.4708184599876404
0.08666064590215683 0.07535207271575928 0.45234280824661255
0.08273528516292572 0.07131287455558777 0.4568963050842285
0.08154404908418655 0.06966637074947357 0.47510725259780884
0.08273950964212418 0.071702741086483 0.44147080183029175
0.08394138514995575 0.07314283400774002 0.4319419860839844
0.08101789653301239 0.07006070017814636 0.4382878541946411
0.08238247781991959 0.07133617997169495 0.44185203313827515
0.08118490129709244 0.07106155157089233 0.4049338698387146
0.08427649736404419 0.07373647391796112 0.4216008186340332
0.07911830395460129 0.06870321929454803 0.4166034162044525
0.0798141285777092 0.06964940577745438 0.4065888524055481
0.08063448220491409 0.06973107159137726 0.4361363351345062
0.07871796190738678 0.06818924844264984 0.42114847898483276
0.07585874199867249 0.06613798439502716 0.38883018493652344
0.07964617758989334 0.06961438059806824 0.4012718200683594
0.08151441812515259 0.07227294147014618 0.3696591258049011
0.08173220604658127 0.07151281833648682 0.40877553820610046
0.07958381623029709 0.07007116079330444 0.3805062174797058
0.07716397941112518 0.06839387118816376 0.3508044481277466
0.0789409950375557 0.06934147328138351 0.3839809000492096
0.07595551013946533 0.06590528786182404 0.4020090103149414
0.07574963569641113 0.0664396584033966 0.37239915132522583
0.0782136470079422 0.06921258568763733 0.3600425124168396
0.07718641310930252 0.0685250386595726 0.34645503759384155
0.07760383188724518 0.0684698149561882 0.3653606176376343
0.07784328609704971 0.0691743865609169 0.34675586223602295
0.07279932498931885 0.06450039148330688 0.33195731043815613
0.07334022969007492 0.06541087478399277 0.3171742856502533
0.07588642090559006 0.06729229539632797 0.3437650203704834
0.07315854728221893 0.06436774134635925 0.351632297039032
0.07175236940383911 0.06319408118724823 0.34233152866363525
0.07074278593063354 0.06244968622922897 0.33172404766082764
0.07323775440454483 0.06545636802911758 0.31125539541244507
0.07209373265504837 0.06399284303188324 0.32403549551963806
0.07457729429006577 0.066069096326828 0.34032803773880005
0.07389800250530243 0.06611591577529907 0.3112833797931671
0.07255678623914719 0.06505556404590607 0.30004894733428955
0.07544805109500885 0.06764388829469681 0.31216657161712646
0.07696844637393951 0.06926853209733963 0.3079966902732849
0.06827002018690109 0.06092534959316254 0.293786883354187
0.07418370246887207 0.06671540439128876 0.29873180389404297
0.07495419681072235 0.06772714853286743 0.2890820801258087
0.07134020328521729 0.06388138234615326 0.2983528971672058
0.06905800849199295 0.06161664053797722 0.29765474796295166
0.07000518590211868 0.06292665004730225 0.28314146399497986
0.06983675062656403 0.06303106248378754 0.27222758531570435
0.0718894675374031 0.06462433934211731 0.29060500860214233
0.0726114958524704 0.06476370245218277 0.3139115869998932
0.07486145198345184 0.06747830659151077 0.29532569646835327
0.07237955182790756 0.0656803622841835 0.26796746253967285
0.07521124929189682 0.06830301880836487 0.2763292193412781
0.06980891525745392 0.06274588406085968 0.28252139687538147
0.06915038824081421 0.061745259910821915 0.29620498418807983
0.07408250868320465 0.06697967648506165 0.28411343693733215
0.07096370309591293 0.06436926871538162 0.263777494430542
0.06992632895708084 0.06270726770162582 0.28876250982284546
0.06621595472097397 0.059863366186618805 0.2541036605834961
0.06657623499631882 0.0598142109811306 0.2704809308052063
0.06816855818033218 0.06151953339576721 0.2659609913825989
0.06793012470006943 0.06168770790100098 0.249696746468544
0.07192493975162506 0.06547443568706512 0.25802022218704224
0.06905194371938705 0.0627719834446907 0.25119835138320923
0.06622359901666641 0.05976215377449989 0.2584577202796936
0.07119331508874893 0.06496913731098175 0.2489669919013977
0.0726330354809761 0.06627234816551208 0.25442761182785034
0.06778216361999512 0.061809830367565155 0.23889344930648804
0.0720861628651619 0.0656549483537674 0.2572486698627472
0.06840051710605621 0.06246542930603027 0.2374035269021988
0.06764303147792816 0.06177143007516861 0.23486420512199402
0.06647644937038422 0.060207754373550415 0.2507478594779968
0.06963489204645157 0.06360982358455658 0.24100267887115479
0.07278591394424438 0.06678654253482819 0.2399747669696808
0.06878043711185455 0.06296512484550476 0.2326124906539917
0.06745350360870361 0.061755403876304626 0.22792387008666992
0.06847825646400452 0.0625072717666626 0.2388392984867096
0.06760802119970322 0.06161528080701828 0.23970961570739746
0.06655871868133545 0.061055056750774384 0.22014644742012024
0.06918457895517349 0.06322786211967468 0.23826873302459717
0.06747324764728546 0.061771199107170105 0.22808188199996948
0.06754700839519501 0.061936117708683014 0.22443562746047974
0.06564315408468246 0.059849224984645844 0.23175710439682007
0.06484458595514297 0.059391044080257416 0.21814176440238953
0.0677107572555542 0.06248197704553604 0.20915111899375916
0.06762924045324326 0.06268975138664246 0.19757962226867676
0.06434837728738785 0.05844847112894058 0.23599636554718018
0.06644358485937119 0.06098507344722748 0.21834033727645874
0.06774279475212097 0.06239642947912216 0.21385450661182404
0.06168783828616142 0.0562632754445076 0.21698245406150818
0.06871446967124939 0.06299249827861786 0.2288787066936493
0.06602390855550766 0.0606536865234375 0.2148088663816452
0.0645313560962677 0.05937996506690979 0.20605579018592834
0.06459647417068481 0.05977423116564751 0.1928897202014923
0.06449815630912781 0.059095095843076706 0.2161223590373993
0.06541948765516281 0.06035887449979782 0.20242458581924438
0.06325675547122955 0.058435868471860886 0.19283559918403625
0.06421835720539093 0.059544987976551056 0.18693462014198303
0.06626957654953003 0.06127989664673805 0.1995871365070343
0.0678853765130043 0.062418267130851746 0.21868449449539185
0.06340296566486359 0.05845360457897186 0.1979745626449585
0.06516530364751816 0.06037130951881409 0.1917596459388733
0.06688624620437622 0.061723001301288605 0.2065298855304718
0.06433369964361191 0.05967617407441139 0.1863011121749878
0.06073242425918579 0.05611333250999451 0.18476365506649017
0.06188610568642616 0.057317815721035004 0.18273155391216278
0.06340265274047852 0.05854085087776184 0.19447213411331177
0.0641811266541481 0.0593300499022007 0.19404315948486328
0.06459817290306091 0.05996958911418915 0.18514341115951538
0.06276168674230576 0.05831489711999893 0.17787164449691772
0.06327655166387558 0.05866209417581558 0.18457838892936707
0.06873803585767746 0.06420019268989563 0.1815137267112732
0.06629805266857147 0.06189630180597305 0.17607006430625916
0.061776138842105865 0.057492490857839584 0.17134591937065125
0.06336501240730286 0.058904342353343964 0.17842677235603333
0.06263681501150131 0.05809963494539261 0.1814872920513153
0.06315404176712036 0.05872967094182968 0.17697469890117645
0.06643369793891907 0.06205958500504494 0.17496448755264282
0.061575133353471756 0.057044461369514465 0.18122686445713043
0.06336520612239838 0.05917557328939438 0.16758529841899872
0.06143747270107269 0.057049673050642014 0.1755119264125824
0.06056864559650421 0.056570522487163544 0.15992486476898193
0.06458324193954468 0.059993501752614975 0.1835896223783493
0.062096551060676575 0.05779915302991867 0.17189599573612213
0.062463000416755676 0.05829019099473953 0.16691240668296814
0.06081564724445343 0.05680249631404877 0.16052605211734772
0.06813204288482666 0.06384220719337463 0.17159342765808105
0.06296346336603165 0.0587930828332901 0.16681531071662903
0.0639396533370018 0.05980691686272621 0.16530954837799072
0.06217343360185623 0.05789794772863388 0.17101943492889404
0.06193602830171585 0.05791636183857918 0.16078665852546692
0.06297144293785095 0.058808501809835434 0.1665177047252655
0.059595994651317596 0.05573947727680206 0.15426069498062134
0.06150081008672714 0.057382430881261826 0.16473513841629028
0.06175084784626961 0.057983897626399994 0.15067796409130096
0.06596750020980835 0.06178324669599533 0.1673700213432312
0.060398563742637634 0.05648485943675041 0.1565481424331665
0.058829449117183685 0.054850369691848755 0.15916311740875244
0.06209895759820938 0.05846172943711281 0.1454891860485077
0.060858577489852905 0.05696482956409454 0.15574994683265686
0.06294698268175125 0.05885172262787819 0.16381028294563293
0.06441310793161392 0.06015222519636154 0.17043524980545044
0.06334002315998077 0.05941590294241905 0.1569647192955017
0.06212925910949707 0.058162763714790344 0.15865986049175262
0.06502945721149445 0.06131533905863762 0.14856460690498352
0.057110745459795 0.05354416370391846 0.14266328513622284
0.06361179053783417 0.059687189757823944 0.15698406100273132
0.064265675842762 0.06063414365053177 0.14526115357875824
0.05806269496679306 0.054366543889045715 0.1478460282087326
0.060819052159786224 0.056912802159786224 0.1562499850988388
0.06128375977277756 0.05746899172663689 0.15259072184562683
0.06155131012201309 0.05779210105538368 0.15036830306053162
0.05803558975458145 0.05418885126709938 0.15386953949928284
0.061636656522750854 0.05804852396249771 0.14352533221244812
0.06028442457318306 0.05683782324194908 0.13786408305168152
0.056829407811164856 0.05342656746506691 0.13611356914043427
0.062339041382074356 0.05874623730778694 0.14371219277381897
0.060622990131378174 0.05716816708445549 0.13819298148155212
0.06376035511493683 0.06015127897262573 0.14436300098896027
0.0582595132291317 0.05466620624065399 0.1437322497367859
0.06165115907788277 0.0580083504319191 0.14571231603622437
0.06225629523396492 0.058769021183252335 0.13949096202850342
0.059464845806360245 0.056122034788131714 0.13371247053146362
0.05932438746094704 0.05594921112060547 0.13500702381134033
0.05744248628616333 0.05416661873459816 0.13103468716144562
0.060009658336639404 0.05686131492257118 0.1259336769580841
0.06275039911270142 0.059141576290130615 0.14435279369354248
0.06026076525449753 0.056980207562446594 0.13122233748435974
0.06116912141442299 0.05791691690683365 0.1300881803035736
0.06124771013855934 0.057876862585544586 0.13483385741710663
0.058566682040691376 0.055289722979068756 0.13107839226722717
0.061577025800943375 0.05810724198818207 0.13879132270812988
0.0613691583275795 0.05820150300860405 0.12670619785785675
0.06169066205620766 0.05835933983325958 0.13325287401676178
0.061912499368190765 0.05881667137145996 0.12383319437503815
0.056175630539655685 0.05312003195285797 0.12222400307655334
0.061108462512493134 0.057989392429590225 0.12476278096437454
0.061676789075136185 0.058628663420677185 0.12192507088184357
0.062123995274305344 0.05874139070510864 0.13530415296554565
0.06024593859910965 0.057297512888908386 0.11793699860572815
0.058612577617168427 0.05505438148975372 0.14232778549194336
0.06079615652561188 0.05758456140756607 0.12846383452415466
0.061941199004650116 0.05878744274377823 0.12615028023719788
0.058550875633955 0.055479515343904495 0.12285445630550385
0.06100402772426605 0.05768037959933281 0.13294585049152374
0.059012074023485184 0.05599645897746086 0.12062457203865051
0.06347376108169556 0.060231633484363556 0.12968505918979645
0.05814701318740845 0.05520663037896156 0.11761526763439178
0.05969139188528061 0.056403834372758865 0.13150224089622498
0.059172846376895905 0.05606438219547272 0.1243385523557663
0.060416921973228455 0.05729011818766594 0.1250721514225006
0.05970633402466774 0.05657675489783287 0.12518319487571716
0.057611141353845596 0.05446596443653107 0.12580707669258118
0.0645083636045456 0.06145618110895157 0.12208716571331024
0.05805887281894684 0.05528942123055458 0.11077810078859329
0.05825807899236679 0.054943982511758804 0.13256391882896423
0.05836210772395134 0.05532044172286987 0.1216665729880333
0.060468003153800964 0.057485055178403854 0.11931799352169037
0.05810755491256714 0.05531151592731476 0.11184151470661163
0.059992916882038116 0.05694466829299927 0.12192998826503754
0.058104194700717926 0.05535668134689331 0.1099005937576294
0.05909309536218643 0.05618226155638695 0.11643341928720474
0.057013265788555145 0.0537845641374588 0.12914805114269257
0.05772785842418671 0.05491434782743454 0.11254045367240906
0.0633847564458847 0.0605444610118866 0.11361169815063477
0.056024327874183655 0.053349703550338745 0.10698504745960236
0.061763640493154526 0.05892219766974449 0.11365765333175659
0.06288612633943558 0.060207802802324295 0.10713283717632294
0.060918714851140976 0.05808437988162041 0.11337339133024216
0.0583944097161293 0.05553358793258667 0.11443290114402771
0.057486437261104584 0.054787397384643555 0.10796160995960236
0.05909788981080055 0.05651935189962387 0.10314147174358368
0.059867098927497864 0.057077568024396896 0.11158130317926407
0.05684060603380203 0.05388723313808441 0.11813487112522125
0.05692754685878754 0.05414603650569916 0.11126046627759933
0.05952233448624611 0.056843340396881104 0.10715971887111664
0.05957409739494324 0.056956298649311066 0.10471198707818985
0.06016317009925842 0.0573614239692688 0.11206987500190735
0.057414211332798004 0.05482317879796028 0.10364128649234772
0.057635851204395294 0.054898105561733246 0.10950977355241776
0.06235731393098831 0.05974576622247696 0.1044619157910347
0.061530519276857376 0.05891731381416321 0.1045282781124115
0.05560123175382614 0.05307834967970848 0.10091531276702881
0.061055440455675125 0.05839574709534645 0.1063876748085022
0.05716874822974205 0.0546148456633091 0.10215607285499573
0.05749836936593056 0.05497497320175171 0.10093584656715393
0.0584479458630085 0.05582408607006073 0.10495436191558838
0.05650405213236809 0.054053954780101776 0.09800390899181366
0.055529434233903885 0.05299793928861618 0.10125984251499176
0.05731732025742531 0.05484728887677193 0.09880124032497406
0.05782361701130867 0.055438727140426636 0.09539557993412018
0.06172618269920349 0.059082917869091034 0.10573060810565948
0.061742957681417465 0.0593130961060524 0.09719452261924744
0.05956580489873886 0.056974537670612335 0.10365061461925507
0.059072647243738174 0.05653078854084015 0.10167436301708221
0.05653686448931694 0.054027311503887177 0.10038205981254578
0.0603569820523262 0.05777446925640106 0.10330048948526382
0.057407196611166 0.054944805800914764 0.09849564731121063
0.059541232883930206 0.05705508589744568 0.0994458869099617
0.05765451118350029 0.05527642369270325 0.09512344002723694
0.06226590648293495 0.05980554223060608 0.09841452538967133
0.05671149119734764 0.05410318076610565 0.10433243215084076
0.056665003299713135 0.05418398603796959 0.09924072027206421
0.05430861935019493 0.05169465392827988 0.10455857217311859
0.059412479400634766 0.05702381953597069 0.09554634988307953
0.053906843066215515 0.05128948390483856 0.10469436645507812
0.056499283760786057 0.05411563813686371 0.09534585475921631
0.05758766084909439 0.055061809718608856 0.101034015417099
0.05787350982427597 0.05554479360580444 0.09314870834350586
0.05921480804681778 0.05684696137905121 0.09471387416124344
0.05583546310663223 0.05351937562227249 0.09264349937438965
0.0595831573009491 0.057209890335798264 0.09493068605661392
0.05433981865644455 0.05191824585199356 0.09686297923326492
0.057473551481962204 0.05503673851490021 0.09747245907783508
0.054870616644620895 0.05243491381406784 0.0974280834197998
0.057277191430330276 0.054992787539958954 0.09137614071369171
0.05449748784303665 0.052194081246852875 0.09213632345199585
0.059224653989076614 0.05674184858798981 0.09931222349405289
0.05998634919524193 0.057766202837228775 0.08880586922168732
0.05772239714860916 0.05550016462802887 0.08888925611972809
0.05860278755426407 0.0562567301094532 0.09384236484766006
0.0554286390542984 0.053028687834739685 0.09599798917770386
0.058142464607954025 0.055973298847675323 0.08676660060882568
0.05832467973232269 0.056109651923179626 0.08860103785991669
0.058839499950408936 0.056633174419403076 0.0882529616355896
0.058455463498830795 0.05633493512868881 0.0848212018609047
0.05568607151508331 0.05335473641753197 0.09325341880321503
0.05508565530180931 0.05285920575261116 0.08905798196792603
0.057908229529857635 0.055528853088617325 0.09517506510019302
0.05810757726430893 0.055951058864593506 0.08626079559326172
0.05470532551407814 0.05253002047538757 0.08701221644878387
0.05559948459267616 0.05339967459440231 0.08799245208501816
0.06005548685789108 0.05783659964799881 0.08875542879104614
0.05730874463915825 0.05512349307537079 0.08741003274917603
0.05815979838371277 0.05607924982905388 0.0832219198346138
0.056651514023542404 0.054466038942337036 0.08741901814937592
0.06015482172369957 0.05790826305747032 0.08986228704452515
0.05883337929844856 0.05665510892868042 0.08713081479072571
0.05671485885977745 0.054652512073516846 0.08249393105506897
0.05256326496601105 0.05039476230740547 0.08674012869596481
0.05526743829250336 0.053221315145492554 0.0818450003862381
0.05580612272024155 0.053747255355119705 0.08235469460487366
0.055441755801439285 0.053469039499759674 0.07890865951776505
0.05554388090968132 0.053289227187633514 0.09018619358539581
0.05642985552549362 0.0542818084359169 0.08592195808887482
0.05526032671332359 0.053199656307697296 0.08242688328027725
0.05728935822844505 0.05517015606164932 0.08476804941892624
0.05620019882917404 0.05412999540567398 0.08280810713768005
0.058132484555244446 0.05619332939386368 0.0775662213563919
0.0590154305100441 0.05694710090756416 0.08273321390151978
0.05395408719778061 0.05195159837603569 0.08009953796863556
0.057252436876297 0.05508176237344742 0.08682690560817719
0.059090711176395416 0.05694534629583359 0.08581457287073135
0.053682394325733185 0.05149757117033005 0.0873928964138031
0.06052957847714424 0.05829251557588577 0.08948244899511337
0.05368925631046295 0.05174154043197632 0.07790862768888474
0.05720578134059906 0.0550931952893734 0.0845034122467041
0.05768805742263794 0.05566137656569481 0.08106717467308044
0.05440710112452507 0.05247758328914642 0.07718068361282349
0.054609350860118866 0.0528242364525795 0.07140454649925232
0.061093494296073914 0.05890076607465744 0.08770917356014252
0.050842974334955215 0.04881667718291283 0.08105185627937317
0.05622054263949394 0.0539223849773407 0.09192629903554916
0.05566461384296417 0.053644731640815735 0.08079523593187332
0.058522019535303116 0.056596241891384125 0.07703112065792084
0.05541570484638214 0.053441110998392105 0.07898373156785965
0.05779293179512024 0.0558253675699234 0.07870256155729294
0.05533899366855621 0.05342336744070053 0.07662507891654968
0.05404243990778923 0.05203438550233841 0.08032223582267761
0.05789441615343094 0.05576346814632416 0.08523786067962646
0.05619463324546814 0.054261405020952225 0.07732918858528137
0.056646909564733505 0.05460865795612335 0.08153004944324493
0.05950399860739708 0.05750645697116852 0.07990163564682007
0.053887441754341125 0.051996007561683655 0.07565739750862122
0.06015513837337494 0.05821140110492706 0.07774948328733444
0.05599313601851463 0.05388788878917694 0.08420994877815247
0.05711060389876366 0.05528002604842186 0.07322314381599426
0.05922301113605499 0.057285912334918976 0.07748402655124664
0.05827602371573448 0.056329816579818726 0.07784822583198547
0.05653492733836174 0.05461817607283592 0.07667003571987152
0.056525442749261856 0.054632075130939484 0.07573464512825012
0.059074703603982925 0.05699099972844124 0.08334812521934509
0.05825462192296982 0.05631808936595917 0.07746122777462006
0.056768473237752914 0.05483992025256157 0.07714218646287918
0.0546560138463974 0.052827224135398865 0.07315156608819962
0.05465179309248924 0.05272720754146576 0.07698342949151993
0.057851292192935944 0.05566966533660889 0.08726513385772705
0.060146939009428024 0.058125510811805725 0.08085718750953674
0.05686897411942482 0.054980598390102386 0.07553508877754211
0.05719875544309616 0.0552222803235054 0.07905896753072739
0.055211037397384644 0.05323011428117752 0.0792369544506073
0.05450614541769028 0.05270685628056526 0.07197155803442001
0.056180939078330994 0.05428728088736534 0.07574625313282013
0.05203210562467575 0.05026482790708542 0.07069118320941925
0.05600544065237045 0.05411763861775398 0.07551200687885284
0.055332526564598083 0.05368568003177643 0.06587378680706024
0.05624518543481827 0.05453550070524216 0.06838735938072205
0.054404862225055695 0.0525922030210495 0.0725063905119896
0.055965494364500046 0.05412811040878296 0.07349538803100586
0.0529831126332283 0.05126217007637024 0.06883765757083893
0.057009004056453705 0.05527377128601074 0.0694093108177185
0.05687972158193588 0.05495424568653107 0.07701899111270905
0.05702230706810951 0.055216141045093536 0.07224664092063904
0.05657190456986427 0.05480026453733444 0.07086563110351562
0.0552106611430645 0.05326739698648453 0.07773055136203766
0.05935240536928177 0.05760052800178528 0.07007510960102081
0.05527231842279434 0.05347822606563568 0.07176369428634644
0.058267802000045776 0.05648308992385864 0.07138849794864655
0.0585012324154377 0.05654330179095268 0.07831729203462601
0.05721119046211243 0.05541347712278366 0.07190856337547302
0.05214745178818703 0.050283461809158325 0.07455965876579285
0.056075286120176315 0.054248638451099396 0.07306596636772156
0.05243527144193649 0.05085624009370804 0.06316126883029938
0.05771992728114128 0.05593758448958397 0.07129377126693726
0.05551433563232422 0.053801558911800385 0.0685109943151474
0.05625290796160698 0.054503969848155975 0.06995756179094315
0.05716073513031006 0.055477630347013474 0.06732422858476639
0.057380154728889465 0.055664271116256714 0.06863539665937424
0.05761665105819702 0.056023791432380676 0.06371434032917023
0.05467722937464714 0.05290089547634125 0.07105331122875214
0.052319131791591644 0.050740886479616165 0.06312988698482513
0.05612047016620636 0.05446368455886841 0.06627144664525986
0.05372327193617821 0.052072398364543915 0.06603498756885529
0.055187735706567764 0.05347886681556702 0.06835471093654633
0.05810179561376572 0.05642358586192131 0.06712844967842102
0.05420687794685364 0.05239912122488022 0.07231030613183975
0.05453944206237793 0.052950598299503326 0.06355375796556473
0.0584726482629776 0.05685115605592728 0.06485965847969055
0.056471455842256546 0.05489027500152588 0.06324724107980728
0.05660726875066757 0.055034052580595016 0.0629286915063858
0.059415657073259354 0.0576508529484272 0.07059222459793091
0.056113433092832565 0.05451498180627823 0.06393800675868988
0.05607544630765915 0.05440462753176689 0.0668327659368515
0.05466024950146675 0.052956387400627136 0.06815445423126221
0.05869513750076294 0.05692511424422264 0.07080087065696716
0.057409465312957764 0.055781252682209015 0.06512852758169174
0.05685350298881531 0.05519476532936096 0.06634946167469025
0.05447863042354584 0.05276874080300331 0.06839556992053986
0.05423147231340408 0.052598513662815094 0.0653182864189148
0.055968962609767914 0.05431228131055832 0.06626732647418976
0.05542909726500511 0.05373144894838333 0.06790593266487122
0.05558355897665024 0.05398844555020332 0.06380456686019897
0.05360724776983261 0.051965586841106415 0.06566639244556427
0.056550003588199615 0.05490229278802872 0.06590839475393295
0.05809049680829048 0.05646514147520065 0.06501418352127075
0.05514531955122948 0.05357389524579048 0.0628570020198822
0.05447686091065407 0.052866578102111816 0.06441131979227066
0.05809261277318001 0.05643365532159805 0.06635833531618118
0.05482067912817001 0.05319803208112717 0.06490582972764969
0.053900737315416336 0.05225225165486336 0.06593940407037735
0.05656576529145241 0.05500523000955582 0.06242144852876663
0.05456410348415375 0.052995018661022186 0.06276342272758484
0.05601692199707031 0.05435419827699661 0.06650888919830322
0.05455870181322098 0.0529557466506958 0.0641181468963623
0.052797261625528336 0.05119470879435539 0.0641021803021431
0.05494949221611023 0.053283967077732086 0.06662093102931976
0.05278453230857849 0.05118819326162338 0.06385362148284912
0.05508693307638168 0.053534917533397675 0.06208056956529617
0.05812259018421173 0.056537315249443054 0.06341101229190826
0.05324534699320793 0.05159910395741463 0.06584976613521576
0.057180698961019516 0.05559193715453148 0.06355052441358566
0.05543438717722893 0.05381273478269577 0.06486616283655167
0.056687064468860626 0.055016450583934784 0.06682459264993668
0.05595161393284798 0.05439966544508934 0.062077999114990234
0.055488988757133484 0.05386904627084732 0.06479765474796295
0.055683914572000504 0.0541292279958725 0.062187422066926956
0.05643413960933685 0.05492406338453293 0.060403089970350266
0.05251685902476311 0.051060598343610764 0.058250464498996735
0.05586604028940201 0.05430985987186432 0.06224728375673294
0.05627793073654175 0.054835185408592224 0.05770983546972275
0.05660576745867729 0.054947443306446075 0.06633294373750687
0.05279187858104706 0.051304012537002563 0.05951468646526337
0.05746724084019661 0.05590154975652695 0.06262761354446411
0.05448562651872635 0.052947111427783966 0.061540596187114716
0.05677247419953346 0.05526360124349594 0.060354918241500854
0.05273621156811714 0.051353856921195984 0.05529417097568512
0.05546849966049194 0.05402626097202301 0.0576896145939827
0.0571676529943943 0.05567946285009384 0.059527598321437836
0.05203061178326607 0.05055423453450203 0.05905502289533615
0.05450958386063576 0.0531565323472023 0.05412203073501587
0.05555132031440735 0.054158952087163925 0.05569467693567276
0.057343561202287674 0.05590382590889931 0.05758942663669586
0.05555051192641258 0.054051920771598816 0.05994371324777603
0.053574033081531525 0.05208636820316315 0.05950665473937988
0.05469104275107384 0.05321513116359711 0.05903647840023041
0.05275251716375351 0.05143777281045914 0.0525897853076458
0.054575420916080475 0.053172867745161057 0.056102193892002106
0.05510549247264862 0.05376012623310089 0.053814597427845
0.054491110146045685 0.05299944803118706 0.0596664734184742
0.05645039677619934 0.05507820099592209 0.05488785356283188
0.05315881222486496 0.05179465562105179 0.054566312581300735
0.05737306550145149 0.05601620301604271 0.054274480789899826
0.05205130949616432 0.0506477877497673 0.05614085495471954
0.05582968145608902 0.05442570149898529 0.05615925416350365
0.057591330260038376 0.05620768293738365 0.05534584820270538
0.058791082352399826 0.05733146518468857 0.0583847239613533
0.053918153047561646 0.05263230577111244 0.051433876156806946
0.0554879866540432 0.05422642081975937 0.05046270042657852
0.056420110166072845 0.05496009439229965 0.05840061604976654
0.05424131080508232 0.05286834388971329 0.05491863191127777
0.05216706916689873 0.0507827065885067 0.05537448823451996
0.05413767695426941 0.052736204117536545 0.05605890601873398
0.054787687957286835 0.0533875972032547 0.05600361526012421
0.05523545295000076 0.05373241379857063 0.06012152135372162
0.05693385750055313 0.05552057921886444 0.0565311536192894
0.05830260366201401 0.05679837614297867 0.060169100761413574
0.05336170643568039 0.05199429392814636 0.054696448147296906
0.05262137949466705 0.051326312124729156 0.05180276185274124
0.05520365759730339 0.053824376314878464 0.055171236395835876
0.05963725224137306 0.058217521756887436 0.056789226830005646
0.04965946450829506 0.04837075620889664 0.05154832452535629
0.05588863044977188 0.054476022720336914 0.05650436505675316
0.05460582673549652 0.053268082439899445 0.053509823977947235
0.05900813639163971 0.057530246675014496 0.059115588665008545
0.05597970634698868 0.05467844754457474 0.05205031856894493
0.05623280256986618 0.05488593503832817 0.053874656558036804
0.05270826071500778 0.05134987086057663 0.05433565378189087
0.054676882922649384 0.053245946764945984 0.05723746120929718
0.05055432766675949 0.04926375672221184 0.05162280052900314
0.05519615858793259 0.0539119727909565 0.05136743560433388
0.052906572818756104 0.051590241491794586 0.05265332758426666
0.05464440584182739 0.053147777915000916 0.05986514687538147
0.05568387359380722 0.0541204959154129 0.06253517419099808
0.05601264908909798 0.05455169081687927 0.05843830853700638
0.05493345111608505 0.05360869690775871 0.05299011245369911
0.060740768909454346 0.05935908854007721 0.05526728928089142
0.05472913756966591 0.053264319896698 0.05859271436929703
0.05429049953818321 0.05293574184179306 0.054190270602703094
0.054602961987257004 0.053128939121961594 0.05896088480949402
0.054041314870119095 0.052681438624858856 0.054395031183958054
0.05426054075360298 0.05294344201683998 0.0526839904487133
0.05182628706097603 0.05048637092113495 0.05359669029712677
0.06084252521395683 0.05935968458652496 0.05931366607546806
0.06115161255002022 0.059821948409080505 0.05318658426403999
0.051889434456825256 0.050634462386369705 0.05019881948828697
0.055026937276124954 0.05374520272016525 0.051269374787807465
0.05360950902104378 0.05232837051153183 0.0512455478310585
0.05164952948689461 0.050500668585300446 0.04595436528325081
0.054943498224020004 0.053716108202934265 0.04909553378820419
0.0573098249733448 0.05600348860025406 0.052253492176532745
0.05774799361824989 0.05633188784122467 0.0566442608833313
0.05439085513353348 0.053136687725782394 0.05016674846410751
0.05293269455432892 0.051640402525663376 0.051691684871912
0.059027474373579025 0.057629406452178955 0.05592268705368042
0.05622999742627144 0.054960548877716064 0.05077800154685974
0.055056191980838776 0.05375330522656441 0.052115485072135925
0.056057218462228775 0.05468624830245972 0.05483877286314964
0.05211672931909561 0.05072380602359772 0.05571696534752846
0.055882178246974945 0.054572783410549164 0.05237578973174095
0.05432962626218796 0.05304510146379471 0.0513809472322464
0.05564791336655617 0.05437992513179779 0.05071953684091568
0.05208867788314819 0.05087333172559738 0.04861380532383919
0.05744262784719467 0.05623923987150192 0.04813544824719429
0.05468158796429634 0.05337493494153023 0.05226618051528931
0.06137998774647713 0.06009020656347275 0.0515911802649498
0.055716585367918015 0.05435895174741745 0.054305341094732285
0.051239438354969025 0.04999210685491562 0.049893252551555634
0.058356232941150665 0.05698695778846741 0.054771021008491516
0.05518549680709839 0.05392543226480484 0.05040261149406433
0.05582519248127937 0.054511528462171555 0.05254654958844185
0.0548124685883522 0.05334339290857315 0.05876301974058151
0.052025169134140015 0.05090507119894028 0.04480389505624771
0.05957569554448128 0.05819792300462723 0.0551108755171299
0.05463951826095581 0.05349234864115715 0.04588676244020462
0.051961857825517654 0.050832007080316544 0.04519408941268921
0.0561102069914341 0.05482125282287598 0.05155816674232483
0.055030953139066696 0.053928591310977936 0.04409448057413101
0.05667029693722725 0.0552934929728508 0.055072203278541565
0.05506616458296776 0.053758397698402405 0.05231074243783951
0.05671944096684456 0.05551015958189964 0.04837130010128021
0.05557539314031601 0.054424479603767395 0.04603658244013786
0.053343515843153 0.052113719284534454 0.049191802740097046
0.05654262751340866 0.055369384586811066 0.046929776668548584
0.05166418105363846 0.05046872794628143 0.04781807214021683
0.055242281407117844 0.05403120815753937 0.04844294860959053
0.05199694633483887 0.05085926502943039 0.045507222414016724
0.05156072974205017 0.05043300241231918 0.04510902613401413
0.05437038093805313 0.05327669158577919 0.043747641146183014
0.05796429142355919 0.05680340901017189 0.04643534868955612
0.057061854749917984 0.05572392791509628 0.05351709946990013
0.05469649285078049 0.053521379828453064 0.04700459539890289
0.0564228817820549 0.05527234822511673 0.04602137207984924
0.05307243764400482 0.05189073830842972 0.04726794734597206
0.05763745307922363 0.05649570748209953 0.04566974937915802
0.055241551250219345 0.05409129709005356 0.04601022228598595
0.05672723799943924 0.05558539927005768 0.045673489570617676
0.04908614233136177 0.04781871661543846 0.05069701001048088
0.05296364054083824 0.05179630592465401 0.046693406999111176
0.054418209940195084 0.05326022580265999 0.046319421380758286
0.05605660006403923 0.0548594668507576 0.04788534715771675
0.05103818327188492 0.04999804496765137 0.04160548001527786
0.05885704606771469 0.057706352323293686 0.046027690172195435
0.05754851549863815 0.05630005896091461 0.04993824660778046
0.051926009356975555 0.05068559944629669 0.04961637407541275
0.05110551044344902 0.049939289689064026 0.04664876312017441
0.058621808886528015 0.05733165517449379 0.0516061969101429
0.053309060633182526 0.05221450328826904 0.04378232732415199
0.05244143307209015 0.05128442496061325 0.04628036543726921
0.05249151214957237 0.05132461339235306 0.046675994992256165
0.05477841943502426 0.05366998538374901 0.044337354600429535
0.05624329671263695 0.05509353429079056 0.04599051922559738
0.05242938548326492 0.051303181797266006 0.045048102736473083
0.05561451241374016 0.05446312204003334 0.046055618673563004
0.054497797042131424 0.053282126784324646 0.04862683266401291
0.04979226365685463 0.04874001815915108 0.042089834809303284
0.055711448192596436 0.054485466331243515 0.04903922230005264
0.05246046558022499 0.05139363557100296 0.04267319291830063
0.054131992161273956 0.05309401452541351 0.04151907563209534
0.05547210946679115 0.05439883470535278 0.042931001633405685
0.05459346994757652 0.053461071103811264 0.045295991003513336
0.052357032895088196 0.05128038674592972 0.04306580498814583
0.05595363676548004 0.054829247295856476 0.044975508004426956
0.05745725333690643 0.05628541111946106 0.04687371104955673
0.052888840436935425 0.05181705206632614 0.04287149757146835
0.0550323948264122 0.05391404777765274 0.044733934104442596
0.05480705574154854 0.053644873201847076 0.04648728296160698
0.051835980266332626 0.05080540105700493 0.04122316092252731
0.054949503391981125 0.05381190776824951 0.04550386965274811
0.0557597316801548 0.05456807464361191 0.04766621068120003
0.05313580855727196 0.05204927176237106 0.043461501598358154
0.052300311625003815 0.05110141634941101 0.04795588180422783
0.053061794489622116 0.05197259038686752 0.04356812685728073
0.05212615430355072 0.05098554491996765 0.045624420046806335
0.057194244116544724 0.05609413981437683 0.044004105031490326
0.052278295159339905 0.051210932433605194 0.04269450902938843
0.052316464483737946 0.051212672144174576 0.04415164887905121
0.05214463546872139 0.05107550323009491 0.0427652969956398
0.051617421209812164 0.05064700171351433 0.03881673142313957
0.05407106503844261 0.052902527153491974 0.046741586178541183
0.05704887956380844 0.05600949376821518 0.041575368493795395
0.05638498440384865 0.0553339421749115 0.04204164445400238
0.05529700219631195 0.05417958274483681 0.044696830213069916
0.053070928901433945 0.05202241986989975 0.041940368711948395
0.055704228579998016 0.05462990328669548 0.04297307878732681
0.05365820229053497 0.05258584022521973 0.042894501239061356
0.05363490432500839 0.05258458852767944 0.04201264679431915
0.05454525351524353 0.05338725447654724 0.04631989449262619
0.05375068262219429 0.052698906511068344 0.04207108914852142
0.052342865616083145 0.05143618956208229 0.036267105489969254
0.058478523045778275 0.05739651992917061 0.043280113488435745
0.05383758991956711 0.05273904278874397 0.04394184798002243
0.05342704802751541 0.05240859091281891 0.040738336741924286
0.058395855128765106 0.05724106729030609 0.0461915023624897
0.0538361556828022 0.052809253334999084 0.04107615351676941
0.052775654941797256 0.05174162983894348 0.04136103391647339
0.05881586670875549 0.057743754237890244 0.042884550988674164
0.04928016662597656 0.04828866571187973 0.03966008126735687
0.05416309833526611 0.05313267558813095 0.041216958314180374
0.05603635683655739 0.054957956075668335 0.043136097490787506
0.05435792729258537 0.05328323692083359 0.04298754781484604
0.055313412100076675 0.05424361675977707 0.04279174283146858
0.053081538528203964 0.05206722766160965 0.040572389960289
0.05642472952604294 0.05540389195084572 0.040833521634340286
0.05875226482748985 0.05768691375851631 0.04261397570371628
0.05717461556196213 0.056072767823934555 0.04407384991645813
0.05812400206923485 0.056933023035526276 0.0476391576230526
0.05692782253026962 0.05582568794488907 0.04408536106348038
0.053982898592948914 0.05292369797825813 0.042368028312921524
0.05556349828839302 0.05452340841293335 0.04160356894135475
0.05533207952976227 0.05432364344596863 0.04033751040697098
0.051858097314834595 0.05083099380135536 0.041084107011556625
0.05495700240135193 0.053945526480674744 0.040459081530570984
0.05338289216160774 0.0524112731218338 0.03886469081044197
0.05541583523154259 0.05435692146420479 0.04235655814409256
0.05445167422294617 0.05339604988694191 0.0422249399125576
0.05409158766269684 0.05309246480464935 0.039964962750673294
0.05192646384239197 0.05088059604167938 0.041834667325019836
0.05228698253631592 0.05136820301413536 0.03675121068954468
0.05012097582221031 0.04910799860954285 0.04051905497908592
0.05429333820939064 0.05333474278450012 0.03834386169910431
0.05801976099610329 0.05692291259765625 0.04387392848730087
0.051271069794893265 0.05025038123130798 0.04082752764225006
0.05559150129556656 0.054517962038517 0.04294151812791824
0.053549714386463165 0.05248066782951355 0.04276192933320999
0.05474395677447319 0.05374900624155998 0.03979804366827011
0.05517769977450371 0.05413118004798889 0.04186074435710907
0.05759137496352196 0.056534163653850555 0.042288489639759064
0.052740588784217834 0.05163252353668213 0.04432268440723419
0.053625062108039856 0.05259144306182861 0.04134470224380493
0.053664758801460266 0.0526093952357769 0.04221450164914131
0.05428243428468704 0.05326814949512482 0.04057145491242409
0.055000606924295425 0.05396657809615135 0.04136120527982712
0.055605895817279816 0.05444507673382759 0.04643268883228302
0.05375481769442558 0.052707117050886154 0.04190798103809357
0.05509575456380844 0.0541238859295845 0.03887469321489334
0.051731713116168976 0.05076234042644501 0.038774922490119934
0.05549148470163345 0.05448189005255699 0.040383804589509964
0.05437721684575081 0.05334116518497467 0.04144202545285225
0.05360111594200134 0.05260927975177765 0.039673492312431335
0.05726879835128784 0.05611926317214966 0.045981355011463165
0.052749261260032654 0.0516979917883873 0.0420507974922657
0.055176571011543274 0.0542009100317955 0.039026495069265366
0.05600755661725998 0.05496100336313248 0.04186210036277771
0.05108173191547394 0.05021066591143608 0.0348426029086113
0.05238024890422821 0.05148272216320038 0.03590114414691925
0.053462833166122437 0.05244830995798111 0.040580928325653076
0.0541333369910717 0.05312886834144592 0.04017874598503113
0.05320839583873749 0.052253685891628265 0.0381883829832077
0.05293300002813339 0.05194256082177162 0.0396176353096962
0.05389821156859398 0.052958015352487564 0.03760790079832077
0.053319159895181656 0.05235392600297928 0.038609422743320465
0.05514190346002579 0.05420442670583725 0.0374990813434124
0.056022871285676956 0.05498687922954559 0.041439738124608994
0.05389956012368202 0.0530116967856884 0.03551454097032547
0.05524882301688194 0.05428800731897354 0.03843269497156143
0.05242924019694328 0.05147022753953934 0.03836049139499664
0.055629830807447433 0.05468912795186043 0.03762815147638321
0.05582784488797188 0.05494241043925285 0.035417307168245316
0.05501341074705124 0.054007675498723984 0.04022940993309021
0.05554259195923805 0.05455401912331581 0.03954295814037323
0.05346939340233803 0.05253804102540016 0.037254080176353455
0.05435679852962494 0.05332917347550392 0.04110502451658249
0.05321524664759636 0.05227276682853699 0.0376991331577301
0.05358026549220085 0.05257796496152878 0.04009208828210831
0.05774899572134018 0.05681239813566208 0.03746386617422104
0.05303613469004631 0.052117861807346344 0.03673098608851433
0.056974321603775024 0.056058093905448914 0.03664914891123772
0.053268712013959885 0.05232326686382294 0.037817858159542084
0.05271198973059654 0.051800236105918884 0.0364702045917511
0.05254186689853668 0.0515596941113472 0.039286836981773376
0.054274313151836395 0.0532909631729126 0.039333999156951904
0.0535338893532753 0.052655793726444244 0.03512388467788696
0.05097039416432381 0.0500614270567894 0.03635863959789276
0.05603235587477684 0.055034223943948746 0.03992534428834915
0.053620629012584686 0.05273127183318138 0.03557426482439041
0.05503106117248535 0.05406137555837631 0.038787469267845154
0.050583891570568085 0.049649350345134735 0.037381626665592194
0.05333481356501579 0.05242539942264557 0.036376602947711945
0.0545053593814373 0.05354718863964081 0.03832688927650452
0.051354531198740005 0.05042099952697754 0.03734120726585388
0.0536164827644825 0.05271461233496666 0.03607480973005295
0.05305197089910507 0.05215727165341377 0.035787977278232574
0.05356130003929138 0.05263888090848923 0.036896828562021255
0.05450933426618576 0.05358001962304115 0.037172555923461914
0.05553574860095978 0.054563332349061966 0.03889668732881546
0.05406874790787697 0.05319727212190628 0.034859102219343185
0.05432851240038872 0.053462982177734375 0.034621186554431915
0.0539947971701622 0.05316932499408722 0.033018894493579865
0.05717623606324196 0.05624577775597572 0.03721833601593971
0.05267147719860077 0.05165763571858406 0.04055359214544296
0.056010130792856216 0.055184341967105865 0.03303153067827225
0.05196910351514816 0.051052600145339966 0.0366600826382637
0.05606694519519806 0.0550849512219429 0.039279721677303314
0.05269201844930649 0.05185709893703461 0.033396780490875244
0.051156044006347656 0.05028438940644264 0.03486614674329758
0.052784282714128494 0.051970597356557846 0.03254745900630951
0.05871620401740074 0.057783812284469604 0.03729569911956787
0.053491439670324326 0.05265045166015625 0.033639583736658096
0.05548420548439026 0.05463673174381256 0.033898916095495224
0.052547406405210495 0.051757924258708954 0.031579334288835526
0.05376306176185608 0.05285932123661041 0.03614965081214905
0.05167045444250107 0.050788313150405884 0.0352855920791626
0.052053842693567276 0.051113806664943695 0.03760150074958801
0.05482088401913643 0.05395527184009552 0.034624431282281876
0.054602671414613724 0.053721390664577484 0.0352512001991272
0.057095713913440704 0.056205276399850845 0.035617560148239136
0.05518205463886261 0.054252609610557556 0.03717777132987976
0.054005928337574005 0.05314778536558151 0.03432570397853851
0.05443913862109184 0.05351471155881882 0.036977097392082214
0.053700465708971024 0.052857816219329834 0.033706024289131165
0.05106310918927193 0.050123196095228195 0.037596479058265686
0.05433831363916397 0.05339400842785835 0.037772201001644135
0.05293472856283188 0.05207818001508713 0.03426193445920944
0.05231248959898949 0.05144964158535004 0.03451385349035263
0.052793338894844055 0.05196475237607956 0.03314347565174103
0.05530458688735962 0.05437002331018448 0.037382498383522034
0.052101507782936096 0.05122591555118561 0.03502368927001953
0.05284937843680382 0.052017927169799805 0.03325798362493515
0.05036994814872742 0.04949631541967392 0.03494524210691452
0.05363025143742561 0.052848923951387405 0.03125302866101265
0.05184463411569595 0.05096165090799332 0.03531930595636368
0.05445950850844383 0.05356186628341675 0.03590565547347069
0.05736948177218437 0.056439049541950226 0.03721732273697853
0.05522319674491882 0.054313503205776215 0.03638779744505882
0.051658593118190765 0.05068081617355347 0.03911110758781433
0.050881508737802505 0.0500481054186821 0.03333615884184837
0.05193740129470825 0.051066331565380096 0.03484273701906204
0.052498456090688705 0.05165399610996246 0.03377842158079147
0.05363812670111656 0.05270084738731384 0.03749118000268936
0.05372326448559761 0.05289982259273529 0.032937727868556976
0.05240096151828766 0.05158054828643799 0.032816506922245026
0.05177480727434158 0.050969548523426056 0.032210350036621094
0.051188111305236816 0.050238896161317825 0.03796865791082382
0.05607176572084427 0.055224765092134476 0.033880025148391724
0.05542121082544327 0.054555803537368774 0.034616366028785706
0.0499919131398201 0.049160610884428024 0.033252038061618805
0.05271463468670845 0.051835011690855026 0.03518497943878174
0.05293099209666252 0.052100516855716705 0.03321899473667145
0.052708741277456284 0.051978956907987595 0.02919134497642517
0.05400105565786362 0.05309165269136429 0.03637608140707016
0.05687158182263374 0.056069426238536835 0.03208620473742485
0.05204273387789726 0.051216382533311844 0.03305401653051376
0.0519045926630497 0.05108628049492836 0.03273241966962814
0.055760640650987625 0.0548916831612587 0.034758299589157104
0.05247636139392853 0.05147699639201164 0.03997453302145004
0.051808491349220276 0.05100849270820618 0.03199994936585426
0.055180732160806656 0.05425137281417847 0.03717435151338577
0.05289847031235695 0.05207766592502594 0.032832223922014236
0.05184454098343849 0.05099582299590111 0.03394871950149536
0.053940583020448685 0.05309431999921799 0.033850543200969696
0.0533967949450016 0.0525522455573082 0.03378194570541382
0.052849188446998596 0.052056364715099335 0.03171287849545479
0.05590114742517471 0.055062565952539444 0.03354325145483017
0.05712591111660004 0.056285277009010315 0.03362531587481499
0.05395229905843735 0.053127504885196686 0.03299172967672348
0.05358169972896576 0.052755557000637054 0.03304564952850342
0.05332719534635544 0.052535951137542725 0.03164970874786377
0.05333128571510315 0.05246059596538544 0.034827545285224915
0.05356791242957115 0.05271480605006218 0.03412431478500366
0.05436648428440094 0.05354488641023636 0.032863862812519073
0.05491083487868309 0.05413656681776047 0.0309707373380661
0.05364757031202316 0.05282322317361832 0.03297391161322594
0.05287213623523712 0.052050359547138214 0.03287100791931152
0.05433687940239906 0.053604282438755035 0.02930387109518051
0.05269543081521988 0.051925938576459885 0.030779682099819183
0.05481312796473503 0.0539814829826355 0.03326578810811043
0.054584402590990067 0.05379515141248703 0.03157011419534683
0.052506666630506516 0.05171557143330574 0.03164384514093399
0.052882932126522064 0.05207646265625954 0.0322587788105011
0.052430178970098495 0.051648303866386414 0.0312749482691288
0.05103800445795059 0.05025602504611015 0.03127923607826233
0.055306654423475266 0.05453066527843475 0.03103959746658802
0.053261514753103256 0.0524955578148365 0.03063821606338024
0.05384208634495735 0.053075049072504044 0.030681436881422997
0.0555976927280426 0.05480463057756424 0.031722452491521835
0.053178638219833374 0.05242093652486801 0.030308011919260025
0.057195086032152176 0.056402787566185 0.03169194236397743
0.057826727628707886 0.0569591149687767 0.03470453992486
0.0543079674243927 0.05357460305094719 0.029334602877497673
0.0545145682990551 0.053668297827243805 0.033850766718387604
0.05302318558096886 0.05219867080450058 0.03298059478402138
0.05122671648859978 0.05047278478741646 0.030157223343849182
0.05253111198544502 0.05170080065727234 0.033212460577487946
0.05152324587106705 0.05071888118982315 0.032174572348594666
0.0538819395005703 0.05313149094581604 0.030017957091331482
0.0549202635884285 0.05400972068309784 0.036421775817871094
0.053210873156785965 0.05244696885347366 0.030556127429008484
0.05143288895487785 0.05067246034741402 0.030417082831263542
0.054041359573602676 0.053267426788806915 0.030957287177443504
0.05254684388637543 0.051795657724142075 0.03004741109907627
0.056538987904787064 0.0557430274784565 0.031838349997997284
0.055488284677267075 0.05467884987592697 0.032377421855926514
0.05311606824398041 0.05223672837018967 0.03517353534698486
0.051507607102394104 0.05075370520353317 0.03015611134469509
0.052354488521814346 0.051573269069194794 0.031248707324266434
0.05249427631497383 0.05165249481797218 0.03367131948471069
0.05155951902270317 0.05077539011836052 0.03136514127254486
0.05337261036038399 0.052629295736551285 0.02973255142569542
0.052317094057798386 0.05150841921567917 0.032347019761800766
0.05192115902900696 0.051165029406547546 0.03024519979953766
0.05346814543008804 0.05268080160021782 0.031493715941905975
0.05637097731232643 0.05563031882047653 0.029626309871673584
0.05278822034597397 0.052015602588653564 0.03090473636984825
0.05347812920808792 0.05269238352775574 0.03142983466386795
0.05780530348420143 0.057117678225040436 0.027505027130246162
0.05553323030471802 0.0547829270362854 0.030012132599949837
0.05503455922007561 0.05421540141105652 0.032766371965408325
0.054056715220212936 0.05324553698301315 0.032447125762701035
0.052458327263593674 0.0516166165471077 0.033668436110019684
0.052756551653146744 0.0519346259534359 0.03287706524133682
0.05558311939239502 0.0548480749130249 0.029401740059256554
0.05132446438074112 0.05059584230184555 0.02914484217762947
0.056526776403188705 0.05575207620859146 0.030988002195954323
0.05158999562263489 0.05088351294398308 0.028259309008717537
0.055774956941604614 0.05488808453083038 0.03547487035393715
0.0559033565223217 0.0551091730594635 0.03176731616258621
0.050780635327100754 0.049985621124506 0.03180058300495148
0.050468042492866516 0.04963656887412071 0.03325887769460678
0.05454028397798538 0.053814828395843506 0.02901816926896572
0.051953669637441635 0.05116666853427887 0.03148003667593002
0.05238472297787666 0.05156784877181053 0.03267503157258034
0.05419931560754776 0.053416959941387177 0.03129419684410095
0.05505950003862381 0.05423293635249138 0.03306254372000694
0.057250846177339554 0.056275106966495514 0.039029527455568314
0.05363968759775162 0.05290663242340088 0.029322180896997452
0.05299227312207222 0.05219403654336929 0.03192945569753647
0.05331510305404663 0.0524006150662899 0.03657945618033409
0.05540316551923752 0.05458628386259079 0.03267534077167511
0.05115404352545738 0.05019988492131233 0.038166385143995285
0.05260368436574936 0.051841966807842255 0.030468681827187538
0.05166153609752655 0.050953514873981476 0.028320828452706337
0.05717749148607254 0.05634910613298416 0.03313537314534187
0.0531751923263073 0.052303120493888855 0.03488284349441528
0.05481672286987305 0.05405329912900925 0.0305369533598423
0.055869463831186295 0.054984793066978455 0.0353868305683136
0.05074278637766838 0.04989886283874512 0.033756937831640244
0.05374438688158989 0.052950169891119 0.031768620014190674
0.05237635225057602 0.05159193277359009 0.031376779079437256
0.05219563841819763 0.05141085013747215 0.03139151260256767
0.053707804530858994 0.05292464792728424 0.031326327472925186
0.052363649010658264 0.05157129466533661 0.0316942036151886
0.05442569777369499 0.05372750014066696 0.02792789228260517
0.05586209520697594 0.05510558933019638 0.030260223895311356
0.05542944744229317 0.05456344783306122 0.03463993966579437
0.053132954984903336 0.05240791290998459 0.0290016271173954
0.054910220205783844 0.05413152277469635 0.031147971749305725
0.054070863872766495 0.05329422652721405 0.031065432354807854
0.0511578731238842 0.050417348742485046 0.029620928689837456
0.05231963470578194 0.051611028611660004 0.028344279155135155
0.05594876408576965 0.05522593855857849 0.028913013637065887
0.05523150786757469 0.05451048165559769 0.028841113671660423
0.05197742208838463 0.0511632114648819 0.03256847709417343
