0.2394810914993286 0.2203313708305359 3.8299434185028076
0.21970131993293762 0.20775550603866577 2.389162302017212
0.2081330418586731 0.19716963171958923 2.192683458328247
0.20529459416866302 0.19362100958824158 2.3347182273864746
0.19835856556892395 0.18563632667064667 2.5444488525390625
0.19150575995445251 0.1790839433670044 2.4843642711639404
0.17802925407886505 0.1662398874759674 2.3578736782073975
0.17478737235069275 0.16361838579177856 2.2337961196899414
0.1714201271533966 0.16133946180343628 2.01613450050354
0.16763795912265778 0.1583857536315918 1.8504420518875122
0.16205976903438568 0.15324276685714722 1.7634011507034302
0.152482271194458 0.14351502060890198 1.7934486865997314
0.15015257894992828 0.14136837422847748 1.756840705871582
0.14657095074653625 0.1382751166820526 1.6591668128967285
0.13513635098934174 0.12637418508529663 1.7524330615997314
0.13802605867385864 0.12931028008460999 1.7431563138961792
0.12939222157001495 0.12152858823537827 1.572725772857666
0.12386903911828995 0.11611756682395935 1.5502943992614746
0.12478645145893097 0.11699014902114868 1.559260368347168
0.12236055731773376 0.11519366502761841 1.433377742767334
0.11877141892910004 0.11158314347267151 1.4376556873321533
0.11414613574743271 0.10676994919776917 1.4752366542816162
0.11005783081054688 0.10300181806087494 1.4112026691436768
0.1097356528043747 0.1026340126991272 1.4203283786773682
0.10794353485107422 0.10088755190372467 1.4111967086791992
0.10810746997594833 0.10092736035585403 1.4360215663909912
0.10913950949907303 0.10204149037599564 1.4196033477783203
0.10395628958940506 0.09647326916456223 1.4966037273406982
0.10336194932460785 0.09534746408462524 1.602896809577942
0.10130774229764938 0.09370464831590652 1.5206186771392822
0.1027769148349762 0.0955243855714798 1.450505256652832
0.10358187556266785 0.09688454866409302 1.3394646644592285
0.10137857496738434 0.0945538580417633 1.364943504333496
0.10073592513799667 0.09386830031871796 1.3735250234603882
0.09874733537435532 0.09156422317028046 1.4366223812103271
0.09634346514940262 0.08936181664466858 1.396329402923584
0.0908883661031723 0.08395808190107346 1.386056661605835
0.09649080038070679 0.08973479270935059 1.3512017726898193
0.08956047147512436 0.0827259048819542 1.366912841796875
0.0926390066742897 0.0857015922665596 1.3874825239181519
0.0924372524023056 0.08552688360214233 1.382074236869812
0.09210685640573502 0.08564859628677368 1.291651725769043
0.08769893646240234 0.08115886151790619 1.3080155849456787
0.08713007718324661 0.08107313513755798 1.2113890647888184
0.08866824209690094 0.0823470875620842 1.2642313241958618
0.0886429026722908 0.08202418684959412 1.323743462562561
0.08421093225479126 0.07780050486326218 1.282085657119751
0.08379534631967545 0.07732453942298889 1.2941612005233765
0.08585657924413681 0.07941000908613205 1.2893139123916626
0.08080466091632843 0.07462340593338013 1.2362511157989502
0.08511915057897568 0.07893961668014526 1.2359073162078857
0.08415138721466064 0.0782470703125 1.1808630228042603
0.07813539355993271 0.07236727327108383 1.153624176979065
0.08023469150066376 0.07459265738725662 1.1284065246582031
0.0820535272359848 0.07629324495792389 1.1520562171936035
0.0816626101732254 0.07582376897335052 1.1677677631378174
0.07806269824504852 0.07187230885028839 1.2380781173706055
0.07747777551412582 0.0713934376835823 1.216867208480835
0.07820716500282288 0.07221902906894684 1.1976264715194702
0.07890363782644272 0.0732353925704956 1.1336495876312256
0.07687979936599731 0.07142773270606995 1.0904133319854736
0.07401635497808456 0.06881693005561829 1.0398848056793213
0.07822833955287933 0.07310338318347931 1.0249910354614258
0.07825636118650436 0.07312129437923431 1.0270127058029175
0.07571954280138016 0.07073007524013519 0.9978931546211243
0.0764835849404335 0.07114626467227936 1.0674643516540527
0.0751737579703331 0.0697968527674675 1.0753810405731201
0.07710812985897064 0.07193545997142792 1.0345343351364136
0.07190468907356262 0.06651069223880768 1.0787993669509888
0.073778435587883 0.06854706257581711 1.046274185180664
0.07205547392368317 0.06674103438854218 1.0628879070281982
0.07318058609962463 0.06858880072832108 0.9183573722839355
0.07312159985303879 0.06843803822994232 0.9367125034332275
0.06920789182186127 0.06451543420553207 0.938491702079773
0.07191909849643707 0.06755754351615906 0.8723113536834717
0.07142414152622223 0.06733390688896179 0.8180462121963501
0.0740327462553978 0.06950289011001587 0.905970573425293
0.06988115608692169 0.06504133343696594 0.9679642915725708
0.07005304098129272 0.06514546275138855 0.9815149307250977
0.07100905478000641 0.06604184955358505 0.9934418201446533
0.06970393657684326 0.06499210000038147 0.9423668384552002
0.07175024598836899 0.06774391233921051 0.8012670874595642
0.0697338804602623 0.06544545292854309 0.8576858043670654
0.07520107179880142 0.07115685939788818 0.8088422417640686
0.06843876838684082 0.06413768231868744 0.8602172136306763
0.06842268258333206 0.06385044008493423 0.914448082447052
0.06889071315526962 0.06450755894184113 0.8766309022903442
0.06828725337982178 0.06367544829845428 0.9223617315292358
0.07007771730422974 0.06581375002861023 0.8527934551239014
0.06871087849140167 0.06451860070228577 0.8384556174278259
0.07240992784500122 0.0679391473531723 0.8941556215286255
0.0702648013830185 0.06604041904211044 0.8448771834373474
0.07204883545637131 0.06748054921627045 0.9136567115783691
0.06785520166158676 0.06312644481658936 0.9457520246505737
0.06510832160711288 0.06028126925230026 0.9654104709625244
0.06684182584285736 0.062163468450307846 0.9356709718704224
0.06845046579837799 0.0640750378370285 0.875085711479187
0.0633717030286789 0.05932256951928139 0.8098263740539551
0.07253103703260422 0.06892700493335724 0.7208061218261719
0.06499936431646347 0.061395589262247086 0.7207553386688232
0.06443585455417633 0.06081826984882355 0.7235167026519775
0.06458503752946854 0.060857634991407394 0.7454800009727478
0.06772282719612122 0.06380441784858704 0.783682107925415
0.06826652586460114 0.06441037356853485 0.7712311148643494
0.06618636101484299 0.06211578845977783 0.8141146898269653
0.06474614143371582 0.06084364652633667 0.7804994583129883
0.06387265026569366 0.059736236929893494 0.8272823095321655
0.06344270706176758 0.05958195775747299 0.7721502780914307
0.06494933366775513 0.061310186982154846 0.7278298735618591
0.06561340391635895 0.0620301179587841 0.7166576385498047
0.06274641305208206 0.05932050198316574 0.685181736946106
0.060614213347435 0.056945640593767166 0.7337145805358887
0.06642404198646545 0.06319773942232132 0.6452608108520508
0.06465158611536026 0.06125340610742569 0.6796362996101379
0.06594987213611603 0.062699094414711 0.6501550674438477
0.0635453388094902 0.06002568453550339 0.7039312124252319
0.06386745721101761 0.06026700884103775 0.720090389251709
0.06286093592643738 0.059038493782281876 0.7644876837730408
0.062419623136520386 0.058749645948410034 0.7339956164360046
0.061420779675245285 0.0578470304608345 0.7147501707077026
0.06231246888637543 0.05877850949764252 0.7067921161651611
0.06509687751531601 0.06188644468784332 0.6420862078666687
0.06353826820850372 0.06028971076011658 0.6497117280960083
0.059588730335235596 0.05623629689216614 0.6704866886138916
0.060760919004678726 0.05736006423830986 0.6801709532737732
0.059635765850543976 0.056375592947006226 0.6520347595214844
0.06335693597793579 0.060171790421009064 0.637029767036438
0.06446614116430283 0.0614146962761879 0.6102885007858276
0.0627165138721466 0.05983443185687065 0.576416015625
0.05961612984538078 0.05661866068840027 0.5994940400123596
0.06429237872362137 0.06090281531214714 0.6779128909111023
0.06427846103906631 0.060879603028297424 0.6797711849212646
0.06147434934973717 0.05793087184429169 0.7086955308914185
0.060602471232414246 0.05722253769636154 0.6759867668151855
0.06050147861242294 0.05715365707874298 0.6695640683174133
0.06060284748673439 0.05746123194694519 0.6283233165740967
0.06222986802458763 0.05934520065784454 0.576933741569519
0.06205565482378006 0.05931834131479263 0.5474627614021301
0.057887159287929535 0.05514070391654968 0.5492907166481018
0.060369040817022324 0.05758317559957504 0.5571731328964233
0.05836171656847 0.05573663115501404 0.5250170230865479
0.05977535992860794 0.056712619960308075 0.6125481128692627
0.06071297079324722 0.057550400495529175 0.632514238357544
0.05849126726388931 0.05555780977010727 0.5866912603378296
0.06308668106794357 0.06027153506875038 0.5630289316177368
0.061639249324798584 0.05881637707352638 0.5645742416381836
0.06231720373034477 0.059242844581604004 0.6148719787597656
0.061943765729665756 0.0587744414806366 0.63386470079422
0.05755577236413956 0.05458793789148331 0.5935667753219604
0.06607338786125183 0.06317697465419769 0.5792826414108276
0.06140076369047165 0.058626942336559296 0.5547645688056946
0.06073865294456482 0.05774048715829849 0.599632978439331
0.059094592928886414 0.05607478320598602 0.6039617657661438
0.06576286256313324 0.06314544379711151 0.5234845280647278
0.06296788901090622 0.060286641120910645 0.5362493991851807
0.058785371482372284 0.05591779574751854 0.5735155344009399
0.06327714025974274 0.06039593368768692 0.5762413740158081
0.06163360923528671 0.058763839304447174 0.573954164981842
0.05877959355711937 0.05585283041000366 0.5853527784347534
0.060894694179296494 0.05761080980300903 0.656777024269104
0.05758959427475929 0.054689355194568634 0.580047607421875
0.05847928300499916 0.055621348321437836 0.5715872645378113
0.06121475622057915 0.05846557766199112 0.5498355031013489
0.059437286108732224 0.056892700493335724 0.5089174509048462
0.05978839471936226 0.05734463781118393 0.4887511730194092
0.05759518966078758 0.05504828691482544 0.5093806982040405
0.057576172053813934 0.05481395870447159 0.5524423122406006
0.05720493197441101 0.0545954629778862 0.5218935012817383
0.061153803020715714 0.05833454430103302 0.5638518333435059
0.060033541172742844 0.05692390352487564 0.6219273209571838
0.06059519946575165 0.05795660242438316 0.5277191400527954
0.05878320708870888 0.05602399259805679 0.5518429279327393
0.05798574537038803 0.05560570955276489 0.47600725293159485
0.06134294345974922 0.05855119228363037 0.5583505630493164
0.05972838029265404 0.05737460404634476 0.4707549214363098
0.06035284698009491 0.05794249847531319 0.4820695221424103
0.058322396129369736 0.05577889829874039 0.5086996555328369
0.05746298283338547 0.054967693984508514 0.4990580677986145
0.055062294006347656 0.05260796099901199 0.4908668100833893
0.057767368853092194 0.055160246789455414 0.5214245319366455
0.06185544654726982 0.05937552824616432 0.49598392844200134
0.05592576414346695 0.05361287295818329 0.4625784456729889
0.05764196068048477 0.05541233718395233 0.44592443108558655
0.05530056357383728 0.053134091198444366 0.43329447507858276
0.05569704249501228 0.05336371064186096 0.46666619181632996
0.058103278279304504 0.05583904683589935 0.4528461694717407
0.056325919926166534 0.054088253527879715 0.44753363728523254
0.0581885427236557 0.05553000047802925 0.5317084193229675
0.05622640997171402 0.0539737343788147 0.45053499937057495
0.05869945511221886 0.0561300665140152 0.5138775110244751
0.06314992904663086 0.060721561312675476 0.4856741428375244
0.05973948538303375 0.057420674711465836 0.46376195549964905
0.057067353278398514 0.05494970083236694 0.4235305190086365
0.05869665741920471 0.05651218444108963 0.4368944764137268
0.05690426751971245 0.054704807698726654 0.43989208340644836
0.06169838085770607 0.05953165516257286 0.43334531784057617
0.0561833418905735 0.053656697273254395 0.5053289532661438
0.056552767753601074 0.054159440100193024 0.4786657392978668
0.05887174233794212 0.05658654496073723 0.45703938603401184
0.05747126042842865 0.05493798106908798 0.5066558718681335
0.056365448981523514 0.054155588150024414 0.44197192788124084
0.05521548166871071 0.05299168825149536 0.44475844502449036
0.056776270270347595 0.05432332307100296 0.49058952927589417
0.05622130632400513 0.0537678599357605 0.4906892776489258
0.054651129990816116 0.05255899578332901 0.4184267520904541
0.05622876435518265 0.0539000928401947 0.4657343327999115
0.0539013035595417 0.05159340798854828 0.4615791141986847
0.05622951313853264 0.05384887009859085 0.4761286973953247
0.057400841265916824 0.055258963257074356 0.42837536334991455
0.05882786214351654 0.05616778880357742 0.5320145487785339
0.05647031590342522 0.05422705039381981 0.4486529231071472
0.05346529185771942 0.05104212462902069 0.4846332371234894
0.057828936725854874 0.05555367469787598 0.45505231618881226
0.056251611560583115 0.054159410297870636 0.4184403717517853
0.05911574512720108 0.0569772943854332 0.42768990993499756
0.0557505302131176 0.053471289575099945 0.45584836602211
0.05831301584839821 0.05602644011378288 0.4573153853416443
0.056246448308229446 0.053905636072158813 0.4681621193885803
0.05847776308655739 0.056247442960739136 0.4460640847682953
0.05806858465075493 0.055709030479192734 0.47191083431243896
0.05429955571889877 0.0519426055252552 0.47139033675193787
0.054118551313877106 0.0519363097846508 0.43644803762435913
0.05518023669719696 0.05314058065414429 0.40793099999427795
0.0567583292722702 0.05476197600364685 0.39927029609680176
0.05203032121062279 0.05014485493302345 0.37709328532218933
0.054845258593559265 0.05286598578095436 0.3958549499511719
0.05865522101521492 0.05663668364286423 0.4037075638771057
0.05622144415974617 0.054193608462810516 0.4055668115615845
0.05391997843980789 0.05177823454141617 0.4283485412597656
0.058082230389118195 0.05601039156317711 0.4143678545951843
0.05491955205798149 0.052649468183517456 0.45401644706726074
0.053938642144203186 0.05181683599948883 0.42436152696609497
0.05781649053096771 0.05593085289001465 0.37712734937667847
0.05676913633942604 0.05466873198747635 0.4200805425643921
0.05808109790086746 0.056127700954675674 0.3906794488430023
0.0592854879796505 0.056979503482580185 0.46119675040245056
0.05421839654445648 0.052038293331861496 0.4360208511352539
0.05416420102119446 0.05210743471980095 0.41135329008102417
0.05740027502179146 0.05517248064279556 0.44555872678756714
0.05761957913637161 0.055278874933719635 0.4681410789489746
0.05257989838719368 0.05020405724644661 0.47516822814941406
0.05373185873031616 0.051653698086738586 0.4156322479248047
0.05362947657704353 0.05126536637544632 0.47282224893569946
0.05527305230498314 0.05316220596432686 0.4221695065498352
0.054514121264219284 0.052662089467048645 0.3704066574573517
0.054891567677259445 0.052824605256319046 0.41339242458343506
0.05471885949373245 0.05247198045253754 0.4493759274482727
0.054621849209070206 0.05255599319934845 0.4131709933280945
0.05636958032846451 0.054019495844841 0.47001659870147705
0.05526711791753769 0.052898287773132324 0.4737659692764282
0.05496986582875252 0.052885279059410095 0.416917622089386
0.05734329670667648 0.05470943823456764 0.5267717838287354
0.054124023765325546 0.052181556820869446 0.3884936571121216
0.05512617900967598 0.0532059408724308 0.3840475380420685
0.05691277235746384 0.054893121123313904 0.4039303660392761
0.05477394536137581 0.052753109484910965 0.40416744351387024
0.055627673864364624 0.05369942635297775 0.3856493830680847
0.05531610921025276 0.05358559638261795 0.3461024761199951
0.054701462388038635 0.05269404873251915 0.401482492685318
0.05765314772725105 0.0552198700606823 0.48665565252304077
0.05569576099514961 0.05382147431373596 0.3748571276664734
0.0556982085108757 0.05357443168759346 0.4247550964355469
0.057850416749715805 0.05576968193054199 0.41614705324172974
0.053898584097623825 0.052031420171260834 0.3734326958656311
0.06024580076336861 0.058252301067113876 0.39869964122772217
0.053304895758628845 0.05113228037953377 0.4345228672027588
0.0552169531583786 0.053272075951099396 0.3889751434326172
0.0544213242828846 0.05216290056705475 0.45168495178222656
0.05231061577796936 0.050362445414066315 0.3896341323852539
0.05450333282351494 0.05251457542181015 0.3977518379688263
0.05626451596617699 0.05415179580450058 0.4225442111492157
0.054438360035419464 0.05265820398926735 0.35603129863739014
0.05599626153707504 0.05394744127988815 0.4097643494606018
0.05984385684132576 0.05762443691492081 0.4438842236995697
0.05783291533589363 0.0556732714176178 0.43192869424819946
0.051382552832365036 0.04915899038314819 0.44471246004104614
0.05730992928147316 0.05497478321194649 0.467029333114624
0.05492943897843361 0.052852921187877655 0.41530370712280273
0.054112423211336136 0.052180215716362 0.3864412307739258
0.057083792984485626 0.054932646453380585 0.4302293062210083
0.056380052119493484 0.05378052592277527 0.5199055671691895
0.05579068884253502 0.05369266867637634 0.4196043610572815
0.05400090664625168 0.05174582451581955 0.45101624727249146
0.052527591586112976 0.05043315887451172 0.4188864529132843
0.05573991313576698 0.05378129705786705 0.39172306656837463
0.056203845888376236 0.05418001487851143 0.40476638078689575
0.05358877405524254 0.051534254103899 0.410904198884964
0.051803912967443466 0.04992641136050224 0.37549999356269836
0.05455313250422478 0.05235512554645538 0.4396013021469116
0.05550754442811012 0.05348784103989601 0.40394091606140137
0.05477610230445862 0.05287116765975952 0.38098669052124023
0.05345113202929497 0.051269084215164185 0.4364093542098999
0.05803574249148369 0.05596209317445755 0.41473013162612915
0.05350489914417267 0.051576994359493256 0.3855805993080139
0.056224580854177475 0.05412442982196808 0.42002999782562256
0.05691475793719292 0.05486450344324112 0.4100510776042938
0.05210449919104576 0.0500190332531929 0.4170929193496704
0.05182249844074249 0.04975506290793419 0.41348695755004883
0.05620197206735611 0.054416004568338394 0.3571931719779968
0.053461674600839615 0.05157671496272087 0.37699228525161743
0.05537759140133858 0.05339823663234711 0.3958708345890045
0.0540214404463768 0.05209837853908539 0.3846120238304138
0.05288625881075859 0.05068756267428398 0.4397393465042114
0.05185551196336746 0.0500619113445282 0.35872024297714233
0.0578659251332283 0.05601472780108452 0.37023985385894775
0.054499756544828415 0.05253658443689346 0.39263418316841125
0.055820513516664505 0.05379365384578705 0.4053720235824585
0.05483351647853851 0.05298309773206711 0.37008339166641235
0.05530139431357384 0.05307081341743469 0.44611644744873047
0.05291476845741272 0.0509595163166523 0.3910505175590515
0.05438590422272682 0.05259677767753601 0.35782521963119507
0.05462615191936493 0.05267396941781044 0.39043670892715454
0.05712655186653137 0.0549493208527565 0.4354460835456848
0.054726190865039825 0.05256563425064087 0.432111531496048
0.05212751030921936 0.05014782398939133 0.3959375321865082
0.054052650928497314 0.05222425237298012 0.3656797409057617
0.05676547810435295 0.05487911403179169 0.37727266550064087
0.05474130064249039 0.052543848752975464 0.43949073553085327
0.0521744079887867 0.05020429939031601 0.3940213918685913
0.05433015152812004 0.052602723240852356 0.3454859256744385
0.05454912409186363 0.052438125014305115 0.4221998453140259
0.05643283575773239 0.054559167474508286 0.3747338056564331
0.05358622223138809 0.051759183406829834 0.36540740728378296
0.052102141082286835 0.05010565370321274 0.3992973864078522
0.052530307322740555 0.05027356371283531 0.4513487219810486
0.05330276861786842 0.05140455439686775 0.37964266538619995
0.056731317192316055 0.054671596735715866 0.4119439423084259
0.05117303133010864 0.04929419606924057 0.3757670223712921
0.05419350042939186 0.05206746608018875 0.4252065420150757
0.05498350411653519 0.05309651792049408 0.3773968815803528
0.05301662161946297 0.050867959856987 0.4297322928905487
0.05578264594078064 0.05380985885858536 0.3945576250553131
0.059429831802845 0.057313285768032074 0.4233095943927765
0.05352617800235748 0.051376864314079285 0.4298625588417053
0.057852666825056076 0.0555209144949913 0.4663507640361786
0.05275622010231018 0.051014550030231476 0.3483341336250305
0.052353620529174805 0.05067624896764755 0.33547407388687134
0.0520961619913578 0.050571516156196594 0.304929256439209
0.055784910917282104 0.05379732698202133 0.3975166082382202
0.0530799962580204 0.05094413459300995 0.42717233300209045
0.0515236034989357 0.04980158060789108 0.34440430998802185
0.051703665405511856 0.04955650493502617 0.4294321537017822
0.054695576429367065 0.05241785943508148 0.45554330945014954
0.054989829659461975 0.0526009276509285 0.47778046131134033
0.053027085959911346 0.050916388630867004 0.4221394658088684
0.05385356768965721 0.05178359895944595 0.4139940142631531
0.05285963416099548 0.05083809047937393 0.40430888533592224
0.05463314428925514 0.052590228617191315 0.4085828959941864
0.052990157157182693 0.05101994425058365 0.3940424919128418
0.05395574867725372 0.0521005354821682 0.3710426688194275
0.050802238285541534 0.048887573182582855 0.3829331398010254
0.05237764120101929 0.05003761872649193 0.4680045247077942
0.05400129780173302 0.05215780436992645 0.3686990439891815
0.05396505817770958 0.052194081246852875 0.3541950583457947
0.054704952985048294 0.05285193771123886 0.3706028461456299
0.05107496306300163 0.04934840649366379 0.34531110525131226
0.05306978523731232 0.0515325553715229 0.3074458837509155
0.05541052296757698 0.0536385253071785 0.3543998897075653
0.05284033343195915 0.05102772265672684 0.3625220060348511
0.05458030104637146 0.05285996198654175 0.3440677523612976
0.05461046099662781 0.052665792405605316 0.38893353939056396
0.05476072058081627 0.052944719791412354 0.3632003366947174
0.05650140345096588 0.05472344905138016 0.3555906116962433
0.0526178814470768 0.050760116428136826 0.3715531826019287
0.053514622151851654 0.05176236480474472 0.3504512310028076
0.05375152826309204 0.05188191682100296 0.3739219307899475
0.052929025143384933 0.05119119584560394 0.3475661277770996
0.05262193828821182 0.05112365633249283 0.2996562719345093
0.054850250482559204 0.05285573750734329 0.3989027738571167
0.05137404799461365 0.0497249960899353 0.32981008291244507
0.05508161336183548 0.05318785458803177 0.3787514567375183
0.05423258990049362 0.0522623248398304 0.3940531611442566
0.05423219874501228 0.0522582083940506 0.3947978615760803
0.054087162017822266 0.05213242769241333 0.39094698429107666
0.05435176193714142 0.052424877882003784 0.38537660241127014
0.053245026618242264 0.05084846913814545 0.4793117940425873
0.05387210100889206 0.05206259340047836 0.3619013726711273
0.05127720534801483 0.04930878058075905 0.3936848044395447
0.05276200547814369 0.051006924360990524 0.35101616382598877
0.051717452704906464 0.04986829310655594 0.36983203887939453
0.054502490907907486 0.05257108062505722 0.3862817883491516
0.05681709200143814 0.0549243725836277 0.3785439133644104
0.057032547891139984 0.055100589990615845 0.38639146089553833
0.05077525973320007 0.04851827770471573 0.4513965845108032
0.05068264529109001 0.04878642410039902 0.379243940114975
0.0535137802362442 0.051480188965797424 0.406718373298645
0.055345188826322556 0.05309535562992096 0.4499666094779968
0.05232132971286774 0.050555720925331116 0.3531220555305481
0.053106896579265594 0.05106769874691963 0.40783923864364624
0.054488345980644226 0.05263378471136093 0.3709121346473694
0.055888913571834564 0.05379295349121094 0.41919195652008057
0.05515790730714798 0.05321475490927696 0.38863077759742737
0.052196845412254333 0.05033488571643829 0.3723922669887543
0.054117556661367416 0.052173912525177 0.3887284994125366
0.05432843789458275 0.05233395844697952 0.3988957405090332
0.05172603949904442 0.04996269568800926 0.35266852378845215
0.05291908234357834 0.051237285137176514 0.33635932207107544
0.05380135029554367 0.051889367401599884 0.38239622116088867
0.053256046026945114 0.051598794758319855 0.3314502537250519
0.0555206798017025 0.053999654948711395 0.30420464277267456
0.05187785625457764 0.05010545253753662 0.3544811010360718
0.052585501223802567 0.050682514905929565 0.3805972635746002
0.05590567737817764 0.0538087822496891 0.4193793535232544
0.053110502660274506 0.05123501271009445 0.3750978708267212
0.05347603186964989 0.05135836824774742 0.42353296279907227
0.054701708257198334 0.05289178341627121 0.3619852662086487
0.05300968140363693 0.05128456652164459 0.3450230062007904
0.05482615903019905 0.05286671221256256 0.391889363527298
0.0495128408074379 0.04782472178339958 0.337624192237854
0.054444391280412674 0.052631571888923645 0.3625636696815491
0.05535328760743141 0.053421519696712494 0.3863537311553955
0.05601678043603897 0.05402261018753052 0.39883434772491455
0.05311444029211998 0.05143557861447334 0.3357723355293274
0.05452518165111542 0.05294758826494217 0.31551894545555115
0.05488785728812218 0.052997782826423645 0.3780147433280945
0.0537223145365715 0.05202120542526245 0.34022146463394165
0.05253898352384567 0.0503707192838192 0.4336530566215515
0.05313515663146973 0.05091682821512222 0.4436657428741455
0.05138743296265602 0.04958827793598175 0.359831303358078
0.055663902312517166 0.05377941206097603 0.3768983483314514
0.05211416631937027 0.050238270312547684 0.3751794993877411
0.05480625852942467 0.052607472985982895 0.43975692987442017
0.053949516266584396 0.05209336429834366 0.37123042345046997
0.054355885833501816 0.05231907591223717 0.40736231207847595
0.05305005609989166 0.05082374066114426 0.4452630877494812
0.05115827918052673 0.04933473467826843 0.36470872163772583
0.056382257491350174 0.054674066603183746 0.3416379988193512
0.05413007363677025 0.052324920892715454 0.36103034019470215
0.05751769617199898 0.05572114139795303 0.35931092500686646
0.05268537253141403 0.05097755789756775 0.3415627181529999
0.052790407091379166 0.051054343581199646 0.34721243381500244
0.05303298681974411 0.05100869759917259 0.4048579931259155
0.052582014352083206 0.05060320720076561 0.39576154947280884
0.05181322991847992 0.049973368644714355 0.3679719567298889
0.056345146149396896 0.0546535961329937 0.33831024169921875
0.056164633482694626 0.05438126623630524 0.35667359828948975
0.05081599950790405 0.04926377162337303 0.3104453682899475
0.054648008197546005 0.052562035620212555 0.41719478368759155
0.05191095918416977 0.05016171187162399 0.3498491644859314
0.05316346883773804 0.05097305774688721 0.43808212876319885
0.05181305482983589 0.049804504960775375 0.4017102122306824
0.05096427723765373 0.04917268082499504 0.35831907391548157
0.057214464992284775 0.05475769564509392 0.49135398864746094
0.056110840290784836 0.05381889268755913 0.458389550447464
0.0538172647356987 0.05156548693776131 0.4503557085990906
0.05556832253932953 0.05385472625494003 0.3427191376686096
0.05478813126683235 0.05243213474750519 0.4711993336677551
0.053850676864385605 0.052018024027347565 0.3665308356285095
0.05117236450314522 0.04903627932071686 0.42721718549728394
0.0527285672724247 0.05043576657772064 0.458560049533844
0.051083363592624664 0.049222804605960846 0.3721117675304413
0.052552592009305954 0.05053776875138283 0.4029644727706909
0.05284428969025612 0.05054400861263275 0.4600560665130615
0.05245865508913994 0.05053503438830376 0.3847244381904602
0.05328887701034546 0.051683589816093445 0.3210577964782715
0.05212041363120079 0.050248488783836365 0.37438488006591797
0.05386010557413101 0.052132897078990936 0.3454413414001465
0.05098189413547516 0.04897606000304222 0.40116700530052185
0.054276976734399796 0.0523456335067749 0.38626837730407715
0.05157799273729324 0.049581095576286316 0.3993791937828064
0.04926503449678421 0.0477212518453598 0.30875691771507263
0.050885412842035294 0.0490192249417305 0.3732375502586365
0.05319419503211975 0.05136362090706825 0.36611485481262207
0.05344390496611595 0.05164865031838417 0.3590511977672577
0.05289995297789574 0.05094157159328461 0.3916764259338379
0.05225790664553642 0.05077746510505676 0.29608839750289917
0.050628598779439926 0.04884711652994156 0.35629627108573914
0.05510416626930237 0.05302724614739418 0.4153839349746704
0.052127618342638016 0.05044565349817276 0.3363932967185974
0.057715486735105515 0.05574259161949158 0.39457905292510986
0.05121102184057236 0.049778424203395844 0.28651976585388184
0.050796836614608765 0.04928485304117203 0.30239689350128174
0.05361399054527283 0.05149023234844208 0.424751341342926
0.053580135107040405 0.051807910203933716 0.35444480180740356
0.05274386703968048 0.05063469707965851 0.4218337833881378
0.05301104113459587 0.05091061443090439 0.4200853705406189
0.053409457206726074 0.05148737132549286 0.3844170570373535
0.05358661711215973 0.05169293284416199 0.3787369132041931
0.051768045872449875 0.05003322660923004 0.3469635844230652
0.05231282860040665 0.05060863122344017 0.3408392071723938
0.05251360684633255 0.050678521394729614 0.36701685190200806
0.05418160930275917 0.05232391506433487 0.3715391755104065
0.0532270222902298 0.05113057792186737 0.419289231300354
0.052634600549936295 0.05050908774137497 0.42510277032852173
0.052607305347919464 0.05080563575029373 0.360334187746048
0.05396236479282379 0.05209508538246155 0.37345582246780396
0.050214268267154694 0.04845615103840828 0.3516233265399933
0.054048120975494385 0.052091311663389206 0.39136213064193726
0.05577758327126503 0.05368836969137192 0.4178425073623657
0.051202595233917236 0.04920676350593567 0.39916619658470154
0.05232807248830795 0.05037384107708931 0.3908461630344391
0.05450010672211647 0.05230945721268654 0.4381296634674072
0.05508781969547272 0.053029827773571014 0.4115980565547943
0.05337749794125557 0.05135813727974892 0.4038723111152649
0.055576637387275696 0.05369078740477562 0.3771699070930481
0.05363978445529938 0.05156688764691353 0.4145793318748474
0.05383453518152237 0.05203297734260559 0.360311359167099
0.054578643292188644 0.05259564518928528 0.39659953117370605
0.054244253784418106 0.052187480032444 0.41135480999946594
0.0531751923263073 0.0512545183300972 0.38413506746292114
0.05315428227186203 0.05120436102151871 0.3899843692779541
0.05237950012087822 0.05039224773645401 0.3974507451057434
0.05276578292250633 0.050542932003736496 0.44457027316093445
0.0542229562997818 0.052041150629520416 0.4363614320755005
0.053575340658426285 0.05150694400072098 0.41367948055267334
0.05269948020577431 0.050397373735904694 0.46042126417160034
0.055460378527641296 0.05328278988599777 0.43551793694496155
0.05748508498072624 0.05564497411251068 0.36802253127098083
0.05273057520389557 0.05031055212020874 0.48400425910949707
0.05401429533958435 0.051816415041685104 0.4395759701728821
0.05393066629767418 0.052045661956071854 0.3770010471343994
0.04859895631670952 0.046737443655729294 0.37230268120765686
0.052882831543684006 0.05067707598209381 0.44115114212036133
0.05262336507439613 0.05081509053707123 0.3616551160812378
0.054026320576667786 0.05228114873170853 0.34903430938720703
0.05111800506711006 0.049441590905189514 0.3352830410003662
0.04969122260808945 0.048071831464767456 0.32387810945510864
0.05113954842090607 0.04955349117517471 0.3172112703323364
0.0519355908036232 0.049579717218875885 0.47117477655410767
0.05270078778266907 0.05069262161850929 0.40163326263427734
0.05664632096886635 0.054850079119205475 0.35924863815307617
0.05136803165078163 0.049545519053936005 0.3645026981830597
0.05159524083137512 0.04989340528845787 0.34036678075790405
0.057605303823947906 0.05573713406920433 0.3736337721347809
0.05120097100734711 0.049244239926338196 0.39134639501571655
0.05396343395113945 0.05215998739004135 0.3606894612312317
0.052250638604164124 0.050480037927627563 0.35412031412124634
0.05475814267992973 0.05289546400308609 0.37253594398498535
0.05172109603881836 0.04992949962615967 0.35831940174102783
0.05270690843462944 0.050833459943532944 0.37468981742858887
0.053034860640764236 0.05115079879760742 0.3768124580383301
0.054117001593112946 0.052360668778419495 0.35126692056655884
0.051712922751903534 0.04974006861448288 0.3945710062980652
0.052522316575050354 0.050496477633714676 0.4051675498485565
0.05062835291028023 0.04889668524265289 0.3463335931301117
0.05248602479696274 0.050407979637384415 0.4156094193458557
0.050762519240379333 0.048761360347270966 0.40023213624954224
0.05267483741044998 0.05075720697641373 0.38352614641189575
0.05303792655467987 0.05107947438955307 0.3916902542114258
0.05366736277937889 0.05159576237201691 0.4143204092979431
0.05411414057016373 0.05232405662536621 0.3580169677734375
0.05140449106693268 0.049333348870277405 0.414228618144989
0.053312502801418304 0.05121456831693649 0.41958707571029663
0.053833357989788055 0.05192464590072632 0.3817424774169922
0.05174759402871132 0.0497375950217247 0.40199974179267883
0.054101232439279556 0.05248741805553436 0.32276275753974915
0.05304277688264847 0.05140625685453415 0.32730376720428467
0.05370279774069786 0.05166241526603699 0.40807655453681946
0.05382157862186432 0.05179101973772049 0.4061118960380554
0.0582929402589798 0.05635669827461243 0.38724827766418457
0.05021730810403824 0.048129551112651825 0.41755110025405884
0.05287701264023781 0.05083685368299484 0.40803200006484985
0.05330687016248703 0.0514371320605278 0.3739478290081024
0.05437271669507027 0.052398331463336945 0.3948769271373749
0.05348750203847885 0.05152932554483414 0.39163509011268616
0.05453989654779434 0.052464187145233154 0.4151418209075928
0.05418357625603676 0.052349649369716644 0.3667857050895691
0.05066365748643875 0.048882417380809784 0.35624802112579346
0.05112360417842865 0.0494033545255661 0.34405016899108887
0.051800042390823364 0.04990054666996002 0.3798993229866028
0.05185173824429512 0.04981172829866409 0.40800178050994873
0.05471201241016388 0.05253379046916962 0.43564432859420776
0.05239839106798172 0.05065024644136429 0.3496287763118744
0.0528748519718647 0.05071067065000534 0.4328364431858063
0.05044475197792053 0.048039767891168594 0.48099687695503235
0.0511837899684906 0.048979293555021286 0.44089964032173157
0.053633175790309906 0.05170503631234169 0.3856276869773865
0.04997602850198746 0.04787750169634819 0.4197053909301758
0.051564961671829224 0.04938499256968498 0.4359937012195587
0.051376309245824814 0.049536608159542084 0.36794018745422363
0.05128934234380722 0.04943834990262985 0.3701986074447632
0.05407683923840523 0.05240005627274513 0.3353566527366638
0.05462193489074707 0.05275765433907509 0.37285637855529785
0.05274083837866783 0.050771862268447876 0.39379554986953735
0.056621797382831573 0.05454983562231064 0.41439270973205566
0.054979681968688965 0.053175896406173706 0.36075735092163086
0.051486290991306305 0.049780018627643585 0.3412545323371887
0.05385338515043259 0.05207207426428795 0.35626232624053955
0.05320568010210991 0.051173530519008636 0.4064296782016754
0.05326767638325691 0.0514003150165081 0.3734723925590515
0.05278385058045387 0.051054298877716064 0.3459101617336273
0.05123518407344818 0.048924945294857025 0.46204739809036255
0.054126523435115814 0.05236179381608963 0.3529457747936249
0.05394129827618599 0.05193893611431122 0.40047258138656616
0.053626056760549545 0.051762938499450684 0.3726234436035156
0.05000995844602585 0.04812066629528999 0.37785857915878296
0.05219601094722748 0.050212714821100235 0.39665961265563965
0.051745541393756866 0.049429021775722504 0.4633040428161621
0.054587241262197495 0.052370086312294006 0.4434313178062439
0.05543519929051399 0.05363394320011139 0.3602510690689087
0.051318127661943436 0.049651339650154114 0.3333578109741211
0.05425985902547836 0.052068136632442474 0.43834468722343445
0.049161896109580994 0.04728851094841957 0.37467724084854126
0.05224651098251343 0.049918144941329956 0.4656735062599182
0.05404555797576904 0.05226287245750427 0.3565373122692108
0.051678579300642014 0.04994236305356026 0.34724318981170654
0.050086263567209244 0.04780201613903046 0.4568491578102112
0.052204430103302 0.05005890130996704 0.4291057586669922
0.05386543646454811 0.05171016603708267 0.43105411529541016
0.05137281492352486 0.04928116500377655 0.4183298945426941
0.050069935619831085 0.04830466955900192 0.3530532419681549
0.05321221053600311 0.05140624940395355 0.36119216680526733
0.05141101032495499 0.049624402076005936 0.35732147097587585
0.054298266768455505 0.05263875797390938 0.3319014310836792
0.052347972989082336 0.050454966723918915 0.3786012530326843
0.05212611332535744 0.05010126531124115 0.4049699306488037
0.05110093951225281 0.04927394911646843 0.36539822816848755
0.050989869982004166 0.04930458217859268 0.3370576500892639
0.055284533649683 0.05305243283510208 0.44642022252082825
0.052353549748659134 0.05029739812016487 0.4112304747104645
0.05292138829827309 0.0505688413977623 0.4705091118812561
0.052239999175071716 0.050303004682064056 0.38739854097366333
0.05493051931262016 0.05288753658533096 0.40859663486480713
0.051616329699754715 0.04961846023797989 0.39957404136657715
0.050488464534282684 0.04845339432358742 0.40701377391815186
0.0513734370470047 0.049573153257369995 0.3600570559501648
0.05418050289154053 0.05224257707595825 0.3875854015350342
0.05470222607254982 0.05276046320796013 0.3883523941040039
0.05377639830112457 0.051767587661743164 0.4017617702484131
0.05254616215825081 0.05051770806312561 0.40569108724594116
0.05508691817522049 0.05318554490804672 0.3802744746208191
0.05111531540751457 0.049337238073349 0.3556154668331146
0.052638452500104904 0.050652142614126205 0.39726197719573975
0.053674180060625076 0.051822587847709656 0.37031832337379456
0.053713470697402954 0.05163194239139557 0.4163058400154114
0.05370815470814705 0.051445264369249344 0.4525783956050873
0.054694853723049164 0.052467815577983856 0.4454078674316406
0.04976538568735123 0.04783125966787338 0.38682517409324646
0.052230559289455414 0.050265148282051086 0.3930824398994446
0.051535628736019135 0.04974142462015152 0.3588409423828125
0.05136099085211754 0.04926653206348419 0.4188916087150574
0.05230054631829262 0.05035393312573433 0.38932251930236816
0.052660562098026276 0.05056871846318245 0.41836845874786377
0.055065106600522995 0.05264291912317276 0.48443716764450073
0.05349862203001976 0.051265962421894073 0.44653213024139404
0.05025934800505638 0.047921840101480484 0.4675017297267914
0.053885411471128464 0.051889680325984955 0.39914602041244507
0.052180323749780655 0.04980562627315521 0.474939227104187
0.05186722055077553 0.04979570955038071 0.4143025279045105
0.052488792687654495 0.0500502772629261 0.48770302534103394
0.052524030208587646 0.05024610459804535 0.4555850327014923
0.053639721125364304 0.05168507993221283 0.39092814922332764
0.0537598580121994 0.05184344947338104 0.383281409740448
0.05308624356985092 0.05095210671424866 0.426827073097229
0.05196201801300049 0.05001875013113022 0.38865339756011963
0.05211769416928291 0.049852948635816574 0.4529491066932678
0.05202631652355194 0.050061605870723724 0.39294207096099854
0.05510462448000908 0.053142692893743515 0.3923865556716919
0.051684651523828506 0.0497027188539505 0.3963868021965027
0.05165156349539757 0.049803659319877625 0.3695811629295349
0.05278788134455681 0.05071644484996796 0.41428762674331665
0.052807386964559555 0.05070085823535919 0.42130541801452637
0.05274015665054321 0.05045534670352936 0.456961989402771
0.05205371975898743 0.049943141639232635 0.4221154451370239
0.05183824151754379 0.04963216930627823 0.44121426343917847
0.051844917237758636 0.04997225105762482 0.3745332360267639
0.05594036355614662 0.054023440927267075 0.3833845853805542
0.050337016582489014 0.048491038382053375 0.3691960275173187
0.051889412105083466 0.04981241375207901 0.4153999388217926
0.05260738357901573 0.050657983869314194 0.38988006114959717
0.052074335515499115 0.050129733979701996 0.3889203369617462
0.05121196433901787 0.049376968294382095 0.36699920892715454
0.05213082581758499 0.05025487393140793 0.37519001960754395
0.0514889694750309 0.04962702840566635 0.3723881244659424
0.05434219539165497 0.05216134712100029 0.4361693859100342
0.05356406792998314 0.051445189863443375 0.42377597093582153
0.05027756839990616 0.048335012048482895 0.38851141929626465
0.05288418382406235 0.05072921887040138 0.4309927523136139
0.052746813744306564 0.05102100223302841 0.34516197443008423
0.05017312243580818 0.04797602444887161 0.4394192695617676
0.05234086886048317 0.05046694725751877 0.374783992767334
0.053479667752981186 0.05141681805253029 0.4125697910785675
0.052681125700473785 0.05070272088050842 0.39568132162094116
0.05219777673482895 0.05027132108807564 0.3852913975715637
0.056057676672935486 0.05376581847667694 0.45837193727493286
0.05688243731856346 0.0545850470662117 0.45947784185409546
0.0527118556201458 0.05058823525905609 0.4247240126132965
0.0513739287853241 0.04928690195083618 0.4174050986766815
0.05210982635617256 0.05010049045085907 0.40186750888824463
0.05507771298289299 0.05311188846826553 0.3931652307510376
0.05188905447721481 0.0499894917011261 0.3799128532409668
0.05261276662349701 0.05050358548760414 0.4218359589576721
0.055309779942035675 0.05297578126192093 0.4668000340461731
0.0533064641058445 0.05163922160863876 0.3334483504295349
0.05186920613050461 0.049911707639694214 0.3915000259876251
0.05243872478604317 0.05062501132488251 0.36274269223213196
0.05245354399085045 0.05041969567537308 0.4067698121070862
0.05189065262675285 0.049964845180511475 0.38516128063201904
0.04859884828329086 0.046915337443351746 0.33670228719711304
0.05228770896792412 0.050156742334365845 0.4261932969093323
0.05239580571651459 0.0505814403295517 0.36287301778793335
0.054496005177497864 0.05263214185833931 0.3727729022502899
0.053588397800922394 0.051652297377586365 0.38721975684165955
0.05258827283978462 0.05048388987779617 0.4208768904209137
0.05137817561626434 0.04925154149532318 0.42532679438591003
0.05132612958550453 0.04946513846516609 0.3721984028816223
0.05048153176903725 0.048267848789691925 0.44273626804351807
0.054478298872709274 0.05253036320209503 0.3895869255065918
0.04957469552755356 0.04779897630214691 0.355143666267395
0.053310006856918335 0.0513894148170948 0.3841181993484497
0.051206961274147034 0.04933936521410942 0.3735193610191345
0.05175546929240227 0.04937851056456566 0.47539210319519043
0.05233773589134216 0.050091274082660675 0.44929230213165283
0.04985693469643593 0.04786366969347 0.3986528813838959
0.04940838739275932 0.04721029847860336 0.43961799144744873
0.05186653882265091 0.05001895874738693 0.3695162534713745
0.053360942751169205 0.05137856304645538 0.39647603034973145
0.05249183624982834 0.05050681531429291 0.39700400829315186
0.05363984405994415 0.05184486508369446 0.3589960038661957
0.052545785903930664 0.05055145546793938 0.39886587858200073
0.05213125795125961 0.05061506852507591 0.30323755741119385
0.052351146936416626 0.05040935426950455 0.38835883140563965
0.056662991642951965 0.054493047297000885 0.4339890480041504
0.0552988275885582 0.05369546264410019 0.3206729590892792
0.05303023383021355 0.05087164044380188 0.4317186176776886
0.05447177588939667 0.05236893892288208 0.42056769132614136
0.05055996775627136 0.04870562255382538 0.3708689212799072
0.05170290172100067 0.04980093985795975 0.38039249181747437
0.05047639086842537 0.04875262826681137 0.34475260972976685
0.053812745958566666 0.05164334177970886 0.4338805377483368
0.05148935317993164 0.049329474568367004 0.4319758415222168
0.05187021195888519 0.04983716830611229 0.4066087603569031
0.0533355213701725 0.051080767065286636 0.45095083117485046
0.05293774977326393 0.05056549236178398 0.47445136308670044
0.05252876877784729 0.05017929896712303 0.46989405155181885
0.05309140309691429 0.05117706581950188 0.38286712765693665
0.05344649404287338 0.05138495936989784 0.41230714321136475
0.05303876847028732 0.05074988678097725 0.45777618885040283
0.052540089935064316 0.05052550509572029 0.4029167592525482
0.05169094353914261 0.049722008407115936 0.39378708600997925
0.05379324406385422 0.05143643915653229 0.471361368894577
0.05373802408576012 0.05196581035852432 0.35444244742393494
0.05318143963813782 0.05104091763496399 0.4281042814254761
0.05065932869911194 0.04848103225231171 0.4356595277786255
0.05232732743024826 0.05055975168943405 0.35351553559303284
0.05312152951955795 0.0508008636534214 0.464133083820343
0.051388923078775406 0.049472156912088394 0.38335347175598145
0.05104367434978485 0.049087539315223694 0.3912268280982971
0.05366435647010803 0.051605045795440674 0.41186216473579407
0.050479378551244736 0.04847760871052742 0.40035369992256165
0.05165674909949303 0.04947243258357048 0.43686336278915405
0.05358528345823288 0.05110255628824234 0.49654513597488403
0.052314095199108124 0.05006474256515503 0.44987037777900696
0.05271665006875992 0.050953593105077744 0.35261106491088867
0.04918282851576805 0.04720522463321686 0.39552071690559387
0.053669583052396774 0.0518454872071743 0.3648189306259155
0.05519786849617958 0.05288795754313469 0.4619820713996887
0.05368776246905327 0.05162202939391136 0.4131464660167694
0.05284101143479347 0.050948962569236755 0.3784095048904419
0.052597131580114365 0.050529371947050095 0.4135521352291107
0.05111868306994438 0.04935590922832489 0.35255494713783264
0.05486277863383293 0.052708182483911514 0.43091943860054016
0.053081952035427094 0.050767842680215836 0.4628220200538635
0.051450785249471664 0.049368180334568024 0.4165211319923401
0.052844323217868805 0.0502462200820446 0.5196205377578735
0.05208740755915642 0.05009870603680611 0.3977400064468384
0.05623670294880867 0.053828299045562744 0.4816805422306061
0.0568646565079689 0.054739903658628464 0.4249505400657654
0.053582433611154556 0.05176248401403427 0.36398980021476746
0.05278494954109192 0.050894979387521744 0.3779940605163574
0.04806535318493843 0.04597366973757744 0.4183366298675537
0.052522312849760056 0.050555258989334106 0.3934108018875122
0.054443638771772385 0.052534688264131546 0.38178980350494385
0.048160310834646225 0.04636535793542862 0.35899072885513306
0.05055975541472435 0.04872847720980644 0.3662554621696472
0.051013585180044174 0.04882397502660751 0.4379218816757202
0.05255807936191559 0.05031551420688629 0.4485131800174713
0.05487336963415146 0.05280323326587677 0.41402751207351685
0.05432412773370743 0.05269140377640724 0.3265448212623596
0.05299277603626251 0.05102105438709259 0.3943444490432739
0.05025666207075119 0.048261743038892746 0.3989838659763336
0.05324013531208038 0.05095008388161659 0.4580099582672119
0.050051648169755936 0.047977812588214874 0.41476696729660034
0.05114874988794327 0.04908369481563568 0.41301119327545166
0.05266213044524193 0.05015949904918671 0.5005261898040771
0.05122572183609009 0.04874049872159958 0.4970449209213257
0.05508851259946823 0.05308844894170761 0.40001264214515686
0.05245285853743553 0.05035819113254547 0.4189334213733673
0.05380427464842796 0.0520041286945343 0.36002951860427856
0.05315769091248512 0.0513591431081295 0.35970979928970337
0.05006752535700798 0.04810988903045654 0.3915274143218994
0.05226251110434532 0.050381846725940704 0.3761325478553772
0.050980400294065475 0.049259599298238754 0.3441603481769562
0.05281597748398781 0.05060882121324539 0.4414314031600952
0.053910281509160995 0.05189008265733719 0.4040399193763733
0.051488034427165985 0.04958917573094368 0.3797715902328491
0.05400441214442253 0.0517638698220253 0.44810864329338074
0.050007063895463943 0.04793403297662735 0.4146060347557068
0.053692739456892014 0.05097535252571106 0.5434771776199341
0.04963688924908638 0.04741300642490387 0.4447767436504364
0.05025339871644974 0.047788262367248535 0.4930276572704315
0.04987018555402756 0.04778403043746948 0.41723108291625977
0.05308583006262779 0.05087669938802719 0.4418264627456665
0.051707424223423004 0.04973512887954712 0.3944590091705322
0.05201014503836632 0.0496022067964077 0.4815874993801117
0.05237109959125519 0.050210822373628616 0.43205514550209045
0.053972382098436356 0.051814839243888855 0.4315086007118225
0.05206068605184555 0.05024583637714386 0.3629702925682068
0.047981686890125275 0.04621894657611847 0.35254836082458496
0.05270439013838768 0.050531793385744095 0.43451952934265137
0.05154415965080261 0.04963167756795883 0.38249656558036804
0.05101542919874191 0.048660311847925186 0.4710237979888916
0.05293213948607445 0.05083265155553818 0.41989773511886597
0.05174526944756508 0.04982226341962814 0.3846014142036438
0.05693594366312027 0.05470043793320656 0.4471014142036438
0.0548720620572567 0.05282082036137581 0.410248339176178
0.05452510342001915 0.052459895610809326 0.4130416810512543
0.051736388355493546 0.04962204769253731 0.4228680431842804
0.05354871228337288 0.05089973658323288 0.5297954082489014
0.05050282925367355 0.04864002764225006 0.3725603222846985
0.04995529353618622 0.04781308025121689 0.4284427762031555
0.0494370236992836 0.04704767465591431 0.4778698682785034
0.0527116097509861 0.05051661282777786 0.43899908661842346
0.0493120439350605 0.047074586153030396 0.44749170541763306
0.051350027322769165 0.04947735369205475 0.3745347261428833
0.05104706436395645 0.04881732910871506 0.44594743847846985
0.05058720335364342 0.04861799627542496 0.3938416838645935
0.05397605523467064 0.05180472880601883 0.4342656135559082
0.05298176035284996 0.05082961171865463 0.43042993545532227
0.05084828659892082 0.04863078147172928 0.4435011148452759
0.05107345059514046 0.04910502955317497 0.3936845660209656
0.051265303045511246 0.04943269491195679 0.3665214478969574
0.051239319145679474 0.04938100278377533 0.371662974357605
0.051571644842624664 0.049604468047618866 0.39343562722206116
0.051512476056814194 0.04982815310359001 0.3368649482727051
0.05193322151899338 0.05004408210515976 0.37782803177833557
0.04991674795746803 0.04761243984103203 0.4608614444732666
0.04965915530920029 0.047525737434625626 0.42668384313583374
0.052821606397628784 0.05079714208841324 0.4048925042152405
0.04942149668931961 0.04740995913743973 0.4023078382015228
0.052783336490392685 0.050606973469257355 0.43527284264564514
0.049216121435165405 0.047450605779886246 0.3531031012535095
0.05384312570095062 0.05178290605545044 0.4120439887046814
0.052353374660015106 0.05038280785083771 0.3941137492656708
0.05712449550628662 0.055007874965667725 0.42332392930984497
0.05598416179418564 0.05408714339137077 0.37940365076065063
0.0495600588619709 0.04773925989866257 0.36416003108024597
0.050878241658210754 0.04908537119626999 0.35857391357421875
0.050495829433202744 0.04806116968393326 0.4869321882724762
0.05190473049879074 0.04997586831450462 0.38577261567115784
0.051287196576595306 0.04931124299764633 0.39519035816192627
0.04977815970778465 0.047684282064437866 0.41877520084381104
0.05304739996790886 0.05098526179790497 0.41242751479148865
0.056229107081890106 0.05403473228216171 0.43887531757354736
0.05334154888987541 0.050749193876981735 0.5184707641601562
0.05057854205369949 0.048508770763874054 0.41395390033721924
0.048914339393377304 0.04683927446603775 0.415012925863266
0.052106209099292755 0.050121404230594635 0.39696088433265686
0.051993709057569504 0.05005323141813278 0.38809525966644287
0.05103209614753723 0.04899095743894577 0.408227801322937
0.05270545929670334 0.051090091466903687 0.3230736553668976
0.05266020447015762 0.050759389996528625 0.3801628351211548
0.04930132254958153 0.04735236614942551 0.3897911608219147
0.05257832258939743 0.05043793469667435 0.42807745933532715
0.05328786373138428 0.05091553181409836 0.4744661748409271
0.05183970183134079 0.049760349094867706 0.4158707857131958
0.054851945489645004 0.05284929648041725 0.4005298912525177
0.050149157643318176 0.04772298410534859 0.4852346181869507
0.05229944735765457 0.050279952585697174 0.40389877557754517
0.051594413816928864 0.049584656953811646 0.40195152163505554
0.04933033883571625 0.04743184149265289 0.3796997368335724
0.05026691034436226 0.04833170026540756 0.38704192638397217
0.0585135854780674 0.05648689717054367 0.4053376615047455
0.051474422216415405 0.04902014508843422 0.49085524678230286
0.05167524144053459 0.049936193972826004 0.34780916571617126
0.05158482864499092 0.04990492761135101 0.3359799385070801
0.047470446676015854 0.04553457722067833 0.38717424869537354
0.050199542194604874 0.048437442630529404 0.35241997241973877
0.05275966227054596 0.05072152614593506 0.4076273441314697
0.05102067440748215 0.04878563433885574 0.44700804352760315
0.053507156670093536 0.05144893750548363 0.411643922328949
0.0526202991604805 0.050210125744342804 0.48203498125076294
0.05264188349246979 0.04994606971740723 0.5391626954078674
0.049564771354198456 0.04726023226976395 0.4609081447124481
0.05167732015252113 0.04988855496048927 0.3577527105808258
0.052503619343042374 0.050452545285224915 0.41021469235420227
0.05372298136353493 0.052067339420318604 0.33112820982933044
0.049887094646692276 0.04778069257736206 0.4212803840637207
0.05362221598625183 0.05156467482447624 0.4115082323551178
0.04980115592479706 0.04780798405408859 0.39863449335098267
0.05177238583564758 0.049757711589336395 0.4029346704483032
0.052460577338933945 0.050314582884311676 0.4291992485523224
0.05123761296272278 0.04934467375278473 0.37858763337135315
0.050600044429302216 0.04839840531349182 0.4403276741504669
0.052587851881980896 0.05050479620695114 0.4166112542152405
0.0525464229285717 0.050661519169807434 0.37698090076446533
0.05340587720274925 0.05127068981528282 0.4270375370979309
0.049371033906936646 0.04747391492128372 0.3794238269329071
0.04805329442024231 0.04611286520957947 0.3880854845046997
0.052667286247015 0.05017660930752754 0.49813520908355713
0.05508623644709587 0.052615001797676086 0.4942471981048584
0.05153411254286766 0.04965835437178612 0.3751513361930847
0.053262315690517426 0.050964631140232086 0.459537148475647
0.05014152079820633 0.04805487394332886 0.4173293113708496
0.054219696670770645 0.051729585975408554 0.49802207946777344
0.05217750370502472 0.049981534481048584 0.43919381499290466
0.054538074880838394 0.05214102193713188 0.47941046953201294
0.049296777695417404 0.04703889042139053 0.45157715678215027
0.051365748047828674 0.04884760454297066 0.5036290884017944
0.051485490053892136 0.04927949234843254 0.4411993622779846
0.051791176199913025 0.04905742406845093 0.5467507839202881
0.05383045971393585 0.05174296349287033 0.4174993336200714
0.04965909197926521 0.047623131424188614 0.4071919322013855
0.052816521376371384 0.050649143755435944 0.4334757924079895
0.05341629311442375 0.050994183868169785 0.48442190885543823
0.05207517743110657 0.04990597069263458 0.43384167551994324
0.05003557354211807 0.04803472384810448 0.4001700282096863
0.0493413507938385 0.04739682376384735 0.38890576362609863
0.05168464779853821 0.04975069314241409 0.3867911696434021
0.05256054550409317 0.050521984696388245 0.40771234035491943
0.05043886974453926 0.04828619211912155 0.43053555488586426
0.052511122077703476 0.05047401040792465 0.4074220061302185
0.051142241805791855 0.04901158809661865 0.42613109946250916
0.04967357963323593 0.0476565882563591 0.4033985137939453
0.05210667476058006 0.05048549547791481 0.32423579692840576
0.049382179975509644 0.04746175557374954 0.3840848505496979
0.05041380971670151 0.04813297092914581 0.45616739988327026
0.052245158702135086 0.05011613667011261 0.4258047342300415
0.049611907452344894 0.04772433638572693 0.37751421332359314
0.04992289841175079 0.04812907427549362 0.35876476764678955
0.05366748943924904 0.051530804485082626 0.4273368716239929
0.050101954489946365 0.04782857000827789 0.45467716455459595
0.05234883725643158 0.05048559978604317 0.372647762298584
0.05152667686343193 0.04901638254523277 0.5020588040351868
0.05325961112976074 0.05151745304465294 0.3484315872192383
0.04943397268652916 0.04729066789150238 0.42866116762161255
0.051053017377853394 0.049096208065748215 0.39136171340942383
0.052031539380550385 0.050043944269418716 0.39751872420310974
0.05197632312774658 0.04951781779527664 0.4917007386684418
0.05245772749185562 0.05009821057319641 0.47190341353416443
0.05179364234209061 0.0497545450925827 0.40781980752944946
0.05155760422348976 0.04912422597408295 0.4866759777069092
0.04922948032617569 0.047397974878549576 0.3663014769554138
0.051153212785720825 0.049098409712314606 0.41096097230911255
0.04983818158507347 0.04752148687839508 0.4633389115333557
0.05327478051185608 0.050539471209049225 0.54706209897995
0.05238453671336174 0.050473056733608246 0.3822959065437317
0.05263621732592583 0.050217580050230026 0.48372742533683777
