0.2799091339111328 0.1485099047422409 13.139923095703125
0.23838341236114502 0.15136900544166565 8.701441764831543
0.21265679597854614 0.1418234407901764 7.083336353302002
0.20759142935276031 0.14065240323543549 6.693902969360352
0.20848453044891357 0.14048802852630615 6.799649715423584
0.20352482795715332 0.1358739733695984 6.765085220336914
0.18879598379135132 0.12409540265798569 6.470058441162109
0.18764618039131165 0.1266234815120697 6.102269172668457
0.1791849434375763 0.12394878268241882 5.52361536026001
0.1792546808719635 0.12695154547691345 5.230313301086426
0.17083704471588135 0.12234863638877869 4.848841667175293
0.16935239732265472 0.12313251197338104 4.621988296508789
0.16720709204673767 0.12166069447994232 4.554640769958496
0.16012972593307495 0.11685457080602646 4.327516078948975
0.1586528718471527 0.11647768318653107 4.217519283294678
0.15632936358451843 0.11613762378692627 4.019174575805664
0.15240101516246796 0.11215358227491379 4.02474308013916
0.14912289381027222 0.11288575083017349 3.6237144470214844
0.14948461949825287 0.11368493735790253 3.5799684524536133
0.1441444307565689 0.1106727346777916 3.3471691608428955
0.14401446282863617 0.11177484691143036 3.2239620685577393
0.13795509934425354 0.1075795441865921 3.0375561714172363
0.1384432315826416 0.10818765312433243 3.02555775642395
0.1320326328277588 0.10322915762662888 2.8803467750549316
0.12931565940380096 0.10149627923965454 2.7819385528564453
0.13266125321388245 0.1060977354645729 2.6563520431518555
0.1270173192024231 0.10175656527280807 2.5260748863220215
0.1229582279920578 0.09834793210029602 2.4610297679901123
0.12380825728178024 0.09995180368423462 2.3856451511383057
0.12174592167139053 0.0979003831744194 2.384553909301758
0.12134870141744614 0.09848936647176743 2.285933494567871
0.12383627891540527 0.10165554285049438 2.2180733680725098
0.11742496490478516 0.095902219414711 2.1522743701934814
0.11830998957157135 0.09803692996501923 2.0273056030273438
0.11934196203947067 0.0990573838353157 2.0284576416015625
0.11737976968288422 0.09797900915145874 1.9400759935379028
0.1095970943570137 0.09078516811132431 1.8811925649642944
0.11284101009368896 0.09414459019899368 1.8696423768997192
0.11107832193374634 0.09382957965135574 1.7248741388320923
0.10763663053512573 0.09069801867008209 1.6938608884811401
0.1076427772641182 0.09137521684169769 1.626755952835083
0.10559394210577011 0.089474156498909 1.611978530883789
0.1081736832857132 0.09256415069103241 1.56095290184021
0.10262025892734528 0.08684387058019638 1.5776386260986328
0.10239541530609131 0.08716262876987457 1.523278832435608
0.10634902119636536 0.09152980148792267 1.4819220304489136
0.10256271064281464 0.08796636760234833 1.4596344232559204
0.10305678099393845 0.08836589753627777 1.4690883159637451
0.09784476459026337 0.08383333683013916 1.4011430740356445
0.09597691893577576 0.0833299309015274 1.2646985054016113
0.09956802427768707 0.08655957132577896 1.3008453845977783
0.09631522744894028 0.08394846320152283 1.2366762161254883
0.09547197818756104 0.08262690901756287 1.2845067977905273
0.08964210003614426 0.07786481827497482 1.1777279376983643
0.08894002437591553 0.07686270773410797 1.2077319622039795
0.09133336693048477 0.08010394871234894 1.1229418516159058
0.09085103869438171 0.07930649816989899 1.1544537544250488
0.09143479913473129 0.08098947256803513 1.0445325374603271
0.08635719120502472 0.07568317651748657 1.06740140914917
0.09269045293331146 0.08239945769309998 1.029099464416504
0.08678573369979858 0.07671588659286499 1.0069849491119385
0.09028001129627228 0.07980171591043472 1.0478296279907227
0.08648835122585297 0.07617022097110748 1.0318126678466797
0.08729145675897598 0.07764393836259842 0.9647518396377563
0.09102070331573486 0.08091798424720764 1.010271668434143
0.08331656455993652 0.07348653674125671 0.9830031394958496
0.08419843763113022 0.07458551228046417 0.9612922668457031
0.08590888977050781 0.07655051350593567 0.935837984085083
0.08641256392002106 0.07723140716552734 0.9181156158447266
0.08572742342948914 0.07656258344650269 0.9164838790893555
0.08104240894317627 0.07215970009565353 0.8882707357406616
0.08398042619228363 0.0755816400051117 0.839879035949707
0.08298096805810928 0.07464604824781418 0.8334916830062866
0.0816982313990593 0.07315666973590851 0.854156494140625
0.08365234732627869 0.07555876672267914 0.8093580007553101
0.0831034705042839 0.07501248270273209 0.8090988993644714
0.08383888006210327 0.07546445727348328 0.8374426364898682
0.08271706849336624 0.07487354427576065 0.7843526005744934
0.08087193965911865 0.07287140190601349 0.8000541925430298
0.08121022582054138 0.07266303896903992 0.8547183871269226
0.08307692408561707 0.0749221071600914 0.815481424331665
0.08126863837242126 0.07366122305393219 0.7607415914535522
0.08133459091186523 0.07372492551803589 0.7609664797782898
0.08094967901706696 0.07354597747325897 0.7403698563575745
0.07898931205272675 0.07133589684963226 0.7653415203094482
0.07886046916246414 0.07119609415531158 0.7664374113082886
0.07701030373573303 0.06979671120643616 0.721359133720398
0.08518334478139877 0.07793259620666504 0.725074827671051
0.07649052143096924 0.0694858729839325 0.7004646062850952
0.07865969836711884 0.07185007631778717 0.680962085723877
0.07880830764770508 0.07180872559547424 0.699958086013794
0.07869689911603928 0.07167144864797592 0.7025452852249146
0.07241832464933395 0.065591961145401 0.6826361417770386
0.07580332458019257 0.06923691183328629 0.6566411256790161
0.0771641731262207 0.07055790722370148 0.6606267094612122
0.07517379522323608 0.06878969073295593 0.6384103894233704
0.07194429636001587 0.06536451727151871 0.657977819442749
0.0744340643286705 0.0682930275797844 0.6141037344932556
0.07417495548725128 0.06786788254976273 0.6307076215744019
0.07325833290815353 0.06687568873167038 0.6382646560668945
0.07532403618097305 0.06921979039907455 0.6104246377944946
0.07144693285226822 0.06509306281805038 0.6353871822357178
0.07472067326307297 0.06832306832075119 0.6397604942321777
0.07761217653751373 0.07184748351573944 0.5764691829681396
0.0704769641160965 0.06487348675727844 0.5603479146957397
0.07035478204488754 0.06449641287326813 0.5858372449874878
0.07375312596559525 0.06798461079597473 0.5768517851829529
0.07536458224058151 0.06948889791965485 0.5875681638717651
0.0703660324215889 0.06457090377807617 0.5795128345489502
0.07247410714626312 0.06670437753200531 0.5769732594490051
0.07144302874803543 0.06589414179325104 0.554888904094696
0.07330299913883209 0.0676337257027626 0.5669270157814026
0.07100852578878403 0.06580796837806702 0.5200556516647339
0.07014291733503342 0.06447421759366989 0.5668700933456421
0.07261323183774948 0.06759059429168701 0.5022636651992798
0.07713856548070908 0.0717213973402977 0.5417170524597168
0.07076133042573929 0.0655667781829834 0.5194549560546875
0.07129399478435516 0.06566671282052994 0.5627279281616211
0.07268591225147247 0.06749974191188812 0.5186169743537903
0.0691494569182396 0.06394646316766739 0.5202994346618652
0.07067947834730148 0.0657801479101181 0.4899328947067261
0.06809905171394348 0.06306974589824677 0.5029306411743164
0.06811762601137161 0.06294866651296616 0.5168961882591248
0.07060309499502182 0.06578326225280762 0.4819829761981964
0.07095618546009064 0.06586737930774689 0.508880615234375
0.069450244307518 0.06436475366353989 0.5085488557815552
0.06776582449674606 0.06265539675951004 0.5110430717468262
0.06831423193216324 0.06326630711555481 0.5047922134399414
0.06919647008180618 0.0643627792596817 0.4833691120147705
0.07004357874393463 0.06516183912754059 0.488174170255661
0.06809891015291214 0.06352170556783676 0.45772016048431396
0.070273257791996 0.06545113027095795 0.48221248388290405
0.06814548373222351 0.063357412815094 0.478807270526886
0.0664752796292305 0.061872582882642746 0.4602697491645813
0.06543029099702835 0.06118980795145035 0.42404866218566895
0.06459786742925644 0.06006632000207901 0.45315447449684143
0.06830956786870956 0.06379463523626328 0.4514934718608856
0.06727150827646255 0.06246820464730263 0.48033028841018677
0.06695473194122314 0.06254923343658447 0.4405496418476105
0.06756458431482315 0.06310246884822845 0.44621148705482483
0.06553339213132858 0.06117531657218933 0.43580764532089233
0.06643126904964447 0.06185133010149002 0.45799392461776733
0.06563984602689743 0.0610099732875824 0.46298742294311523
0.06733699142932892 0.06317087262868881 0.41661158204078674
0.06676732003688812 0.06273132562637329 0.4035990834236145
0.06317351758480072 0.05900324508547783 0.41702693700790405
0.06680548936128616 0.06265945732593536 0.41460299491882324
0.06555086374282837 0.06122438237071037 0.43264806270599365
0.06727584451436996 0.06298722326755524 0.42886221408843994
0.06699292361736298 0.06281400471925735 0.41789156198501587
0.06580504029989243 0.061680834740400314 0.41242027282714844
0.06461584568023682 0.06030209735035896 0.43137505650520325
0.06395658850669861 0.05987592041492462 0.4080667495727539
0.06609021872282028 0.062033601105213165 0.4056621193885803
0.0676959976553917 0.06387218832969666 0.3823809325695038
0.06225341930985451 0.05842353403568268 0.38298866152763367
0.06117657944560051 0.057305507361888885 0.38710737228393555
0.061249278485774994 0.05718442425131798 0.40648525953292847
0.06369945406913757 0.059775177389383316 0.39242786169052124
0.06503242254257202 0.06138886511325836 0.36435550451278687
0.06277971714735031 0.059056006371974945 0.37237077951431274
0.061836447566747665 0.05810875445604324 0.37276923656463623
0.06837191432714462 0.06466377526521683 0.3708140254020691
0.0681866705417633 0.06436256319284439 0.3824108839035034
0.06275133043527603 0.058957815170288086 0.3793513774871826
0.06451787799596786 0.06062716245651245 0.38907137513160706
0.06708867102861404 0.0634850412607193 0.36036285758018494
0.061497095972299576 0.05798366665840149 0.3513428866863251
0.06505423784255981 0.061267245560884476 0.3786994516849518
0.06330394744873047 0.059753820300102234 0.35501283407211304
0.0608195997774601 0.057163484394550323 0.36561140418052673
0.06657442450523376 0.06323349475860596 0.3340933620929718
0.06249701976776123 0.05898057296872139 0.3516445755958557
0.06109706312417984 0.05782681703567505 0.3270244896411896
0.06170433759689331 0.05809754878282547 0.3606789708137512
0.06171995773911476 0.05836772918701172 0.3352230191230774
0.06293948739767075 0.05943150818347931 0.3507975935935974
0.0632491335272789 0.059845779091119766 0.3403354287147522
0.06344392895698547 0.05999903380870819 0.344489723443985
0.060933806002140045 0.05779556185007095 0.3138244152069092
0.06370000541210175 0.06030654162168503 0.3393460214138031
0.06217573583126068 0.05871120095252991 0.3464535176753998
0.05890926346182823 0.0557510182261467 0.3158246874809265
0.061039045453071594 0.05769464373588562 0.33444011211395264
0.05948333069682121 0.05633663386106491 0.31466972827911377
0.05865282565355301 0.05540596693754196 0.3246859908103943
0.057609815150499344 0.054394833743572235 0.3214981257915497
0.060557086020708084 0.05758410692214966 0.2972978949546814
0.06379981338977814 0.06069551408290863 0.3104300796985626
0.06450547277927399 0.06108664721250534 0.3418829143047333
0.06142221391201019 0.05816652625799179 0.32556861639022827
0.06054338067770004 0.05725250393152237 0.32908761501312256
0.06301465630531311 0.059768080711364746 0.3246576488018036
0.061613574624061584 0.05851670354604721 0.3096870183944702
0.06476052105426788 0.06171185523271561 0.30486640334129333
0.06254267692565918 0.05970881134271622 0.2833867371082306
0.06314900517463684 0.060262177139520645 0.2886831760406494
0.0595582015812397 0.056411974132061005 0.3146226406097412
0.06194765493273735 0.058733366429805756 0.3214290142059326
0.05882279947400093 0.05589062720537186 0.2932170629501343
0.05919838696718216 0.0563991516828537 0.2799234390258789
0.062138646841049194 0.05911131203174591 0.302733451128006
0.06603476405143738 0.06295763701200485 0.30771300196647644
0.06331589072942734 0.06033555790781975 0.29803329706192017
0.06373501569032669 0.06052688509225845 0.32081326842308044
0.05941855534911156 0.05630439519882202 0.3114161193370819
0.057904914021492004 0.05477207899093628 0.31328365206718445
0.05688411369919777 0.05379629135131836 0.3087822198867798
0.060866210609674454 0.05788743868470192 0.2978772521018982
0.05849422514438629 0.05565882846713066 0.2835395336151123
0.05771714448928833 0.055054157972335815 0.26629868149757385
0.06063585728406906 0.057865165174007416 0.2770693004131317
0.05549914017319679 0.0526011697947979 0.2897971272468567
0.06257130950689316 0.05967264994978905 0.289866179227829
0.0636410266160965 0.060603462159633636 0.30375659465789795
0.05918900668621063 0.05634143576025963 0.28475701808929443
0.06039391830563545 0.05772178992629051 0.26721280813217163
0.0604037307202816 0.05777227133512497 0.26314595341682434
0.05728205293416977 0.05469164997339249 0.2590401768684387
0.06513340771198273 0.06239233538508415 0.2741072177886963
0.06465066224336624 0.06204327940940857 0.2607381343841553
0.05689319223165512 0.054201889783144 0.2691301703453064
0.058880385011434555 0.056263092905282974 0.2617293894290924
0.06094001606106758 0.05825287848711014 0.2687136232852936
0.06040166690945625 0.05777159705758095 0.26300716400146484
0.06519575417041779 0.06250612437725067 0.26896288990974426
0.05598937347531319 0.05341751500964165 0.2571859061717987
0.06075461581349373 0.05800347030162811 0.27511459589004517
0.059023160487413406 0.056398555636405945 0.2624604105949402
0.05812445282936096 0.05524977296590805 0.2874680161476135
0.06330974400043488 0.06070777028799057 0.26019716262817383
0.06015636771917343 0.0573568120598793 0.2799553871154785
0.060071513056755066 0.05749640241265297 0.2575109899044037
0.059236593544483185 0.056440070271492004 0.2796524167060852
0.06184811145067215 0.05935382843017578 0.24942830204963684
0.05865907296538353 0.056157149374485016 0.25019243359565735
0.0603812038898468 0.057768315076828 0.2612890303134918
0.05872020125389099 0.05616383999586105 0.2556360363960266
0.059692297130823135 0.05721394345164299 0.2478354573249817
0.060172971338033676 0.05770637467503548 0.24665969610214233
0.06050269305706024 0.05802956223487854 0.24731311202049255
0.058402322232723236 0.05593176931142807 0.24705511331558228
0.059536732733249664 0.057058051228523254 0.24786829948425293
0.06091742590069771 0.05854937061667442 0.23680540919303894
0.057880014181137085 0.055567897856235504 0.23121163249015808
0.06043573468923569 0.05805225670337677 0.2383478283882141
0.06254362314939499 0.06025838851928711 0.22852367162704468
0.0567423440515995 0.05431969091296196 0.2422654777765274
0.056716687977313995 0.05416576564311981 0.2550923824310303
0.06145520880818367 0.05907788127660751 0.23773276805877686
0.056241363286972046 0.05399949103593826 0.22418706119060516
0.055849190801382065 0.05359562486410141 0.22535642981529236
0.054490286856889725 0.05200791731476784 0.2482370138168335
0.06138665974140167 0.05920054763555527 0.2186112403869629
0.061357397586107254 0.05890416353940964 0.2453232854604721
0.05724244937300682 0.05485827103257179 0.238417848944664
0.059230707585811615 0.05672169104218483 0.2509017586708069
0.05668549984693527 0.054291993379592896 0.23935073614120483
0.0579288974404335 0.05567670240998268 0.2252196967601776
0.05477684363722801 0.05261911079287529 0.215773344039917
0.05522974953055382 0.053064752370119095 0.21649982035160065
0.05875043198466301 0.056568145751953125 0.2182287573814392
0.057342223823070526 0.05516000837087631 0.218221515417099
0.057491958141326904 0.05517248064279556 0.23194774985313416
0.05609213188290596 0.053946539759635925 0.2145591676235199
0.05650117248296738 0.05435198172926903 0.21491917967796326
0.057065725326538086 0.054823871701955795 0.22418540716171265
0.05835569277405739 0.056280117481946945 0.2075575590133667
0.05954617261886597 0.057438578456640244 0.21075937151908875
0.06024393439292908 0.05829136073589325 0.1952575296163559
0.061024609953165054 0.05866226926445961 0.2362339198589325
0.05872533842921257 0.056596141308546066 0.21291956305503845
0.05742720887064934 0.055417366325855255 0.2009841799736023
0.056936729699373245 0.054816488176584244 0.2120240032672882
0.0559915192425251 0.053923413157463074 0.20681045949459076
0.05852195993065834 0.05634647607803345 0.21754831075668335
0.06041242927312851 0.05833984911441803 0.2072579711675644
0.05503540486097336 0.052974212914705276 0.20611904561519623
0.057146988809108734 0.05498510226607323 0.21618866920471191
0.0585751049220562 0.05645561218261719 0.21194930374622345
0.057544589042663574 0.0555349700152874 0.20096179842948914
0.05708230286836624 0.05497593432664871 0.21063701808452606
0.055560674518346786 0.053519442677497864 0.20412306487560272
0.05741339549422264 0.05536720156669617 0.20461931824684143
0.05978288874030113 0.057834334671497345 0.19485551118850708
0.054413169622421265 0.05248206853866577 0.19311007857322693
0.061403583735227585 0.05944480001926422 0.19587832689285278
0.05922938510775566 0.057262975722551346 0.19664086401462555
0.05665203556418419 0.05474839732050896 0.19036398828029633
0.058811645954847336 0.05676960200071335 0.2042044699192047
0.05770575627684593 0.05559340491890907 0.2112351357936859
0.058815862983465195 0.05689743906259537 0.19184254109859467
0.05877417325973511 0.05683326721191406 0.19409048557281494
0.056806161999702454 0.055007487535476685 0.17986735701560974
0.058030493557453156 0.05595090985298157 0.20795832574367523
0.05736558139324188 0.055435050278902054 0.1930532455444336
0.05786046013236046 0.055855050683021545 0.20054078102111816
0.055981431156396866 0.05398586019873619 0.1995571255683899
0.05666207894682884 0.05464951694011688 0.2012561857700348
0.060243528336286545 0.058325305581092834 0.19182215631008148
0.05388244241476059 0.0519074872136116 0.1974954605102539
0.05734298378229141 0.055288173258304596 0.20548087358474731
0.05909628048539162 0.05725479871034622 0.18414804339408875
0.05922120064496994 0.057268887758255005 0.1952313631772995
0.056130580604076385 0.05420270562171936 0.19278760254383087
0.05724089965224266 0.05543805658817291 0.18028420209884644
0.05721718445420265 0.05520322173833847 0.2013961672782898
0.059755392372608185 0.05783912166953087 0.1916271150112152
0.05636901035904884 0.05445118993520737 0.19178202748298645
0.05511024594306946 0.053387463092803955 0.17227813601493835
0.06066082417964935 0.05887335538864136 0.1787470132112503
0.05633408576250076 0.054466597735881805 0.1867489516735077
0.05271609127521515 0.050987377762794495 0.1728714406490326
0.057156894356012344 0.055138345807790756 0.20185482501983643
0.05885620787739754 0.05704031139612198 0.18158948421478271
0.057289090007543564 0.05557598918676376 0.17131003737449646
0.055266011506319046 0.05350431799888611 0.17616921663284302
0.055771417915821075 0.05403342470526695 0.17379944026470184
0.055095989257097244 0.053348228335380554 0.17477625608444214
0.05837210640311241 0.05655032396316528 0.18217822909355164
0.0558006577193737 0.05394512042403221 0.18555378913879395
0.056281089782714844 0.054427891969680786 0.18531987071037292
0.0535772442817688 0.05178769305348396 0.17895495891571045
0.05611291155219078 0.05434223264455795 0.1770678162574768
0.05536070466041565 0.05369424819946289 0.1666455864906311
0.057057417929172516 0.05522788316011429 0.18295350670814514
0.055602677166461945 0.05392438918352127 0.1678287535905838
0.05850754305720329 0.056806355714797974 0.17011873424053192
0.054267555475234985 0.05260113999247551 0.16664156317710876
0.054618846625089645 0.05289037153124809 0.1728474348783493
0.05847968906164169 0.05679081752896309 0.16888730227947235
0.05867983028292656 0.057096078991889954 0.15837523341178894
0.05800597369670868 0.056301385164260864 0.17045876383781433
0.05704331025481224 0.05531729757785797 0.17260125279426575
0.05855149030685425 0.05694366246461868 0.16078272461891174
0.05608286336064339 0.05444679409265518 0.1636069416999817
0.05635853484272957 0.05482379347085953 0.15347424149513245
0.057927120476961136 0.05623437464237213 0.1692747175693512
0.05589345097541809 0.05410598963499069 0.17874616384506226
0.05525881052017212 0.0536392442882061 0.16195660829544067
0.05471400171518326 0.052940089255571365 0.17739138007164001
0.05432577058672905 0.0526120699942112 0.17136995494365692
0.055549442768096924 0.05396949499845505 0.15799480676651
0.055831220000982285 0.054267141968011856 0.15640783309936523
0.057467006146907806 0.055905185639858246 0.1561819463968277
0.0543755441904068 0.052731744945049286 0.16438007354736328
0.05942679941654205 0.057708460837602615 0.1718338429927826
0.05292186513543129 0.05133957415819168 0.15822920203208923
0.05283660069108009 0.05128255486488342 0.15540441870689392
0.05549106001853943 0.053841859102249146 0.16491997241973877
0.05558915436267853 0.053999096155166626 0.15900593996047974
0.056725915521383286 0.05520950257778168 0.15164139866828918
0.054746948182582855 0.05299676954746246 0.17501768469810486
0.05634581297636032 0.054788295179605484 0.15575170516967773
0.05759444832801819 0.05603969097137451 0.1554756909608841
0.055579714477062225 0.05411183089017868 0.14678844809532166
0.05946468561887741 0.057865068316459656 0.1599617600440979
0.05275241658091545 0.05130290240049362 0.14495138823986053
0.05674494802951813 0.05509628355503082 0.1648666262626648
0.05529256537556648 0.05369262397289276 0.1599939912557602
0.05864561349153519 0.057042479515075684 0.1603134125471115
0.05403755232691765 0.05248207598924637 0.15554754436016083
0.05494163930416107 0.05326365306973457 0.16779862344264984
0.05583888292312622 0.05434514582157135 0.1493736356496811
0.05364494398236275 0.052213430404663086 0.14315132796764374
0.054450057446956635 0.05294128507375717 0.15087729692459106
0.05680328235030174 0.05520245432853699 0.1600828766822815
0.058181941509246826 0.05670947581529617 0.14724647998809814
0.05373579263687134 0.052193671464920044 0.15421226620674133
0.05521382763981819 0.05350758507847786 0.17062443494796753
0.05938054993748665 0.05765300989151001 0.17275407910346985
0.05356394872069359 0.05203799903392792 0.15259486436843872
0.05571625381708145 0.05419672280550003 0.15195292234420776
0.05490078032016754 0.05342971533536911 0.14710643887519836
0.0557338148355484 0.054097868502140045 0.1635948121547699
0.05287042260169983 0.05129091441631317 0.15795068442821503
0.05537416785955429 0.05384042114019394 0.15337473154067993
0.05478525906801224 0.05330248922109604 0.1482769399881363
0.05371181294322014 0.052266232669353485 0.14455807209014893
0.05596800893545151 0.054550424218177795 0.14175835251808167
0.05649522319436073 0.054934706538915634 0.15605169534683228
0.05504050850868225 0.05355125293135643 0.14892560243606567
0.05266718193888664 0.05109492316842079 0.15722575783729553
0.05510258674621582 0.05361216142773628 0.149042546749115
0.0568840466439724 0.05540909990668297 0.14749473333358765
0.054976072162389755 0.05357731133699417 0.13987600803375244
0.05843603238463402 0.056955594569444656 0.14804387092590332
0.05765907093882561 0.05602883920073509 0.1630231887102127
0.05397438630461693 0.05245016887784004 0.15242180228233337
0.05499209091067314 0.053379125893116 0.16129635274410248
0.05401216819882393 0.05256550759077072 0.1446659117937088
0.0527280829846859 0.05120614916086197 0.15219353139400482
0.05437309294939041 0.052907124161720276 0.14659684896469116
0.05356554314494133 0.05204183608293533 0.15237069129943848
0.054955266416072845 0.05346273258328438 0.1492535024881363
0.05648036673665047 0.05498667061328888 0.14936946332454681
0.05490726977586746 0.05337080359458923 0.15364661812782288
0.057247478514909744 0.05575667321681976 0.14908063411712646
0.058245934545993805 0.0568067729473114 0.14391610026359558
0.05477486550807953 0.0534166656434536 0.1358201801776886
0.05387921258807182 0.052486613392829895 0.13926002383232117
0.05422106012701988 0.052835896611213684 0.138516366481781
0.05151645839214325 0.050102606415748596 0.1413850635290146
0.055856604129076004 0.0544649213552475 0.139168381690979
0.054251328110694885 0.05293826013803482 0.13130682706832886
0.053483035415410995 0.052028920501470566 0.1454116404056549
0.05595658719539642 0.05465513840317726 0.13014474511146545
0.055716726928949356 0.05431728810071945 0.13994401693344116
0.05381305143237114 0.052435629069805145 0.1377420723438263
0.05589406192302704 0.054406944662332535 0.1487119197845459
0.05152096971869469 0.05020976439118385 0.13112057745456696
0.05584985762834549 0.05459915101528168 0.1250707060098648
0.0533645898103714 0.05201905593276024 0.1345532238483429
0.05475299805402756 0.053325049579143524 0.14279471337795258
0.0546545535326004 0.05337654799222946 0.1278005838394165
0.0560765378177166 0.05472454056143761 0.13519975543022156
0.054383285343647 0.05310653895139694 0.12767449021339417
0.056475680321455 0.05508607625961304 0.13896030187606812
0.05873439833521843 0.05741710215806961 0.13172945380210876
0.05910754203796387 0.05766114965081215 0.1446390599012375
0.05305840075016022 0.05165752023458481 0.14008817076683044
0.05399320274591446 0.05267844349145889 0.13147611916065216
0.053424470126628876 0.05201414227485657 0.14103282988071442
0.05513458698987961 0.05373731255531311 0.13972747325897217
0.054991286247968674 0.053653452545404434 0.13378354907035828
0.0567966029047966 0.05533730238676071 0.14593009650707245
0.05833171680569649 0.056841086596250534 0.1490631401538849
0.05451659858226776 0.05321648344397545 0.1300116777420044
0.057395584881305695 0.056085456162691116 0.13101288676261902
0.05481391400098801 0.053442344069480896 0.1371568739414215
0.05623120069503784 0.054932739585638046 0.12984617054462433
0.055407971143722534 0.05407360568642616 0.13343636691570282
0.05675426125526428 0.05537038296461105 0.13838784396648407
0.056912679225206375 0.055564526468515396 0.13481515645980835
0.05459965020418167 0.05324146896600723 0.13581804931163788
0.05088701844215393 0.04964424669742584 0.12427704781293869
0.052372828125953674 0.05110287293791771 0.12699539959430695
0.05500330030918121 0.05357585847377777 0.1427442878484726
0.05448457971215248 0.053150299936532974 0.13342788815498352
0.05310232564806938 0.05188407748937607 0.1218247041106224
0.053853586316108704 0.052565280348062515 0.1288307011127472
0.05257453769445419 0.051230091601610184 0.13444450497627258
0.05229633301496506 0.05097246915102005 0.13238650560379028
0.054799627512693405 0.053554147481918335 0.1245480552315712
0.05567553639411926 0.05437025427818298 0.13052812218666077
0.06064078211784363 0.059183984994888306 0.14567990601062775
0.05577961355447769 0.05451832339167595 0.12612897157669067
0.05888964235782623 0.05754178762435913 0.13478535413742065
0.053315695375204086 0.05202313885092735 0.12925562262535095
0.05952152982354164 0.058325983583927155 0.11955464631319046
0.057108085602521896 0.0559065118432045 0.12015727907419205
0.056155528873205185 0.05487622320652008 0.12793059647083282
0.05566159263253212 0.054358020424842834 0.13035733997821808
0.05492883548140526 0.05379465967416763 0.11341773718595505
0.05316542834043503 0.05186813324689865 0.12972934544086456
0.05327357351779938 0.05206311494112015 0.1210460290312767
0.05111908167600632 0.049877822399139404 0.12412583827972412
0.055015236139297485 0.05385229364037514 0.116294264793396
0.054290615022182465 0.05311175063252449 0.11788640916347504
0.05470159649848938 0.0535128116607666 0.11887852847576141
0.05488982051610947 0.05364902690052986 0.12407940626144409
0.055315736681222916 0.05394357815384865 0.1372159868478775
0.05499103665351868 0.05386149883270264 0.11295368522405624
0.053277578204870224 0.052082985639572144 0.11945923417806625
0.05887230485677719 0.05764097347855568 0.12313307076692581
0.05716412141919136 0.055872268974781036 0.1291852742433548
0.053492747247219086 0.05219658464193344 0.12961620092391968
0.0558590330183506 0.05456621199846268 0.12928208708763123
0.05443202704191208 0.053197987377643585 0.12340380251407623
0.05405572056770325 0.052825212478637695 0.12305063754320145
0.05284358561038971 0.05158432200551033 0.12592649459838867
0.04929874837398529 0.04809743911027908 0.12013104557991028
0.053460609167814255 0.052275266498327255 0.11853411048650742
0.05493662506341934 0.05379924923181534 0.11373758316040039
0.053800225257873535 0.05251210927963257 0.1288115680217743
0.05470922216773033 0.05343352258205414 0.12757012248039246
0.05454394966363907 0.05337618291378021 0.11677654087543488
0.055610720068216324 0.0543379932641983 0.12727254629135132
0.05104684829711914 0.04992659389972687 0.11202528327703476
0.056287530809640884 0.05513610690832138 0.11514255404472351
0.05532269924879074 0.05405626818537712 0.1266431361436844
0.05186174064874649 0.05072835832834244 0.11333806812763214
0.05403045564889908 0.05289017781615257 0.1140279471874237
0.05554864555597305 0.0544419139623642 0.1106732040643692
0.05127159506082535 0.050114285200834274 0.11573109775781631
0.05853213369846344 0.0572214275598526 0.13107061386108398
0.05344923958182335 0.05225047096610069 0.11987673491239548
0.05709756538271904 0.05586709827184677 0.12304670363664627
0.055519383400678635 0.05433768406510353 0.11816982179880142
0.052571527659893036 0.051384665071964264 0.11868643760681152
0.05404975265264511 0.052849315106868744 0.12004363536834717
0.05680084601044655 0.05556737631559372 0.12334679812192917
0.05680989846587181 0.05562186986207962 0.11880269646644592
0.05626421794295311 0.055105060338974 0.11591583490371704
0.05505133420228958 0.05386311188340187 0.11882209032773972
0.05644595995545387 0.05527444928884506 0.1171509176492691
0.05422329530119896 0.053025491535663605 0.11978036165237427
0.052166614681482315 0.05093025043606758 0.12363633513450623
0.05110885947942734 0.050015829503536224 0.10930299013853073
0.05351114273071289 0.052294887602329254 0.12162559479475021
0.05446533486247063 0.053358566015958786 0.11067692190408707
0.053949758410453796 0.052806127816438675 0.11436302959918976
0.05445729196071625 0.05326235666871071 0.11949339509010315
0.054897911846637726 0.05374452844262123 0.11533841490745544
0.055720891803503036 0.05463063344359398 0.10902588069438934
0.05434642732143402 0.053238872438669205 0.11075561493635178
0.056491121649742126 0.055335137993097305 0.11559829860925674
0.05698911100625992 0.05577787756919861 0.12112317979335785
0.055621881037950516 0.054432544857263565 0.11893372982740402
0.05655236542224884 0.05540751293301582 0.11448536813259125
0.05323593690991402 0.05210889130830765 0.11270471662282944
0.05544818937778473 0.05437725409865379 0.1070936769247055
0.053963303565979004 0.05276046693325043 0.12028376758098602
0.05714549869298935 0.05606677383184433 0.10787241160869598
0.05510161444544792 0.053997188806533813 0.1104423925280571
0.05310418829321861 0.05205189809203148 0.10522915422916412
0.05276300385594368 0.051684144884347916 0.10788589715957642
0.05496515706181526 0.0538850799202919 0.10800783336162567
0.054305486381053925 0.05326482653617859 0.10406582802534103
0.054222799837589264 0.05311316251754761 0.11096358299255371
0.054081451147794724 0.0530499592423439 0.10314919799566269
0.05452475696802139 0.05338619276881218 0.11385650932788849
0.054574474692344666 0.05343424528837204 0.11402299255132675
0.055308420211076736 0.0541505292057991 0.1157892644405365
0.057624511420726776 0.05654766410589218 0.10768458247184753
0.05103616788983345 0.049951210618019104 0.10849584639072418
0.05232112854719162 0.051230669021606445 0.10904600471258163
0.05508614704012871 0.05394954979419708 0.11365985870361328
0.05394423007965088 0.05285602807998657 0.10882002115249634
0.05399329215288162 0.052911415696144104 0.10818769037723541
0.056449905037879944 0.055422402918338776 0.10275004804134369
0.05671822279691696 0.05570188909769058 0.101633220911026
0.05488745495676994 0.05375514179468155 0.11323118209838867
0.05481782555580139 0.053785525262355804 0.10323008894920349
0.05546317249536514 0.05445345118641853 0.10097227990627289
0.05751711130142212 0.05633667856454849 0.11804324388504028
0.05529307201504707 0.05417072772979736 0.11223442852497101
0.05113698169589043 0.050052642822265625 0.10843393951654434
0.05482666566967964 0.053776033222675323 0.1050633117556572
0.052353836596012115 0.051283758133649826 0.10700801014900208
0.05434419587254524 0.05328458547592163 0.10596112161874771
0.056047793477773666 0.054920703172683716 0.11270909011363983
0.05336182191967964 0.05227053910493851 0.1091284230351448
0.05615267902612686 0.05505836755037308 0.10943125188350677
0.05683298408985138 0.05580552667379379 0.10274562984704971
0.058350857347249985 0.0572289414703846 0.11219169199466705
0.05520595610141754 0.054060399532318115 0.11455583572387695
0.05322403833270073 0.052208781242370605 0.10152579843997955
0.05253059044480324 0.05149168148636818 0.1038908138871193
0.054320454597473145 0.05320839583873749 0.11120589077472687
0.05360693484544754 0.05260546877980232 0.10014654695987701
0.05344005301594734 0.05228176712989807 0.11582867056131363
0.05277604982256889 0.05164579674601555 0.11302526295185089
0.05383545532822609 0.05266815423965454 0.11673004925251007
0.0536905936896801 0.05264316499233246 0.10474279522895813
0.05426619201898575 0.05328802764415741 0.09781639277935028
0.057118307799100876 0.056015439331531525 0.11028669774532318
0.052953239530324936 0.051959484815597534 0.09937547147274017
0.055449072271585464 0.054445184767246246 0.10038886964321136
0.051575347781181335 0.05058010667562485 0.09952399879693985
0.0536954328417778 0.05268826335668564 0.10071709007024765
0.05302173271775246 0.05201035737991333 0.10113748908042908
0.05419130623340607 0.05322469025850296 0.09666174650192261
0.05373452976346016 0.052651260048151016 0.10832694917917252
0.05384533479809761 0.05280088633298874 0.10444477200508118
0.05525992810726166 0.05424898862838745 0.10109388083219528
0.05618761479854584 0.055134743452072144 0.10528719425201416
0.057881079614162445 0.05686626583337784 0.10148154199123383
0.05720946937799454 0.056189216673374176 0.10202512890100479
0.054300520569086075 0.05333757400512695 0.09629456698894501
0.054678626358509064 0.05364299565553665 0.10356290638446808
0.056984078139066696 0.05603319779038429 0.09508789330720901
0.052990786731243134 0.051985614001750946 0.10051724314689636
0.05490639805793762 0.053918421268463135 0.09879784286022186
0.05314457416534424 0.0522066131234169 0.09379614889621735
0.05303872004151344 0.05195295065641403 0.10857684910297394
0.050863176584243774 0.0498838871717453 0.09792881458997726
0.05393199250102043 0.05292017385363579 0.10118195414543152
0.0548611618578434 0.05390536040067673 0.09558030962944031
0.05388933792710304 0.05290646851062775 0.09828688204288483
0.05477796494960785 0.05381186306476593 0.09661034494638443
0.05244752764701843 0.05139845237135887 0.10490740835666656
0.056103043258190155 0.05511394515633583 0.09890968352556229
0.056475523859262466 0.05538709834218025 0.10884266346693039
0.049991458654403687 0.04901517927646637 0.09762789309024811
0.05202102288603783 0.05103978142142296 0.09812423586845398
0.05327513813972473 0.05227424204349518 0.10008961707353592
0.05829343572258949 0.0574006512761116 0.08927860856056213
0.05656274035573006 0.05567634105682373 0.0886397659778595
0.05463281273841858 0.05358343571424484 0.10493755340576172
0.05678411200642586 0.055752500891685486 0.1031612902879715
0.05600674822926521 0.054997000843286514 0.1009746640920639
0.05606096610426903 0.05506867542862892 0.09922914206981659
0.054831404238939285 0.05389780551195145 0.09335986524820328
0.055202726274728775 0.05423464998602867 0.09680753946304321
0.056593503803014755 0.05564199760556221 0.09515052288770676
0.052993293851614 0.05190243571996689 0.10908567905426025
0.05042733624577522 0.04945164546370506 0.09756913781166077
0.056344468146562576 0.05534011870622635 0.10043492913246155
0.05281290039420128 0.05180906876921654 0.10038308799266815
0.055609624832868576 0.05458533763885498 0.10242868959903717
0.056174468249082565 0.05514825880527496 0.10262081027030945
0.05500062555074692 0.054120808839797974 0.08798153698444366
0.05072452500462532 0.04976051673293114 0.09640076756477356
0.05503630265593529 0.05404964089393616 0.09866614639759064
0.05175391212105751 0.05082310736179352 0.0930805653333664
0.054720550775527954 0.05375143885612488 0.09691109508275986
0.05606754869222641 0.05511459708213806 0.09529528021812439
0.05265926569700241 0.05170353874564171 0.09557263553142548
0.057185761630535126 0.056258849799633026 0.09269119054079056
0.053477268666028976 0.05257295072078705 0.09043197333812714
0.05313806235790253 0.052124008536338806 0.10140545666217804
0.057773906737565994 0.05675188824534416 0.10220173001289368
0.056992195546627045 0.05598285049200058 0.10093434154987335
0.05363846570253372 0.05265866219997406 0.09798023104667664
0.05322417616844177 0.052237994968891144 0.09861820936203003
0.0545017346739769 0.05348443612456322 0.10172974318265915
0.05373168736696243 0.052773699164390564 0.09579875320196152
0.05302399396896362 0.05193423479795456 0.10897590965032578
0.050893690437078476 0.04993881285190582 0.09548786282539368
0.053204867988824844 0.05217958614230156 0.10252825915813446
0.0549987368285656 0.0539984330534935 0.10003044456243515
0.05260423198342323 0.051532596349716187 0.1071634590625763
0.05405724421143532 0.053087182343006134 0.09700619429349899
0.05479495972394943 0.0538887195289135 0.09062393009662628
0.051546547561883926 0.050609737634658813 0.09368117153644562
0.0544271245598793 0.05341940373182297 0.10077223181724548
0.056950367987155914 0.05599109083414078 0.09592773020267487
0.054720163345336914 0.05380505323410034 0.09151116013526917
0.05472353473305702 0.05383056402206421 0.08929717540740967
0.05603625252842903 0.0550796203315258 0.09566338360309601
0.05672513693571091 0.05571587011218071 0.10092673450708389
0.05449787527322769 0.0535128191113472 0.09850555658340454
0.05492111295461655 0.05398186296224594 0.09392514824867249
0.053986743092536926 0.053136538714170456 0.08502030372619629
0.05346520617604256 0.0524514839053154 0.10137239098548889
0.05206942558288574 0.051061250269412994 0.10081766545772552
0.053454332053661346 0.05253000557422638 0.09243248403072357
0.0549425333738327 0.053927790373563766 0.1014743447303772
0.05486560985445976 0.0539119616150856 0.09536468237638474
0.05450768396258354 0.05353657901287079 0.09711050242185593
0.05269775912165642 0.05174809321761131 0.09496675431728363
0.05467640981078148 0.05375069007277489 0.09257206320762634
0.05723049119114876 0.056301772594451904 0.09287182986736298
0.05528750643134117 0.05438647419214249 0.09010329842567444
0.05436459183692932 0.0534316785633564 0.09329117834568024
0.056811943650245667 0.05584077537059784 0.09711701422929764
0.056580785661935806 0.055643852800130844 0.09369313716888428
0.05297131463885307 0.05204698443412781 0.0924331471323967
0.05382508784532547 0.05294938385486603 0.08757030963897705
0.05210842192173004 0.051238782703876495 0.08696401119232178
0.050874002277851105 0.05001934617757797 0.08546577394008636
0.05452262610197067 0.05366692692041397 0.08556993305683136
0.05648867413401604 0.05555586516857147 0.09328078478574753
0.052027378231287 0.05118432641029358 0.08430510759353638
0.05528420954942703 0.05438137799501419 0.09028328955173492
0.055873654782772064 0.0549357645213604 0.09378915280103683
0.05363161489367485 0.05272829532623291 0.09033208340406418
0.05351393669843674 0.05264810472726822 0.08658334612846375
0.0542718842625618 0.05330947786569595 0.09624075889587402
0.053862784057855606 0.052927348762750626 0.09354346990585327
0.05434276536107063 0.053396016359329224 0.09467492997646332
0.05364121124148369 0.05272162705659866 0.09195838868618011
0.059759657829999924 0.0588190034031868 0.09406544268131256
0.05458483844995499 0.05365443974733353 0.09303969144821167
0.054398782551288605 0.053506895899772644 0.0891886055469513
0.05531768128275871 0.05444400757551193 0.0873674675822258
0.05496246740221977 0.05405101925134659 0.09114498645067215
0.050290245562791824 0.04936540871858597 0.0924835056066513
0.05511472001671791 0.054269157350063324 0.08455637097358704
0.05372145026922226 0.052841562777757645 0.08798889070749283
0.05497255548834801 0.05398715287446976 0.09854032099246979
0.05459435656666756 0.05364504083991051 0.0949314534664154
0.05399661511182785 0.053052350878715515 0.0944262370467186
0.05100749433040619 0.05006121098995209 0.09462851285934448
0.05688181892037392 0.05595023185014725 0.09315885603427887
0.05454844608902931 0.053685154765844345 0.08632899820804596
0.053876735270023346 0.05295077711343765 0.09259578585624695
0.0529010109603405 0.05205700919032097 0.08440005779266357
0.053762320429086685 0.05281998589634895 0.09423359483480453
0.05297546833753586 0.052148014307022095 0.08274542540311813
0.052124686539173126 0.05133005976676941 0.07946278154850006
0.05120741203427315 0.05040530115365982 0.08021099120378494
0.05282390117645264 0.051938243210315704 0.08856597542762756
0.05142929032444954 0.05060984939336777 0.08194401115179062
0.05074993893504143 0.04990974813699722 0.08401906490325928
0.05058145895600319 0.04977765679359436 0.08038006722927094
0.054369788616895676 0.05351000651717186 0.08597838878631592
0.054481081664562225 0.05365537852048874 0.0825704038143158
0.05615030974149704 0.05530916899442673 0.08411404490470886
0.0550694577395916 0.05421726405620575 0.08521921932697296
0.05049022287130356 0.049608904868364334 0.08813194930553436
0.05336539074778557 0.052590206265449524 0.07751846313476562
0.054112546145915985 0.05323822423815727 0.08743216097354889
0.05283188074827194 0.051952771842479706 0.08791081607341766
0.053136132657527924 0.05225967615842819 0.08764565736055374
0.053940899670124054 0.05306128412485123 0.08796156942844391
0.05362779647111893 0.052730634808540344 0.08971600979566574
0.05324259400367737 0.052349310368299484 0.08932818472385406
0.05503487586975098 0.054246049374341965 0.07888265699148178
0.055640809237957 0.05475062131881714 0.08901868015527725
0.053844913840293884 0.052969980984926224 0.08749322593212128
0.055533554404973984 0.05466490983963013 0.08686447143554688
0.05246192216873169 0.051589302718639374 0.08726204931735992
0.0551803819835186 0.05429435521364212 0.08860278129577637
0.05517079681158066 0.054351627826690674 0.08191679418087006
0.05303600803017616 0.05217329412698746 0.08627139031887054
0.05133780092000961 0.050397537648677826 0.09402614831924438
0.05297143757343292 0.05215482413768768 0.08166143298149109
0.05475364625453949 0.053903728723526 0.08499185740947723
0.053518183529376984 0.052637189626693726 0.08809928596019745
0.05423968657851219 0.05345718562602997 0.07825008034706116
0.05335421860218048 0.05253780633211136 0.0816413164138794
0.05277693644165993 0.05192776024341583 0.08491747081279755
0.05418076738715172 0.053221456706523895 0.09593097120523453
0.05378488823771477 0.05295021831989288 0.08346681296825409
0.05161437392234802 0.050832122564315796 0.0782250165939331
0.058024581521749496 0.057142965495586395 0.08816168457269669
0.05440868064761162 0.05354383587837219 0.08648441731929779
0.05453474074602127 0.05372233688831329 0.08124034106731415
0.053354982286691666 0.052541621029376984 0.08133600652217865
0.054271209985017776 0.05349729210138321 0.07739183306694031
0.056937433779239655 0.05608956515789032 0.0847870409488678
0.05515716224908829 0.0543205626308918 0.08366010338068008
0.05351382866501808 0.052629463374614716 0.08843646943569183
0.05329528823494911 0.05247393995523453 0.08213470131158829
0.05211758613586426 0.05132198706269264 0.0795600414276123
0.0558420866727829 0.0549764521420002 0.08656337857246399
0.05587166175246239 0.05502285808324814 0.08488037437200546
0.05435224622488022 0.05351918935775757 0.08330576866865158
0.05468521639704704 0.05386288836598396 0.08223290741443634
0.05384434014558792 0.05293676257133484 0.09075793623924255
0.05544460192322731 0.054611220955848694 0.08333826065063477
0.054414261132478714 0.05345926433801651 0.09549971669912338
0.05549938604235649 0.05460389703512192 0.08954888582229614
0.0545634925365448 0.05368517339229584 0.08783175051212311
0.05361650511622429 0.05279368907213211 0.082281693816185
0.050475385040044785 0.049672022461891174 0.08033610135316849
0.05197225138545036 0.05113305151462555 0.08391980826854706
0.05496702715754509 0.054149411618709564 0.08176149427890778
0.052783895283937454 0.051885880529880524 0.0898013561964035
0.054613225162029266 0.05369744449853897 0.09157824516296387
0.054964035749435425 0.054153844714164734 0.0810190960764885
0.05210870876908302 0.05124358460307121 0.0865124836564064
0.050667501986026764 0.049883883446455 0.07836183160543442
0.050648342818021774 0.049783095717430115 0.0865248441696167
0.05623509734869003 0.05540330708026886 0.0831790417432785
0.054404329508543015 0.053571127355098724 0.08332039415836334
0.05378898233175278 0.05296604335308075 0.08229389786720276
0.05277036130428314 0.05194373428821564 0.08266288042068481
0.05157997086644173 0.05077153444290161 0.08084374666213989
0.052264515310525894 0.05148022621870041 0.07842876017093658
0.05335158482193947 0.052575357258319855 0.07762286067008972
0.05583209544420242 0.0549745112657547 0.08575840294361115
0.053476717323064804 0.05262668803334236 0.08500303328037262
0.05316590145230293 0.05231238901615143 0.08535109460353851
0.05243533477187157 0.05160222575068474 0.08331073820590973
0.05127999186515808 0.05048415809869766 0.07958349585533142
0.05391738936305046 0.05308123677968979 0.08361509442329407
0.05325133353471756 0.05247801914811134 0.07733127474784851
0.05016472190618515 0.04938311129808426 0.07816094160079956
0.05287177115678787 0.05210842937231064 0.0763341560959816
0.054971423000097275 0.054122596979141235 0.08488263189792633
0.05432403087615967 0.05341578274965286 0.09082498401403427
0.055651966482400894 0.054799728095531464 0.08522367477416992
0.051796045154333115 0.05095548555254936 0.0840558111667633
0.05380021780729294 0.0530371367931366 0.0763082206249237
0.05832543596625328 0.05739673227071762 0.09287028014659882
0.05199100077152252 0.051161251962184906 0.08297497779130936
0.05206047371029854 0.05128718912601471 0.07732851058244705
0.05257858335971832 0.05176537483930588 0.08132079988718033
0.05481991544365883 0.053940385580062866 0.0879528596997261
0.05417190119624138 0.05341308191418648 0.07588189840316772
0.05283624678850174 0.052059367299079895 0.07768788933753967
0.056950490921735764 0.05611342564225197 0.08370655030012131
0.05290129408240318 0.05205362290143967 0.08476698398590088
0.054281558841466904 0.05347862094640732 0.08029365539550781
0.05334661528468132 0.05257610231637955 0.07705137133598328
0.05341685190796852 0.05256328731775284 0.08535663783550262
0.0542198084294796 0.0533980056643486 0.08218038082122803
0.05539541319012642 0.05458022281527519 0.08151918649673462
0.05538793280720711 0.054590530693531036 0.0797402560710907
0.05374959111213684 0.05297979712486267 0.07697926461696625
0.05622946843504906 0.05533870309591293 0.08907664567232132
0.051926132291555405 0.051205333322286606 0.07208006083965302
0.050311192870140076 0.04953962191939354 0.07715705037117004
0.05324256047606468 0.05242916941642761 0.0813392847776413
0.0543280765414238 0.05351822450757027 0.08098503202199936
0.05428304150700569 0.053471148014068604 0.08118925988674164
0.053078342229127884 0.05224842205643654 0.08299209177494049
0.05093703791499138 0.050187550485134125 0.0749487429857254
0.052124179899692535 0.051396384835243225 0.07277944684028625
0.05580855906009674 0.054989516735076904 0.08190411329269409
0.050359923392534256 0.0496610552072525 0.06988681107759476
0.05439187213778496 0.0536806657910347 0.07112078368663788
0.054633092135190964 0.0538647323846817 0.07683587819337845
0.0519249401986599 0.05119660496711731 0.07283337414264679
0.052451711148023605 0.05171693116426468 0.07347807288169861
0.054432258009910583 0.053673628717660904 0.07586303353309631
0.05435049533843994 0.05360012874007225 0.07503652572631836
0.051920875906944275 0.051145039498806 0.07758362591266632
0.054256271570920944 0.0535261332988739 0.0730137825012207
0.051373064517974854 0.05063989758491516 0.07331668585538864
0.05564940720796585 0.05487769842147827 0.07717105746269226
0.05403847619891167 0.05331997200846672 0.07185029983520508
0.056519974023103714 0.05573908984661102 0.07808835059404373
0.05512290447950363 0.054254353046417236 0.08685522526502609
0.05494812875986099 0.05417799949645996 0.07701299339532852
0.05351244658231735 0.05262509733438492 0.08873508870601654
0.053614046424627304 0.05279213562607765 0.08219096809625626
0.05243057385087013 0.05158788710832596 0.0842687338590622
0.05736761540174484 0.05650666728615761 0.08609466254711151
0.05321061983704567 0.05247368663549423 0.07369346171617508
0.05189705267548561 0.05106464400887489 0.08324089646339417
0.0523659884929657 0.05162874981760979 0.07372397184371948
0.051351942121982574 0.05061478167772293 0.07371599227190018
0.05219021812081337 0.051437798887491226 0.07524208724498749
0.05519462004303932 0.05442562699317932 0.07689926773309708
0.0546802282333374 0.05387790873646736 0.08023187518119812
0.05727875977754593 0.05650225281715393 0.07765057682991028
0.05382026359438896 0.05308597907423973 0.07342856377363205
0.05411980301141739 0.053301069885492325 0.08187335729598999
0.053239528089761734 0.05252206698060036 0.07174593210220337
0.05334824323654175 0.05260443687438965 0.07438069581985474
0.052625879645347595 0.05188177153468132 0.07441084086894989
0.05709395930171013 0.05627014487981796 0.08238162100315094
0.05191435664892197 0.051154159009456635 0.07601963728666306
0.05568065866827965 0.05485149472951889 0.08291645348072052
0.05184832960367203 0.051060982048511505 0.0787348747253418
0.05642342567443848 0.055604368448257446 0.08190560340881348
0.053033798933029175 0.05218943580985069 0.08443630486726761
0.05051157623529434 0.04976152628660202 0.07500516623258591
0.05221298709511757 0.051448822021484375 0.07641652226448059
0.05357974395155907 0.05287636071443558 0.07033835351467133
0.053027939051389694 0.05231884494423866 0.07090944051742554
0.05374941602349281 0.05306603014469147 0.068338543176651
0.05451313778758049 0.053828850388526917 0.06842859834432602
0.055438678711652756 0.05472954362630844 0.07091342657804489
0.05130042880773544 0.05053812637925148 0.07623009383678436
0.052135467529296875 0.05141611769795418 0.07193493843078613
0.05550506338477135 0.05479477345943451 0.07102891802787781
0.05211508274078369 0.05144854262471199 0.06665385514497757
0.05540483072400093 0.05471179634332657 0.06930330395698547
0.05383683741092682 0.05312259495258331 0.07142424583435059
0.05293446406722069 0.05223405733704567 0.0700407326221466
0.05206017196178436 0.05139203369617462 0.06681378185749054
0.05232253670692444 0.051658399403095245 0.06641357392072678
0.0527057945728302 0.05194851756095886 0.0757276862859726
0.05447724089026451 0.05372249335050583 0.07547485828399658
0.05444991961121559 0.053729347884655 0.0720570832490921
0.053341906517744064 0.05265302211046219 0.0688883513212204
0.05466785654425621 0.05393325537443161 0.07346020638942719
0.05518432706594467 0.05438890680670738 0.07954196631908417
0.054891664534807205 0.05416809767484665 0.07235685735940933
0.05155789479613304 0.0508570671081543 0.07008291780948639
0.051803987473249435 0.05108880251646042 0.07151840627193451
0.05587520822882652 0.05515206605195999 0.07231433689594269
0.05442752689123154 0.05371030420064926 0.07172243297100067
0.05161308869719505 0.050898849964141846 0.07142388820648193
0.055442702025175095 0.0547286681830883 0.0714033842086792
0.05278844013810158 0.05206071957945824 0.07277187705039978
0.05159834772348404 0.05084262788295746 0.07557202130556107
0.05383758246898651 0.05311646685004234 0.07211141288280487
0.052869949489831924 0.05213318020105362 0.07367706298828125
0.05650505796074867 0.05581110343337059 0.0693955272436142
0.0529722236096859 0.05227290838956833 0.06993158906698227
0.051510509103536606 0.05079030990600586 0.07201983034610748
0.05452234297990799 0.053790271282196045 0.0732073038816452
0.04919496923685074 0.048508744686841965 0.06862230598926544
0.05116387829184532 0.0504416897892952 0.07221882045269012
0.054498445242643356 0.053821057081222534 0.06773879379034042
0.05602937564253807 0.055266715586185455 0.0762660801410675
0.053839828819036484 0.053138479590415955 0.07013484835624695
0.05260026454925537 0.05192951112985611 0.06707519292831421
0.05048737674951553 0.04981584846973419 0.06715279817581177
0.04975565895438194 0.04909588769078255 0.06597714871168137
0.05298324674367905 0.05227212607860565 0.07111217081546783
0.053923748433589935 0.05317932739853859 0.07444213330745697
0.055595602840185165 0.05491681396961212 0.06787900626659393
0.05197689309716225 0.05123955011367798 0.0737343430519104
0.05229112505912781 0.05165726691484451 0.0633859783411026
0.05297330021858215 0.05227193981409073 0.07013615220785141
0.05134968087077141 0.05064420402050018 0.07054764032363892
0.05161358416080475 0.05092332512140274 0.06902578473091125
0.05381544679403305 0.053177885711193085 0.0637560784816742
0.05140291526913643 0.050700437277555466 0.07024772465229034
0.05301060527563095 0.05232682079076767 0.0683784931898117
0.05267312005162239 0.05198555067181587 0.06875709444284439
0.056384146213531494 0.05568419396877289 0.06999509036540985
0.05325769633054733 0.0525364987552166 0.0721198320388794
0.054055120795965195 0.05338924750685692 0.06658750772476196
0.05288226157426834 0.05220850929617882 0.06737512350082397
0.05428626388311386 0.053560707718133926 0.07255575060844421
0.055462006479501724 0.05475454777479172 0.07074600458145142
0.05317816883325577 0.0525045320391655 0.06736376881599426
0.05642201006412506 0.055708784610033035 0.0713224709033966
0.0512758269906044 0.05051896721124649 0.07568597048521042
0.05394722521305084 0.05322524160146713 0.07219831645488739
0.05347616970539093 0.05276007577776909 0.07160936295986176
0.05252757668495178 0.05183231830596924 0.06952578574419022
0.050583891570568085 0.04982428625226021 0.07596065104007721
0.04926363751292229 0.04858498275279999 0.06786556541919708
0.05559802055358887 0.05492769181728363 0.06703297793865204
0.05461827665567398 0.053913664072752 0.07046137750148773
0.05465051904320717 0.053954340517520905 0.06961791962385178
0.05171803757548332 0.051064759492874146 0.0653277337551117
0.055043719708919525 0.05437467247247696 0.06690467894077301
0.05491900071501732 0.0542207732796669 0.06982281059026718
0.05728888884186745 0.05660945177078247 0.06794364750385284
0.05349533632397652 0.052846867591142654 0.06484697759151459
0.05712077021598816 0.05641581118106842 0.07049579918384552
0.05372259020805359 0.05307731032371521 0.06452798843383789
0.05272366479039192 0.052092019468545914 0.06316463649272919
0.05232962220907211 0.05165714770555496 0.06724730879068375
0.05610709637403488 0.05535488948225975 0.07522067427635193
0.05270656198263168 0.05207068845629692 0.06358744204044342
0.0529068261384964 0.052233994007110596 0.06728309392929077
0.05108997970819473 0.05042596906423569 0.06640097498893738
0.05458856374025345 0.053872108459472656 0.07164551317691803
0.05370783805847168 0.05301402881741524 0.06938101351261139
0.05294717475771904 0.05224714055657387 0.07000352442264557
0.05339609459042549 0.052647389471530914 0.07487063109874725
0.050498899072408676 0.04981353133916855 0.06853677332401276
0.05567284673452377 0.054978713393211365 0.06941337138414383
0.05171236768364906 0.0510060079395771 0.07063591480255127
0.05081919953227043 0.050157178193330765 0.06620199233293533
0.05370229110121727 0.05292416363954544 0.07781261950731277
0.05316895619034767 0.05250255763530731 0.06663985550403595
0.051535431295633316 0.05088452994823456 0.065090112388134
0.05216872692108154 0.05150751397013664 0.0661211609840393
0.05254708230495453 0.05183909833431244 0.07079839706420898
0.05182559788227081 0.05115310847759247 0.0672488659620285
0.05326399952173233 0.05258737504482269 0.06766253709793091
0.05111546069383621 0.05042659491300583 0.06888676434755325
0.05155862495303154 0.050894975662231445 0.06636505573987961
0.052125606685876846 0.05135828256607056 0.07673238962888718
0.04896096512675285 0.04831172153353691 0.06492443382740021
0.055310897529125214 0.05459313839673996 0.07177584618330002
