0.2521682381629944 0.15745942294597626 9.470880508422852
0.2093236744403839 0.14794278144836426 6.138089656829834
0.1950569748878479 0.1463976949453354 4.865927696228027
0.18813668191432953 0.14255958795547485 4.557709217071533
0.18435823917388916 0.13562843203544617 4.872981548309326
0.17752081155776978 0.12864886224269867 4.8871941566467285
0.17798282206058502 0.1311398148536682 4.684300422668457
0.17448881268501282 0.1289592981338501 4.552950859069824
0.17037707567214966 0.1289433091878891 4.143377304077148
0.15702417492866516 0.11995777487754822 3.7066402435302734
0.1614023745059967 0.12507088482379913 3.633148670196533
0.15519393980503082 0.12094012647867203 3.425381660461426
0.15314117074012756 0.11975237727165222 3.3388795852661133
0.14641380310058594 0.11486019194126129 3.155360698699951
0.15226280689239502 0.12201636284589767 3.0246448516845703
0.14763349294662476 0.11816935241222382 2.9464149475097656
0.14442220330238342 0.11623866856098175 2.8183536529541016
0.1417088359594345 0.11357167363166809 2.813715934753418
0.14098870754241943 0.11465120315551758 2.6337509155273438
0.133331760764122 0.107998788356781 2.533297061920166
0.13027323782444 0.10547266900539398 2.4800562858581543
0.1328481137752533 0.10920976102352142 2.3638358116149902
0.1303103268146515 0.1073942631483078 2.2916059494018555
0.1285087913274765 0.10586164891719818 2.264714241027832
0.12609438598155975 0.1048429012298584 2.125148296356201
0.12033711373806 0.09967979788780212 2.065732002258301
0.12301533669233322 0.10267072916030884 2.0344605445861816
0.120700903236866 0.1006666049361229 2.003429651260376
0.11732681840658188 0.09753991663455963 1.9786901473999023
0.11997076869010925 0.10099276900291443 1.8978002071380615
0.11528005450963974 0.09684740751981735 1.8432646989822388
0.11782515794038773 0.09980733692646027 1.8017823696136475
0.110711008310318 0.09385719895362854 1.6853806972503662
0.11627544462680817 0.09990660101175308 1.6368846893310547
0.1067909374833107 0.0901845246553421 1.6606415510177612
0.1076439768075943 0.09213870018720627 1.5505274534225464
0.10906119644641876 0.0937589779496193 1.530221700668335
0.10821367800235748 0.09326331317424774 1.4950361251831055
0.10912478715181351 0.09503673017024994 1.4088058471679688
0.1060810461640358 0.0918797105550766 1.4201335906982422
0.10103971511125565 0.08777081966400146 1.3268892765045166
0.10248984396457672 0.08884464204311371 1.36452054977417
0.10130868852138519 0.08762165158987045 1.368703842163086
0.10731244087219238 0.09481199085712433 1.250044822692871
0.09978070855140686 0.08725585043430328 1.2524861097335815
0.09945023059844971 0.0872894823551178 1.21607506275177
0.10012510418891907 0.08745251595973969 1.2672587633132935
0.09452259540557861 0.08265167474746704 1.1870923042297363
0.09472042322158813 0.08261221647262573 1.2108206748962402
0.09366711229085922 0.08196084201335907 1.1706267595291138
0.09110764414072037 0.08028306066989899 1.08245849609375
0.09870438277721405 0.08800608664751053 1.0698292255401611
0.09324994683265686 0.08268312364816666 1.0566823482513428
0.0892200917005539 0.07884783297777176 1.0372262001037598
0.09097865968942642 0.08101677894592285 0.9961878061294556
0.09044656157493591 0.08040447533130646 1.0042086839675903
0.08864099532365799 0.07925678789615631 0.9384208917617798
0.08808550983667374 0.07926571369171143 0.8819797039031982
0.09115062654018402 0.08179612457752228 0.9354501962661743
0.0860857367515564 0.0772891491651535 0.8796584606170654
0.0915801078081131 0.08282279223203659 0.8757312893867493
0.08720630407333374 0.07820146530866623 0.9004834890365601
0.08779305219650269 0.07945619523525238 0.8336857557296753
0.0878693163394928 0.07936963438987732 0.8499685525894165
0.0839129388332367 0.07515086233615875 0.8762080669403076
0.08503396064043045 0.07683292031288147 0.8201042413711548
0.08702635765075684 0.07906253635883331 0.7963820695877075
0.08408435434103012 0.07604846358299255 0.8035893440246582
0.08460137248039246 0.07682604342699051 0.7775328755378723
0.08304834365844727 0.07537314295768738 0.7675197124481201
0.078046515583992 0.07029905915260315 0.7747460007667542
0.08302859961986542 0.07499447464942932 0.8034127950668335
0.07962841540575027 0.07251529395580292 0.7113122940063477
0.07926427572965622 0.07208448648452759 0.7179790139198303
0.08153737336397171 0.07427796721458435 0.7259405851364136
0.08383191376924515 0.07669419050216675 0.7137724161148071
0.08048104494810104 0.07341575622558594 0.7065285444259644
0.07622691243886948 0.0695323571562767 0.6694554090499878
0.07841287553310394 0.07164885103702545 0.6764024496078491
0.07835692912340164 0.07143422961235046 0.6922701597213745
0.08009250462055206 0.07342106103897095 0.667144238948822
0.07990215718746185 0.0732811838388443 0.6620972156524658
0.07611120492219925 0.06951187551021576 0.6599332094192505
0.07722371816635132 0.07056722044944763 0.6656494140625
0.07685700058937073 0.07041973620653152 0.6437262296676636
0.07498697191476822 0.06882978975772858 0.615717887878418
0.07601623982191086 0.06960801780223846 0.6408225297927856
0.07926119118928909 0.07284802943468094 0.641316294670105
0.0800730288028717 0.07402857393026352 0.6044456958770752
0.07711049914360046 0.07089617848396301 0.6214324235916138
0.07342099398374557 0.06744559109210968 0.5975400805473328
0.07382829487323761 0.06782729923725128 0.6000993251800537
0.07491670548915863 0.06906744837760925 0.584925651550293
0.07010450959205627 0.06422244757413864 0.5882062315940857
0.07030738890171051 0.06436996161937714 0.5937424898147583
0.07390540838241577 0.0687398761510849 0.5165531635284424
0.08014348149299622 0.07419475167989731 0.5948728322982788
0.0744902566075325 0.06906925141811371 0.5421006083488464
0.07332147657871246 0.06795500218868256 0.5366472005844116
0.07125184684991837 0.06617970764636993 0.5072139501571655
0.06956439465284348 0.06419573724269867 0.5368657112121582
0.07657145708799362 0.07098154723644257 0.5589907765388489
0.07662783563137054 0.07130786776542664 0.5319969654083252
0.07283458113670349 0.06755805015563965 0.5276533365249634
0.07297439128160477 0.06748192012310028 0.5492470264434814
0.07410357892513275 0.06903146207332611 0.5072118043899536
0.06730908900499344 0.06239300221204758 0.4916089177131653
0.0722748190164566 0.06751517951488495 0.4759643077850342
0.06806858628988266 0.06332001090049744 0.47485747933387756
0.06794949620962143 0.06334193050861359 0.46075671911239624
0.07137686014175415 0.06661450862884521 0.4762352705001831
0.06768026947975159 0.06303354352712631 0.4646724760532379
0.0682692751288414 0.0635567456483841 0.4712526202201843
0.06794459372758865 0.06330129504203796 0.46432989835739136
0.06862027198076248 0.0638822615146637 0.4738009572029114
0.06643786281347275 0.06195369362831116 0.44841691851615906
0.07168523967266083 0.06731986254453659 0.43653780221939087
0.06941252201795578 0.0648113489151001 0.4601174592971802
0.06454458087682724 0.06040024012327194 0.4144338369369507
0.07122083753347397 0.06683250516653061 0.4388332962989807
0.06811396777629852 0.06339584290981293 0.4718121588230133
0.06689001619815826 0.06236490607261658 0.4525107443332672
0.0679713636636734 0.06304259598255157 0.49287664890289307
0.06859742105007172 0.06407087296247482 0.4526548981666565
0.06426332145929337 0.05995709449052811 0.4306226968765259
0.06883362680673599 0.06473136693239212 0.41022589802742004
0.0673009604215622 0.06310440599918365 0.41965577006340027
0.06707087904214859 0.06304992735385895 0.40209484100341797
0.066153384745121 0.06214939057826996 0.4003990888595581
0.06987955421209335 0.06565059721469879 0.4228958487510681
0.06881147623062134 0.06462161242961884 0.41898635029792786
0.06526662409305573 0.06123194098472595 0.40346837043762207
0.06694108247756958 0.06284637749195099 0.40947064757347107
0.06615648418664932 0.06212378293275833 0.40327024459838867
0.06603655219078064 0.062154583632946014 0.38819682598114014
0.06658995151519775 0.0626840740442276 0.39058738946914673
0.06711690872907639 0.06329186260700226 0.38250428438186646
0.06867064535617828 0.06479287147521973 0.38777732849121094
0.06562017649412155 0.06150413677096367 0.41160401701927185
0.06490874290466309 0.06057434901595116 0.43343913555145264
0.06767209619283676 0.06363433599472046 0.403775691986084
0.0652339905500412 0.06152302026748657 0.37109705805778503
0.06747359782457352 0.06364046037197113 0.3833140730857849
0.06309054046869278 0.05957010015845299 0.352044016122818
0.06436554342508316 0.060937173664569855 0.3428368866443634
0.06745342910289764 0.06374309957027435 0.37103280425071716
0.06539923697710037 0.061597198247909546 0.3802036941051483
0.06612455099821091 0.06260862946510315 0.3515918254852295
0.06419011205434799 0.060495853424072266 0.3694261312484741
0.06236288696527481 0.05862932652235031 0.3733559250831604
0.06319613754749298 0.059810005128383636 0.3386135697364807
0.0630149096250534 0.059456899762153625 0.35580122470855713
0.060533348470926285 0.05733879283070564 0.3194555938243866
0.06682546436786652 0.0635809600353241 0.3244507908821106
0.06160819157958031 0.058110833168029785 0.34973597526550293
0.06552164256572723 0.062160879373550415 0.33607620000839233
0.06275026500225067 0.05932743102312088 0.3422832787036896
0.0641372874379158 0.060717977583408356 0.34193092584609985
0.06653454899787903 0.06308425217866898 0.34502968192100525
0.06189710274338722 0.058415383100509644 0.34817206859588623
0.06303144991397858 0.05987446755170822 0.315698504447937
0.06147664785385132 0.05835149437189102 0.3125154376029968
0.0631236806511879 0.06001304090023041 0.31106430292129517
0.05990229919552803 0.05679142475128174 0.31108731031417847
0.05768181011080742 0.05457374453544617 0.3108066916465759
0.06336981803178787 0.06039290130138397 0.2976915240287781
0.05880022421479225 0.0555865652859211 0.3213657736778259
0.05979989469051361 0.056523244827985764 0.32766515016555786
0.06434515118598938 0.06111807003617287 0.3227081298828125
0.05941897630691528 0.056435298174619675 0.2983678877353668
0.06057621166110039 0.057536035776138306 0.30401745438575745
0.0623784139752388 0.05947696417570114 0.29014500975608826
0.05715114250779152 0.05416156351566315 0.29895806312561035
0.06554897129535675 0.06286261975765228 0.2686350345611572
0.06210118532180786 0.05909278988838196 0.30083972215652466
0.06101793423295021 0.058003682643175125 0.30142512917518616
0.06072944775223732 0.05798977613449097 0.27396702766418457
0.0634685754776001 0.06065768375992775 0.2810889184474945
0.062088169157505035 0.05918070301413536 0.290746808052063
0.06200089678168297 0.05904980003833771 0.29510974884033203
0.06254728883504868 0.059709981083869934 0.28373104333877563
0.06126077473163605 0.05838683247566223 0.2873941659927368
0.0615522675216198 0.0585479661822319 0.3004299998283386
0.06085830181837082 0.05813193321228027 0.27263695001602173
0.06289680302143097 0.059950970113277435 0.2945835590362549
0.06082478165626526 0.0579180046916008 0.2906777858734131
0.061361152678728104 0.05867442861199379 0.2686723470687866
0.05866410955786705 0.055962204933166504 0.2701904773712158
0.058181799948215485 0.05539475381374359 0.2787047028541565
0.061504170298576355 0.05893582105636597 0.2568349540233612
0.060261812061071396 0.057629745453596115 0.2632068395614624
0.05966166779398918 0.05697362497448921 0.2688043713569641
0.059765901416540146 0.056945446878671646 0.2820454239845276
0.06176287308335304 0.05919071286916733 0.25721603631973267
0.05994884669780731 0.05737894028425217 0.25699061155319214
0.06008952483534813 0.057433173060417175 0.26563528180122375
0.060348257422447205 0.057668182998895645 0.26800739765167236
0.05888998135924339 0.05631240829825401 0.25775715708732605
0.06338343024253845 0.06088833510875702 0.2495095431804657
0.060399506241083145 0.057889554649591446 0.25099512934684753
0.06286990642547607 0.06011498346924782 0.2754926085472107
0.06081116944551468 0.05828259512782097 0.2528572678565979
0.06106829643249512 0.05858432501554489 0.2483971118927002
0.05975402891635895 0.05722087249159813 0.253315806388855
0.05978058651089668 0.057243701070547104 0.2536885142326355
0.059327300637960434 0.05696483701467514 0.2362462729215622
0.05990929901599884 0.057518113404512405 0.23911869525909424
0.05857601389288902 0.0562484972178936 0.232751727104187
0.0585082583129406 0.056097209453582764 0.24110479652881622
0.06163753569126129 0.059042103588581085 0.2595430612564087
0.05838131159543991 0.05588473379611969 0.24965760111808777
0.05633475258946419 0.05381297692656517 0.2521775960922241
0.06011996790766716 0.05771225318312645 0.24077162146568298
0.05864522606134415 0.05630914866924286 0.23360762000083923
0.060336627066135406 0.0580332949757576 0.2303330898284912
0.05978807434439659 0.057461436837911606 0.23266372084617615
0.05673862248659134 0.05433883145451546 0.23997917771339417
0.057796329259872437 0.05542450770735741 0.23718221485614777
0.05771225690841675 0.05527363717556 0.2438621073961258
0.05879665166139603 0.056465037167072296 0.2331613302230835
0.05847983807325363 0.05612923949956894 0.23506000638008118
0.0599120669066906 0.057595718652009964 0.23163487017154694
0.059617262333631516 0.05740448087453842 0.22127816081047058
0.06041453406214714 0.05804812163114548 0.23664110898971558
0.060493700206279755 0.058035388588905334 0.24583113193511963
0.060009099543094635 0.05772027373313904 0.22888252139091492
0.05942238122224808 0.05718076229095459 0.22416192293167114
0.05681399628520012 0.054690007120370865 0.21239888668060303
0.054926108568906784 0.05273841321468353 0.21876969933509827
0.06162204593420029 0.05947158485651016 0.21504594385623932
0.05783190205693245 0.055544041097164154 0.22878624498844147
0.05545315146446228 0.05319400131702423 0.2259150892496109
0.0595967136323452 0.05735605210065842 0.22406616806983948
0.057751476764678955 0.05562828481197357 0.212319016456604
0.05694027245044708 0.05481606349349022 0.21242108941078186
0.05870351940393448 0.05662664771080017 0.207687109708786
0.059374138712882996 0.057495251297950745 0.18788889050483704
0.06045886501669884 0.05827364698052406 0.21852171421051025
0.056285008788108826 0.05424267053604126 0.20423370599746704
0.05818171799182892 0.05594993382692337 0.22317834198474884
0.0572245717048645 0.055068448185920715 0.2156122624874115
0.05806658789515495 0.05592256039381027 0.2144029140472412
0.06256306916475296 0.06029215827584267 0.22709113359451294
0.06156987324357033 0.05950343608856201 0.20664387941360474
0.05610361322760582 0.05389418080449104 0.2209431231021881
0.061004359275102615 0.05889790505170822 0.21064557135105133
0.05975519120693207 0.05764782801270485 0.21073631942272186
0.05490205064415932 0.05294399708509445 0.19580519199371338
0.06305204331874847 0.060957878828048706 0.20941641926765442
0.0556798093020916 0.05357532203197479 0.21044869720935822
0.06070687621831894 0.058642610907554626 0.20642662048339844
0.057878267019987106 0.055885739624500275 0.19925269484519958
0.05796518549323082 0.05603638291358948 0.1928802728652954
0.05552185699343681 0.053508251905441284 0.2013605535030365
0.05665967985987663 0.05469486862421036 0.19648116827011108
0.05758461356163025 0.055637426674366 0.19471858441829681
0.0584588348865509 0.05651809275150299 0.1940743327140808
0.05640028417110443 0.054425425827503204 0.19748571515083313
0.0603906586766243 0.058369919657707214 0.20207394659519196
0.05932425707578659 0.057337187230587006 0.19870707392692566
0.05932331457734108 0.0571867935359478 0.21365216374397278
0.059743210673332214 0.05783885717391968 0.1904352903366089
0.05345063656568527 0.05145832896232605 0.19923073053359985
0.05617004260420799 0.054373275488615036 0.1796766221523285
0.05826826021075249 0.056308209896087646 0.19600509107112885
0.058531757444143295 0.056658610701560974 0.18731452524662018
0.05699257552623749 0.05503084138035774 0.19617342948913574
0.05805760622024536 0.05602309852838516 0.20345088839530945
0.058455877006053925 0.05658313259482384 0.18727454543113708
0.059337224811315536 0.057596031576395035 0.17411930859088898
0.05644053965806961 0.054399989545345306 0.20405496656894684
0.05831407010555267 0.05654482543468475 0.17692433297634125
0.05761992186307907 0.05590617284178734 0.17137476801872253
0.057286228984594345 0.05551791936159134 0.17683082818984985
0.05628345161676407 0.05466199293732643 0.1621457040309906
0.057915572077035904 0.056061021983623505 0.1854550540447235
0.054071325808763504 0.05220302939414978 0.18682968616485596
0.0605521984398365 0.05882618576288223 0.1726011484861374
0.05765413120388985 0.055904820561409 0.17493115365505219
0.055979546159505844 0.05429209768772125 0.16874471306800842
0.06037301942706108 0.058536894619464874 0.1836123764514923
0.058010634034872055 0.05629739910364151 0.17132341861724854
0.059813715517520905 0.0579526461660862 0.18610678613185883
0.05615710839629173 0.05435760319232941 0.17995047569274902
0.058304447680711746 0.056507907807826996 0.17965388298034668
0.055398017168045044 0.05359082669019699 0.18071889877319336
0.05580087751150131 0.054076939821243286 0.17239367961883545
0.054420508444309235 0.05269886553287506 0.17216448485851288
0.059613291174173355 0.057842742651700974 0.17705485224723816
0.05903735011816025 0.05730616673827171 0.1731182336807251
0.058741070330142975 0.05695561692118645 0.1785455346107483
0.05936795100569725 0.057726748287677765 0.16412022709846497
0.05562921240925789 0.05384434014558792 0.17848719656467438
0.057249411940574646 0.05546068027615547 0.17887316644191742
0.05671064183115959 0.054954126477241516 0.17565150558948517
0.0582977756857872 0.05662323907017708 0.16745376586914062
0.053760915994644165 0.052173912525177 0.15870022773742676
0.055988527834415436 0.05429040640592575 0.16981202363967896
0.05565652623772621 0.05405028909444809 0.16062355041503906
0.057103149592876434 0.05541073530912399 0.16924157738685608
0.06036902964115143 0.05852261185646057 0.18464164435863495
0.0567857027053833 0.05523936450481415 0.15463371574878693
0.055937670171260834 0.054276399314403534 0.16612716019153595
0.05878875404596329 0.057071082293987274 0.17176702618598938
0.06136471405625343 0.059705909341573715 0.1658805012702942
0.055142611265182495 0.05349121242761612 0.16513988375663757
0.05779507756233215 0.05620108172297478 0.15939971804618835
0.057305287569761276 0.0556831881403923 0.16220982372760773
0.0551716685295105 0.0536084920167923 0.156317800283432
0.054491326212882996 0.052835121750831604 0.16562029719352722
0.055990830063819885 0.054363228380680084 0.16276013851165771
0.05426091328263283 0.05269254744052887 0.15683665871620178
0.05825641006231308 0.05669992417097092 0.15564848482608795
0.055823542177677155 0.05432305112481117 0.15004892647266388
0.05464118719100952 0.05314040184020996 0.1500786542892456
0.055073611438274384 0.053589195013046265 0.14844176173210144
0.05565686151385307 0.05414559692144394 0.15112629532814026
0.05822046473622322 0.056706659495830536 0.15138064324855804
0.05573715642094612 0.05423402041196823 0.15031374990940094
0.05432788282632828 0.052648141980171204 0.16797399520874023
0.05433528497815132 0.052746061235666275 0.15892228484153748
0.05669865012168884 0.055060014128685 0.16386355459690094
0.05901172757148743 0.0573517382144928 0.16599896550178528
0.05695386230945587 0.0553884357213974 0.1565425992012024
0.0608966238796711 0.05939999222755432 0.14966312050819397
0.054056111723184586 0.05249590799212456 0.1560203731060028
0.05466236546635628 0.053093113005161285 0.15692535042762756
0.056298188865184784 0.05486391484737396 0.1434272825717926
0.058021437376737595 0.0564669705927372 0.15544657409191132
0.05251191556453705 0.05110026150941849 0.1411653757095337
0.055864788591861725 0.05439198017120361 0.14728102087974548
0.05521855503320694 0.0536787286400795 0.1539825201034546
0.05485504865646362 0.05335274338722229 0.15023040771484375
0.05436180159449577 0.05293133854866028 0.14304617047309875
0.05124804005026817 0.04990515112876892 0.13428890705108643
0.055082518607378006 0.053643450140953064 0.14390674233436584
0.05696439743041992 0.05551692843437195 0.14474692940711975
0.05427044630050659 0.052852146327495575 0.14183011651039124
0.05622341111302376 0.05463777482509613 0.1585637629032135
0.055973730981349945 0.05437949299812317 0.15942366421222687
0.05464380979537964 0.053126171231269836 0.15176403522491455
0.055646613240242004 0.05427581071853638 0.1370803415775299
0.05633237957954407 0.0549197718501091 0.14126095175743103
0.05907890945672989 0.05764300003647804 0.14359107613563538
0.05425266548991203 0.0529400035738945 0.13126635551452637
0.05504605919122696 0.05361969769001007 0.1426360309123993
0.057067252695560455 0.055680885910987854 0.13863670825958252
0.05640952289104462 0.05498743802309036 0.14220857620239258
0.05524619668722153 0.05398966744542122 0.12565302848815918
0.054955534636974335 0.05367488041520119 0.1280655860900879
0.05465513840317726 0.05333936959505081 0.13157685101032257
0.0564754493534565 0.055077873170375824 0.13975749909877777
0.05359308794140816 0.052172839641571045 0.1420249193906784
0.05593274161219597 0.05452163144946098 0.1411110758781433
0.054131221026182175 0.05270314961671829 0.142807275056839
0.05583089962601662 0.054516226053237915 0.13146749138832092
0.055600605905056 0.054113708436489105 0.1486896574497223
0.05393735319375992 0.05265495181083679 0.12824013829231262
0.058823298662900925 0.057264186441898346 0.15591123700141907
0.05500078946352005 0.05362524837255478 0.1375541090965271
0.052856966853141785 0.05145442485809326 0.14025405049324036
0.056213609874248505 0.05488578975200653 0.1327821910381317
0.05472498759627342 0.05335298925638199 0.1372000128030777
0.05451976880431175 0.053178876638412476 0.1340891718864441
0.058069076389074326 0.05683527886867523 0.12337959557771683
0.057675160467624664 0.05624668672680855 0.14284729957580566
0.054459527134895325 0.05319682136178017 0.12627044320106506
0.05222287029027939 0.050985872745513916 0.12369978427886963
0.05725802108645439 0.055843815207481384 0.14142048358917236
0.055599283427000046 0.05432271957397461 0.12765644490718842
0.05253758653998375 0.05118870735168457 0.13488778471946716
0.059598296880722046 0.05830574035644531 0.1292557418346405
0.05449758842587471 0.05324791371822357 0.12496750801801682
0.05490900203585625 0.05360366404056549 0.13053393363952637
0.057917509227991104 0.05657510831952095 0.1342402696609497
0.05434693768620491 0.053010791540145874 0.13361455500125885
0.053708430379629135 0.05244112387299538 0.1267307698726654
0.05556774139404297 0.054308921098709106 0.125882089138031
0.056983936578035355 0.055627770721912384 0.13561654090881348
0.05429472029209137 0.052952103316783905 0.13426172733306885
0.055884309113025665 0.05458503216505051 0.12992781400680542
0.05518939718604088 0.053849801421165466 0.13395956158638
0.05547285079956055 0.054081469774246216 0.13913820683956146
0.058452215045690536 0.05710509419441223 0.13471215963363647
0.05656707286834717 0.05529730021953583 0.12697733938694
0.05741535872220993 0.056081149727106094 0.13342097401618958
0.05751870200037956 0.05630737170577049 0.1211329996585846
0.056040164083242416 0.05467149615287781 0.1368667483329773
0.0524970144033432 0.051166072487831116 0.13309405744075775
0.055438049137592316 0.05409906059503555 0.13389882445335388
0.05499183014035225 0.05367165058851242 0.13201797008514404
0.05883423984050751 0.05757645145058632 0.1257789582014084
0.05593467876315117 0.05469582974910736 0.12388498336076736
0.0563049241900444 0.05500930920243263 0.1295616626739502
0.05692404881119728 0.055608272552490234 0.13157758116722107
0.05414260923862457 0.052915580570697784 0.1227029412984848
0.05787409842014313 0.056571949273347855 0.13021507859230042
0.05581940710544586 0.05461639165878296 0.12030152976512909
0.057296086102724075 0.05603547394275665 0.12606118619441986
0.057324036955833435 0.05604076758027077 0.12832675874233246
0.05395243689417839 0.052684199064970016 0.1268237978219986
0.05640237778425217 0.05516666918992996 0.12357094883918762
0.05533229187130928 0.0540984645485878 0.1233825758099556
0.057694628834724426 0.056593988090753555 0.11006416380405426
0.059364303946495056 0.05810466408729553 0.12596380710601807
0.05798051133751869 0.05670713260769844 0.12733805179595947
0.05383448302745819 0.0525226816534996 0.1311803162097931
0.05582556873559952 0.054645638912916183 0.11799294501543045
0.055084921419620514 0.053893789649009705 0.11911316961050034
0.05461640655994415 0.05333077162504196 0.12856347858905792
0.055199768394231796 0.05393053591251373 0.12692323327064514
0.05636122450232506 0.05517052859067917 0.11906951665878296
0.05754411220550537 0.056273575872182846 0.12705370783805847
0.05679263547062874 0.055537305772304535 0.12553301453590393
0.05344270169734955 0.052199747413396835 0.12429524958133698
0.054654862731695175 0.053482867777347565 0.11719934642314911
0.05469179525971413 0.053386300802230835 0.1305493414402008
0.053464315831661224 0.0522829070687294 0.11814074218273163
0.056966040283441544 0.05574845150113106 0.12175894528627396
0.05696909874677658 0.055688656866550446 0.12804432213306427
0.056094940751791 0.05483892187476158 0.12560191750526428
0.056256603449583054 0.0549902617931366 0.12663419544696808
0.056139104068279266 0.05497017875313759 0.11689254641532898
0.05528629571199417 0.05412212759256363 0.11641667783260345
0.053505055606365204 0.0522981658577919 0.12068908661603928
0.05616379901766777 0.05501828342676163 0.11455165594816208
0.05628300830721855 0.05511639267206192 0.11666153371334076
0.05289207026362419 0.05167575925588608 0.12163092941045761
0.055006176233291626 0.05386412888765335 0.1142047569155693
0.05229923501610756 0.05116444081068039 0.11347939819097519
0.053028032183647156 0.051956936717033386 0.10710957646369934
0.05439619719982147 0.05324678122997284 0.1149417906999588
0.05495413392782211 0.05382585525512695 0.11282776296138763
0.05805477872490883 0.056885913014411926 0.11688652634620667
0.053710393607616425 0.052674055099487305 0.10363386571407318
0.057848311960697174 0.056646835058927536 0.12014784663915634
0.05568736046552658 0.05445394665002823 0.12334133684635162
0.056944362819194794 0.055802855640649796 0.11415068060159683
0.05647343397140503 0.05534674972295761 0.11266844719648361
0.05461116507649422 0.05340578034520149 0.12053846567869186
0.054255761206150055 0.05299817770719528 0.12575849890708923
0.058659877628088 0.05750342458486557 0.11564542353153229
0.0586804635822773 0.05753914266824722 0.11413224786520004
0.05430274456739426 0.053132809698581696 0.11699337512254715
0.0529320202767849 0.05171917378902435 0.121284618973732
0.05763751640915871 0.05644175037741661 0.11957667022943497
0.057054415345191956 0.05590551346540451 0.11489034444093704
0.051870524883270264 0.050771620124578476 0.10989038646221161
0.05543765425682068 0.05433528125286102 0.1102372482419014
0.055029720067977905 0.05386592820286751 0.11637924611568451
0.05676881968975067 0.055534496903419495 0.12343229353427887
0.053069304674863815 0.05192327871918678 0.11460264027118683
0.05349653214216232 0.052359238266944885 0.11372928321361542
0.05595022812485695 0.0547829270362854 0.11673005670309067
0.05210078880190849 0.05090270936489105 0.1198079064488411
0.05333314463496208 0.05223068594932556 0.11024569720029831
0.05357299745082855 0.05254716798663139 0.10258302837610245
0.057013120502233505 0.055802106857299805 0.12110146135091782
0.055538956075906754 0.05436479300260544 0.11741618812084198
0.05681781470775604 0.05571550875902176 0.11023053526878357
0.05500967055559158 0.0538441464304924 0.11655259132385254
0.055991530418395996 0.05496539920568466 0.1026129424571991
0.05538637563586235 0.05422616004943848 0.11602167785167694
0.056119244545698166 0.055040664970874786 0.10785810649394989
0.05219234526157379 0.05112183839082718 0.10705074667930603
0.05522170290350914 0.05411030352115631 0.11113996803760529
0.05422345548868179 0.05317322909832001 0.10502254217863083
0.05351882427930832 0.052444443106651306 0.10743829607963562
0.05521190166473389 0.05419527739286423 0.1016625463962555
0.054047178477048874 0.053026676177978516 0.10205036401748657
0.05521310120820999 0.054183609783649445 0.10294900089502335
0.05720117688179016 0.05619758367538452 0.10035932809114456
0.054557010531425476 0.053429316729307175 0.11276935040950775
0.0564349927008152 0.055351968854665756 0.10830242931842804
0.05639983341097832 0.05538080632686615 0.10190261900424957
0.0566093884408474 0.05545256286859512 0.11568239331245422
0.05319139361381531 0.05207556486129761 0.11158283054828644
0.05140957236289978 0.05039358139038086 0.10159900784492493
0.05513443797826767 0.054034940898418427 0.10994970053434372
0.05618421360850334 0.054996468126773834 0.11877471953630447
0.05441657826304436 0.05334367975592613 0.10728967934846878
0.05527188256382942 0.0542319118976593 0.10399693250656128
0.05961336940526962 0.058432068675756454 0.118130162358284
0.055036116391420364 0.053920987993478775 0.1115129142999649
0.05445456504821777 0.05334588140249252 0.11086837947368622
0.05685233324766159 0.05586038902401924 0.09919434785842896
0.05491296947002411 0.053826943039894104 0.10860270261764526
0.0542529933154583 0.053210195153951645 0.10427992045879364
0.054541829973459244 0.053525906056165695 0.10159224271774292
0.05439126864075661 0.05334638059139252 0.10448866337537766
0.05534714460372925 0.05430348217487335 0.10436636209487915
0.05100826174020767 0.0499630868434906 0.10451743006706238
0.05461869388818741 0.05364260822534561 0.09760850667953491
0.05648092180490494 0.05540671944618225 0.10742028802633286
0.05264265462756157 0.05160018801689148 0.10424681752920151
0.05379614606499672 0.052802711725234985 0.09934341907501221
0.057720523327589035 0.05658821761608124 0.11323071271181107
0.053412217646837234 0.052391305565834045 0.10209103673696518
0.050786156207323074 0.04977565258741379 0.10105039179325104
0.05273127928376198 0.05174531415104866 0.09859669208526611
0.05028031766414642 0.049291983246803284 0.09883351624011993
0.05352134630084038 0.05256877839565277 0.09525687992572784
0.057969849556684494 0.05691354721784592 0.10563012957572937
0.053136005997657776 0.052147746086120605 0.09882588684558868
0.0532282218337059 0.05220555141568184 0.10226719826459885
0.055844079703092575 0.05487096309661865 0.09731176495552063
0.053669773042201996 0.05266890674829483 0.10008661448955536
0.060113828629255295 0.05910193920135498 0.10118898004293442
0.05349685251712799 0.05256194248795509 0.0934910848736763
0.05172181874513626 0.05068758875131607 0.10342316329479218
0.0553000271320343 0.054311353713274 0.09886741638183594
0.05323188751935959 0.05221099406480789 0.10208946466445923
0.05536508560180664 0.054347001016139984 0.10180836915969849
0.05541493371129036 0.054367244243621826 0.10476908087730408
0.05527181923389435 0.054310280829668045 0.09615383297204971
0.052278392016887665 0.05131220072507858 0.09661931544542313
0.05907802656292915 0.05807575210928917 0.10022756457328796
0.05065837502479553 0.04957844316959381 0.10799304395914078
0.05622639134526253 0.05522427707910538 0.1002114862203598
0.05539078637957573 0.054302990436553955 0.10877956449985504
0.05401746928691864 0.05309895798563957 0.09185107052326202
0.05396604165434837 0.05304992198944092 0.09161203354597092
0.05394795164465904 0.05286940932273865 0.10785429179668427
0.056103747338056564 0.05507097765803337 0.10327711701393127
0.05023500695824623 0.049229696393013 0.10053122043609619
0.051399413496255875 0.05045231431722641 0.0947100967168808
0.05358704552054405 0.05265060439705849 0.09364402294158936
0.05443534627556801 0.053464699536561966 0.09706480801105499
0.056340526789426804 0.05532026290893555 0.10202625393867493
0.05319909006357193 0.05218413099646568 0.10149583965539932
0.05383969843387604 0.052818864583969116 0.10208331048488617
0.05460967496037483 0.0535869225859642 0.1022753119468689
0.05653112754225731 0.05556551739573479 0.09656103700399399
0.05513337254524231 0.054108891636133194 0.10244807600975037
0.05273549631237984 0.051805414259433746 0.0930081158876419
0.05636833608150482 0.05520407110452652 0.11642663925886154
0.05418073758482933 0.05320999398827553 0.09707418084144592
0.05944851413369179 0.05838603898882866 0.10624760389328003
0.054863397032022476 0.053891800343990326 0.09715965390205383
0.0531914047896862 0.052093230187892914 0.1098174974322319
0.051809631288051605 0.050885047763586044 0.0924583375453949
0.05477797985076904 0.0536876916885376 0.10902877151966095
0.054589368402957916 0.0535738430917263 0.10155239701271057
0.05476057156920433 0.05378543958067894 0.09751302003860474
0.054226573556661606 0.05329915136098862 0.09274216741323471
0.05365509167313576 0.052708934992551804 0.09461557865142822
0.053906526416540146 0.05298585072159767 0.09206773340702057
0.05171286687254906 0.05070492625236511 0.10079406201839447
0.05440625175833702 0.05340960621833801 0.09966465830802917
0.0536932572722435 0.052788540720939636 0.09047181904315948
0.055049024522304535 0.05407603085041046 0.0972994863986969
0.05472010001540184 0.05376989021897316 0.0950210839509964
0.05584767833352089 0.05484859272837639 0.09990856051445007
0.053814250975847244 0.05285332351922989 0.09609276801347733
0.054857198148965836 0.05393104627728462 0.09261520206928253
0.05355197191238403 0.05258917808532715 0.09627927094697952
0.05226676166057587 0.051373209804296494 0.08935502171516418
0.05486878380179405 0.05392247065901756 0.0946311503648758
0.05199204012751579 0.05110764130949974 0.08843998610973358
0.05167948827147484 0.05079417675733566 0.08853132277727127
0.0550960898399353 0.054082099348306656 0.10139889270067215
0.054252658039331436 0.05319466069340706 0.10579957813024521
0.056720320135354996 0.05578922852873802 0.09310933947563171
0.052110057324171066 0.05111386626958847 0.09961918741464615
0.05382172018289566 0.05286828428506851 0.09534363448619843
0.055378641933202744 0.0544026717543602 0.09759710729122162
0.05729484558105469 0.056273844093084335 0.10210023820400238
0.05419255420565605 0.053237371146678925 0.09551819413900375
0.05507479980587959 0.05405707657337189 0.10177230834960938
0.05405006557703018 0.05308982729911804 0.09602370858192444
0.05641284957528114 0.05545700341463089 0.09558475017547607
0.05145823955535889 0.05052796006202698 0.09302809834480286
0.05747104063630104 0.056546203792095184 0.0924837589263916
0.05271189287304878 0.05189033970236778 0.08215514570474625
0.05128917470574379 0.050389695912599564 0.08994796872138977
0.05395737662911415 0.0530276782810688 0.09296970069408417
0.05392947793006897 0.052989713847637177 0.09397643804550171
0.05385768413543701 0.052940282970666885 0.09174022078514099
0.0557728186249733 0.05485473945736885 0.09180787205696106
0.05186595022678375 0.05098394677042961 0.08820027858018875
0.0509190671145916 0.050040777772665024 0.08782888948917389
0.056421443819999695 0.05541134998202324 0.1010095477104187
0.04982488974928856 0.04893166571855545 0.08932232111692429
0.054503265768289566 0.0535576306283474 0.09456358104944229
0.05227883905172348 0.0513501912355423 0.09286472201347351
0.051614511758089066 0.05074554681777954 0.086896613240242
0.051543135195970535 0.05068725347518921 0.08558814972639084
0.05369097739458084 0.052773937582969666 0.0917041152715683
0.05276287719607353 0.05189427733421326 0.0868600457906723
0.05454074963927269 0.05368642508983612 0.08543255180120468
0.053292859345674515 0.052463945001363754 0.0828915685415268
0.052538368850946426 0.0516301766037941 0.09081915020942688
0.04961443319916725 0.048807114362716675 0.0807318314909935
0.05466751754283905 0.0538136288523674 0.08538876473903656
0.05416493117809296 0.05332142859697342 0.08435042202472687
0.054832685738801956 0.053855523467063904 0.0977163314819336
0.05164918676018715 0.05080564320087433 0.08435443788766861
0.05126680061221123 0.05043291300535202 0.08338867127895355
0.052257902920246124 0.05139179527759552 0.08661087602376938
0.052438825368881226 0.05162770301103592 0.08111225068569183
0.052905626595020294 0.05202776566147804 0.08778601884841919
0.05362360551953316 0.05281747132539749 0.08061327040195465
0.056898389011621475 0.056031301617622375 0.08670877665281296
0.05586607754230499 0.055012404918670654 0.08536727726459503
0.04992954805493355 0.04909530654549599 0.08342424035072327
0.05423201248049736 0.05333290994167328 0.08991040289402008
0.05727335438132286 0.05631522834300995 0.09581253677606583
0.05539089813828468 0.05452108383178711 0.08698137104511261
0.05047640576958656 0.04961385205388069 0.08625528961420059
0.05176358297467232 0.05092130973935127 0.08422738313674927
0.0501314215362072 0.04931990057229996 0.08115223050117493
0.054603882133960724 0.053706735372543335 0.08971457183361053
0.050945475697517395 0.050111912190914154 0.08335652947425842
0.053780991584062576 0.05287601426243782 0.0904977098107338
0.05593966320157051 0.05509360879659653 0.084605373442173
0.05090878903865814 0.050037577748298645 0.08712095022201538
0.05498156696557999 0.0541108064353466 0.08707596361637115
0.05391829460859299 0.05302134156227112 0.08969518542289734
0.054866988211870193 0.054046083241701126 0.08209031820297241
0.052082303911447525 0.051182400435209274 0.0899905115365982
0.053597673773765564 0.052739813923835754 0.0857861191034317
0.052191343158483505 0.051358744502067566 0.0832599624991417
0.054817259311676025 0.053961947560310364 0.08553127199411392
0.05307409539818764 0.052190765738487244 0.0883331149816513
0.05474172905087471 0.05384742468595505 0.08943043649196625
0.055598124861717224 0.05475183576345444 0.08462873846292496
0.05236192047595978 0.05147663503885269 0.08852867037057877
0.053765252232551575 0.052907250821590424 0.08580027520656586
0.05281562730669975 0.051981911063194275 0.08337165415287018
0.055075351148843765 0.054187215864658356 0.08881369233131409
0.053706567734479904 0.052838198840618134 0.08683677017688751
0.054486993700265884 0.05364347994327545 0.0843515545129776
0.05471190810203552 0.053893886506557465 0.08180227875709534
0.052971001714468 0.05219012498855591 0.0780877023935318
0.0564548559486866 0.05555553734302521 0.08993175625801086
0.05239131674170494 0.05151232331991196 0.08789949119091034
0.05698087066411972 0.05609247088432312 0.08883994817733765
0.052662450820207596 0.05180296301841736 0.08594862371683121
0.05358601361513138 0.05264345556497574 0.09425562620162964
0.05465252324938774 0.05375908315181732 0.08934418857097626
0.05154696851968765 0.05067680776119232 0.08701607584953308
0.05776636302471161 0.05679057538509369 0.09757860004901886
0.05370282754302025 0.052910350263118744 0.07924773544073105
0.051037490367889404 0.050193414092063904 0.08440762758255005
0.053596220910549164 0.052813056856393814 0.07831640541553497
0.05307436361908913 0.05221693962812424 0.08574257791042328
0.05444229021668434 0.05360871180891991 0.08335795998573303
0.05236726254224777 0.05156247690320015 0.0804784968495369
0.056505411863327026 0.05565635859966278 0.08490535616874695
0.053524039685726166 0.05274991691112518 0.07741223275661469
0.054892994463443756 0.05401555821299553 0.08774356544017792
0.053164925426244736 0.052452489733695984 0.07124342024326324
0.05371681600809097 0.05290292575955391 0.0813889428973198
0.05389978364109993 0.053139664232730865 0.0760117918252945
0.05545198544859886 0.054622337222099304 0.08296482264995575
0.05380287766456604 0.05302809923887253 0.07747782766819
0.0517255924642086 0.050895240157842636 0.08303506672382355
0.051950644701719284 0.05110042914748192 0.08502140641212463
0.05166470259428024 0.05083747208118439 0.08272291719913483
0.05163230374455452 0.05080917477607727 0.08231298625469208
0.05296771973371506 0.05216854065656662 0.079917773604393
0.05863265320658684 0.05781606584787369 0.08165882527828217
0.05367018282413483 0.05284000560641289 0.08301771432161331
0.0520649254322052 0.05128595232963562 0.07789728045463562
0.052339356392621994 0.051556430757045746 0.078292615711689
0.05200536921620369 0.051221348345279694 0.07840226590633392
0.051553819328546524 0.05076388642191887 0.0789932981133461
0.05161263793706894 0.05080327391624451 0.0809364914894104
0.051155924797058105 0.05036349594593048 0.07924274355173111
0.05668528378009796 0.05588134378194809 0.08039401471614838
0.05467895045876503 0.0539257675409317 0.07531827688217163
0.05662042647600174 0.0557963065803051 0.08241192996501923
0.05321390926837921 0.052452005445957184 0.07619041204452515
0.05470341444015503 0.053940027952194214 0.07633882761001587
0.05431137606501579 0.053579144179821014 0.07322302460670471
0.05458945035934448 0.05380333587527275 0.07861136645078659
0.05448051914572716 0.05377812683582306 0.0702391192317009
0.058271877467632294 0.05739292502403259 0.08789540082216263
0.055239077657461166 0.05448945611715317 0.07496210187673569
0.054583024233579636 0.053839750587940216 0.07432718575000763
0.051199931651353836 0.05039402097463608 0.08059113472700119
0.05308737978339195 0.05223415046930313 0.0853227823972702
0.05511246621608734 0.05430590361356735 0.08065607398748398
0.05560591071844101 0.05479545518755913 0.0810457095503807
0.05629756674170494 0.05547302961349487 0.08245375752449036
0.05428469181060791 0.053445201367139816 0.08394905924797058
0.05203065648674965 0.051179736852645874 0.08509193360805511
0.0513911172747612 0.05060920864343643 0.0781908854842186
0.05463840812444687 0.05370055139064789 0.09378577768802643
0.05427303910255432 0.053435321897268295 0.08377186954021454
0.05786268785595894 0.0570458248257637 0.08168648183345795
0.054465945810079575 0.05370154604315758 0.07644003629684448
0.05289943143725395 0.052120085805654526 0.07793459296226501
0.054246362298727036 0.053423866629600525 0.0822494700551033
0.05280477926135063 0.05202300846576691 0.07817725837230682
0.053366806358098984 0.052598487585783005 0.07683195918798447
0.053304340690374374 0.052544109523296356 0.0760231465101242
0.056759387254714966 0.055986564606428146 0.07728226482868195
0.05502859130501747 0.05424685403704643 0.07817373424768448
0.053301211446523666 0.05249517410993576 0.08060374110937119
0.049354515969753265 0.04863471910357475 0.07197985798120499
0.056034501641988754 0.05525960773229599 0.0774892196059227
0.052564337849617004 0.05184164270758629 0.07226943969726562
0.056444041430950165 0.055658936500549316 0.07851031422615051
0.05171423777937889 0.05088823661208153 0.08259998261928558
0.054219212383031845 0.05341435596346855 0.08048572391271591
0.05235221982002258 0.05156900733709335 0.07832138240337372
0.05454118922352791 0.05373983085155487 0.08013588190078735
0.055528733879327774 0.05470987409353256 0.08188611268997192
0.0569610595703125 0.05617192015051842 0.07891389727592468
0.05179502069950104 0.051045894622802734 0.07491254806518555
0.055550213903188705 0.054724521934986115 0.08256924152374268
0.0522640086710453 0.05154787003993988 0.07161390781402588
0.05507861077785492 0.05433991551399231 0.07386957108974457
0.05394953116774559 0.0531870499253273 0.07624797523021698
0.052855558693408966 0.05210728198289871 0.07482777535915375
0.05333251133561134 0.05263742059469223 0.06950917840003967
0.05608409270644188 0.05535087734460831 0.07332150638103485
0.05477500334382057 0.05399240180850029 0.07826031744480133
0.054236799478530884 0.05349772423505783 0.07390759140253067
0.05628979206085205 0.0555269792675972 0.07628121227025986
0.0538208968937397 0.053032949566841125 0.07879457622766495
0.05407216399908066 0.0532098114490509 0.08623543381690979
0.051807746291160583 0.05108169466257095 0.07260510325431824
0.05206870287656784 0.05131720006465912 0.07515038549900055
0.054147232323884964 0.053319741040468216 0.08274930715560913
0.05338986590504646 0.052672963589429855 0.07169017195701599
0.055603403598070145 0.05486517399549484 0.07382293045520782
0.05649515241384506 0.05562435835599899 0.087079256772995
0.055087462067604065 0.0543307363986969 0.0756724402308464
0.05180177837610245 0.05106683820486069 0.07349405437707901
0.052583247423172 0.051851630210876465 0.07316190749406815
0.05105073004961014 0.0503104068338871 0.07403213530778885
0.05312993377447128 0.05234908312559128 0.0780850425362587
0.05289234220981598 0.052159808576107025 0.0732533186674118
0.0529036782681942 0.05217763036489487 0.07260484993457794
0.04876914247870445 0.04805014654994011 0.0718996524810791
0.05337682366371155 0.05268041044473648 0.06964132189750671
0.05315925553441048 0.05248488485813141 0.06743692606687546
0.050626449286937714 0.04996731877326965 0.06591296195983887
0.05264793336391449 0.05194825679063797 0.06996748596429825
0.0533301904797554 0.052667297422885895 0.06628911942243576
0.05059618130326271 0.049947626888751984 0.06485526263713837
0.05249091982841492 0.05183523893356323 0.06556820124387741
0.05617894232273102 0.0554061196744442 0.07728222012519836
0.05328090488910675 0.052600301802158356 0.06806030124425888
0.05454767122864723 0.0538608692586422 0.06868009269237518
0.05097980424761772 0.05029856786131859 0.06812368333339691
0.054840512573719025 0.05412433668971062 0.0716174840927124
0.05524500831961632 0.054475583136081696 0.0769423395395279
0.055375464260578156 0.05461101233959198 0.07644515484571457
0.05241268873214722 0.05167875066399574 0.07339373230934143
0.053942110389471054 0.05319187790155411 0.0750231146812439
0.0543532595038414 0.05364812910556793 0.07051312923431396
0.05513404682278633 0.05440892279148102 0.07251236587762833
0.05413627251982689 0.05336543545126915 0.07708358764648438
0.05462564155459404 0.05384453386068344 0.07811059802770615
0.05237883701920509 0.05158110707998276 0.07977315783500671
0.05144223943352699 0.050713859498500824 0.07283783704042435
0.0533595085144043 0.05261258780956268 0.07469215244054794
0.050379760563373566 0.049644023180007935 0.0735737532377243
0.05632677674293518 0.05559460446238518 0.07321728765964508
0.051581498235464096 0.050961244851350784 0.062025442719459534
0.05182700604200363 0.05106901377439499 0.07579907029867172
0.05399240180850029 0.05321898311376572 0.0773417055606842
0.05357932671904564 0.0528903529047966 0.0688975527882576
0.048802729696035385 0.04811611771583557 0.06866102665662766
0.055102430284023285 0.054376713931560516 0.07257162779569626
0.05675480142235756 0.05603976547718048 0.07150375843048096
0.0508149191737175 0.05009561404585838 0.07193063199520111
0.051266688853502274 0.050570979714393616 0.06957090646028519
0.05108506605029106 0.05035393312573433 0.07311324775218964
0.05146794393658638 0.05081627890467644 0.06516632437705994
0.05422656983137131 0.05353967845439911 0.06868922710418701
0.056535691022872925 0.05583654344081879 0.06991463899612427
0.05170486494898796 0.051019810140132904 0.06850534677505493
0.052910786122083664 0.05219250172376633 0.07182839512825012
0.052926063537597656 0.05222880840301514 0.06972536444664001
0.05350310727953911 0.052784696221351624 0.07184106856584549
0.05298066884279251 0.05223914235830307 0.07415270805358887
0.052946221083402634 0.05217821151018143 0.07680078595876694
0.05077238753437996 0.050098784267902374 0.06736033409833908
0.052930377423763275 0.05218572914600372 0.07446479797363281
0.05460150167346001 0.053858086466789246 0.07434166967868805
0.05137109011411667 0.05059971660375595 0.07713745534420013
0.05451412871479988 0.05386009439826012 0.06540356576442719
0.052498407661914825 0.05178579315543175 0.0712614580988884
0.054750360548496246 0.05403198301792145 0.07183758914470673
0.05161607265472412 0.05092283710837364 0.06932348757982254
0.05500125512480736 0.05434991791844368 0.06513358652591705
0.05297590419650078 0.05229857936501503 0.06773259490728378
0.0486755445599556 0.04799701273441315 0.06785331666469574
0.053437795490026474 0.05279270559549332 0.064508818089962
0.054335981607437134 0.05370216816663742 0.06338131427764893
0.0545649416744709 0.05393078550696373 0.0634157583117485
0.05103054270148277 0.050374872982501984 0.06556694209575653
0.054243359714746475 0.053592607378959656 0.06507520377635956
0.05489250272512436 0.05420742928981781 0.06850720196962357
0.05465086176991463 0.05393722280859947 0.07136377692222595
0.05117317661643028 0.05046391859650612 0.07092592120170593
0.052489638328552246 0.05180554464459419 0.06840922683477402
0.05163836106657982 0.050910595804452896 0.0727766901254654
0.055696990340948105 0.05494843050837517 0.07485616207122803
0.05138293653726578 0.050669413059949875 0.07135221362113953
0.04943697899580002 0.04875433072447777 0.06826473772525787
0.05343955382704735 0.0527372732758522 0.0702282264828682
0.05294707417488098 0.05229388177394867 0.06531907618045807
0.05232011899352074 0.05170289799571037 0.061722029000520706
0.05382929742336273 0.05321335047483444 0.06159476563334465
0.0525912269949913 0.05195914953947067 0.06320776045322418
0.05130426585674286 0.05072464048862457 0.05796260014176369
0.05290849506855011 0.052232708781957626 0.06757871806621552
0.05287065729498863 0.05221559852361679 0.0655059739947319
0.05223633348941803 0.05159634351730347 0.06399914622306824
0.053251609206199646 0.05258728936314583 0.06643214821815491
0.05184246599674225 0.051170967519283295 0.06714993715286255
0.05227445438504219 0.05161861330270767 0.06558404862880707
0.05533015727996826 0.05466458946466446 0.06655684858560562
0.052979495376348495 0.0522269681096077 0.07525254786014557
0.05518515035510063 0.05454104766249657 0.06441009044647217
0.054681066423654556 0.05402025580406189 0.0660809651017189
0.05227961018681526 0.05161131173372269 0.0668298602104187
0.054190441966056824 0.05350208654999733 0.06883549690246582
0.05531509965658188 0.054658107459545135 0.06569935381412506
0.051941871643066406 0.05129674822092056 0.0645122155547142
0.05347522720694542 0.05281830579042435 0.06569208949804306
0.056957390159368515 0.056238915771245956 0.07184737175703049
0.05198557674884796 0.05129155144095421 0.06940242648124695
0.051782041788101196 0.051111120730638504 0.06709201633930206
0.05318000540137291 0.05253787338733673 0.06421325355768204
0.05008945241570473 0.04944654554128647 0.06429065018892288
0.05164354294538498 0.050960954278707504 0.06825897842645645
0.052265845239162445 0.05160413682460785 0.06617075204849243
0.053857505321502686 0.05327390879392624 0.05835955590009689
0.05997885763645172 0.05927468463778496 0.07041722536087036
0.05038350075483322 0.049799732863903046 0.05837661772966385
0.05197644606232643 0.051377251744270325 0.05991947650909424
0.05070113390684128 0.05005387216806412 0.06472620368003845
0.048834193497896194 0.0482303649187088 0.060382843017578125
0.05422523617744446 0.05366086959838867 0.056436844170093536
0.05333961918950081 0.05272568389773369 0.061393365263938904
0.051110971719026566 0.050475746393203735 0.06352255493402481
0.052999336272478104 0.05236820876598358 0.06311286985874176
0.051722850650548935 0.05108986794948578 0.0632982850074768
0.050165675580501556 0.049555130302906036 0.061054527759552
0.0532732717692852 0.05262376368045807 0.06495068967342377
0.05379922688007355 0.053193800151348114 0.060542501509189606
0.0550309456884861 0.05435708910226822 0.06738583743572235
0.0537521094083786 0.05307409167289734 0.06780163943767548
0.05201893299818039 0.05133892968297005 0.0680001974105835
0.0525822639465332 0.051900219172239304 0.06820440292358398
0.051333531737327576 0.050717443227767944 0.06160876154899597
0.05468094348907471 0.0540107786655426 0.0670165941119194
0.052913688123226166 0.052265465259552 0.06482214480638504
0.055437687784433365 0.05477772653102875 0.06599605083465576
0.05473475530743599 0.054047662764787674 0.06870941817760468
0.05117158591747284 0.0505371019244194 0.06344829499721527
0.04993883892893791 0.04925089329481125 0.06879441440105438
0.051166292279958725 0.050535574555397034 0.0630715936422348
0.05323377251625061 0.052607037127017975 0.06267350912094116
0.053225986659526825 0.052668534219264984 0.05574524402618408
0.05247227102518082 0.051768094301223755 0.07041752338409424
0.056643445044755936 0.05606165528297424 0.058179013431072235
0.0524120032787323 0.05185282975435257 0.055917251855134964
0.05240492895245552 0.05183754861354828 0.056737929582595825
0.05404317006468773 0.05342656373977661 0.0616607666015625
0.0542636401951313 0.05367185175418854 0.05917871743440628
0.05414082109928131 0.053528182208538055 0.06126374006271362
0.05662034451961517 0.055928364396095276 0.06919802725315094
0.05439070612192154 0.05371104180812836 0.06796647608280182
0.05158422514796257 0.050972774624824524 0.06114518269896507
0.04855882748961449 0.04794520139694214 0.06136264652013779
0.05069701746106148 0.05003391206264496 0.06631065160036087
0.05347522348165512 0.05286204814910889 0.06131746992468834
0.05227798968553543 0.051636938005685806 0.06410515308380127
0.05626887083053589 0.05561394244432449 0.06549285352230072
0.05289066582918167 0.052273742854595184 0.061692122370004654
0.05594712868332863 0.05535763502120972 0.05894937366247177
0.05411404371261597 0.05350929871201515 0.06047448888421059
0.05426691472530365 0.053664661943912506 0.06022535264492035
0.05224220082163811 0.051629021763801575 0.06131808087229729
0.05532415583729744 0.05467040091753006 0.06537540256977081
0.051179759204387665 0.050559915602207184 0.06198417767882347
0.05461299791932106 0.054017066955566406 0.05959297716617584
0.051912546157836914 0.05133122205734253 0.05813252553343773
0.052767690271139145 0.05219145119190216 0.057623982429504395
0.05255519971251488 0.0519709512591362 0.05842499062418938
0.053307969123125076 0.05274364352226257 0.056432709097862244
0.052107229828834534 0.051532115787267685 0.05751124024391174
0.05241358280181885 0.051823485642671585 0.05900963395833969
0.050732433795928955 0.05008101463317871 0.06514192372560501
0.04839510843157768 0.04780244827270508 0.059266187250614166
0.05395269766449928 0.05339470133185387 0.05579976737499237
0.05690176784992218 0.056344613432884216 0.05571542680263519
0.05368100479245186 0.05310944467782974 0.057156071066856384
0.04904888570308685 0.04846000671386719 0.05888793244957924
0.054343417286872864 0.053743500262498856 0.059991832822561264
0.05161794275045395 0.05108527094125748 0.05326718091964722
0.0515412837266922 0.050998564809560776 0.05427196994423866
0.04787439852952957 0.04729350656270981 0.05808919668197632
0.054424136877059937 0.053789567202329636 0.06345687061548233
0.05013987794518471 0.04959352687001228 0.05463508516550064
0.05086894705891609 0.050347473472356796 0.052147410809993744
0.05508704483509064 0.0544709749519825 0.06160710006952286
0.05452192574739456 0.0539412647485733 0.058066099882125854
0.05268039554357529 0.052107445895671844 0.057294949889183044
0.0529741570353508 0.05242845416069031 0.05457033962011337
0.05064273253083229 0.05005280300974846 0.05899282544851303
0.05319192633032799 0.0526307076215744 0.05612202361226082
0.05270020663738251 0.05215603858232498 0.05441676080226898
0.05516389012336731 0.05456969887018204 0.05941922217607498
0.05403222516179085 0.05344528332352638 0.058694206178188324
0.05317689850926399 0.052576418966054916 0.06004786491394043
0.0522090345621109 0.05163641646504402 0.057261839509010315
0.04995906352996826 0.04937240481376648 0.058665718883275986
0.05159307271242142 0.05100126937031746 0.05918046459555626
0.055696263909339905 0.05511416867375374 0.05820941925048828
0.0515785850584507 0.05101799964904785 0.05605858564376831
0.05110356584191322 0.05051101744174957 0.05925485119223595
0.05305717885494232 0.052496835589408875 0.05603419989347458
0.05353056639432907 0.053008899092674255 0.0521666556596756
0.04861900955438614 0.04804135486483574 0.05776531249284744
0.053145308047533035 0.05257900059223175 0.056630827486515045
0.05283696949481964 0.05227985233068466 0.055711887776851654
0.050346650183200836 0.04981321468949318 0.053343549370765686
0.051266904920339584 0.050712183117866516 0.05547208711504936
0.054976511746644974 0.054340943694114685 0.06355685740709305
0.052478156983852386 0.05192815512418747 0.055000074207782745
0.051186494529247284 0.05067164823412895 0.051484763622283936
0.050371456891298294 0.049777161329984665 0.05942968279123306
0.052194539457559586 0.05161494016647339 0.05795976519584656
0.05627164617180824 0.05568122863769531 0.05904168635606766
0.04986469820141792 0.04929225891828537 0.057244040071964264
0.05260161682963371 0.052007243037223816 0.0594373494386673
0.054152365773916245 0.053581733256578445 0.057063352316617966
0.049443572759628296 0.04892249405384064 0.05210777372121811
0.05442303419113159 0.05383087322115898 0.05921606719493866
0.052007321268320084 0.05143033713102341 0.0576983317732811
