0.23334205150604248 0.23334205150604248 8.920595169067383
0.22696220874786377 0.22696220874786377 9.304348945617676
0.2130875289440155 0.2130875289440155 10.227569580078125
0.20992286503314972 0.20992286503314972 12.126903533935547
0.19719497859477997 0.19719497859477997 14.725492477416992
0.18513649702072144 0.18513649702072144 17.580577850341797
0.17625531554222107 0.17625531554222107 21.136579513549805
0.17007896304130554 0.17007896304130554 26.294998168945312
0.15836095809936523 0.15836095809936523 31.342811584472656
0.15560516715049744 0.15560516715049744 37.21074676513672
0.1483234018087387 0.1483234018087387 44.373329162597656
0.13954216241836548 0.13954216241836548 52.86332702636719
0.1254062056541443 0.1254062056541443 59.498252868652344
0.12239891290664673 0.12239891290664673 69.98216247558594
0.11176449060440063 0.11176449060440063 80.49905395507812
0.09702494740486145 0.09702494740486145 90.37777709960938
0.10294406116008759 0.10294406116008759 104.06726837158203
0.09270793199539185 0.09270793199539185 118.98333740234375
0.08922885358333588 0.08922885358333588 133.94699096679688
0.08363311737775803 0.08363311737775803 149.1489715576172
0.07472768425941467 0.07472768425941467 160.58721923828125
0.0737450122833252 0.0737450122833252 177.28518676757812
0.07048729062080383 0.07048729062080383 193.34619140625
0.06936787068843842 0.06936787068843842 209.08932495117188
0.06388936191797256 0.06388936191797256 219.29168701171875
0.06179775670170784 0.06179775670170784 237.71615600585938
0.05813773721456528 0.05813773721456528 251.2799530029297
0.05857023224234581 0.05857023224234581 265.1824645996094
0.058271873742341995 0.058271873742341995 283.9713439941406
0.055943988263607025 0.055943988263607025 295.07806396484375
0.05388571694493294 0.05388571694493294 302.8199768066406
0.057652346789836884 0.057652346789836884 320.9267578125
0.056226275861263275 0.056226275861263275 332.3822021484375
0.051748283207416534 0.051748283207416534 333.86480712890625
0.0534742996096611 0.0534742996096611 355.1195373535156
0.05306341126561165 0.05306341126561165 359.369384765625
0.053203076124191284 0.053203076124191284 369.4403991699219
0.05153721570968628 0.05153721570968628 376.28314208984375
0.05234125256538391 0.05234125256538391 388.3260803222656
0.04872899502515793 0.04872899502515793 385.32000732421875
0.0497753769159317 0.0497753769159317 391.3988037109375
0.05096394196152687 0.05096394196152687 404.515380859375
0.053294986486434937 0.053294986486434937 403.4928894042969
0.05282324552536011 0.05282324552536011 418.29107666015625
0.05195164680480957 0.05195164680480957 415.70001220703125
0.05125334858894348 0.05125334858894348 425.51312255859375
0.05270683392882347 0.05270683392882347 426.5497741699219
0.050343453884124756 0.050343453884124756 432.6493835449219
0.05273963138461113 0.05273963138461113 428.96356201171875
0.047621697187423706 0.047621697187423706 440.50628662109375
0.04837346822023392 0.04837346822023392 441.8319091796875
0.051310814917087555 0.051310814917087555 443.46246337890625
0.052073363214731216 0.052073363214731216 448.2601318359375
0.04766460508108139 0.04766460508108139 450.171875
0.04951256513595581 0.04951256513595581 456.11981201171875
0.04966190457344055 0.04966190457344055 447.44793701171875
0.04892180860042572 0.04892180860042572 459.0164489746094
0.0478377602994442 0.0478377602994442 451.97039794921875
0.049938760697841644 0.049938760697841644 458.1351623535156
0.0492078959941864 0.0492078959941864 457.4654235839844
0.04923941195011139 0.04923941195011139 462.850341796875
0.05394285172224045 0.05394285172224045 469.718017578125
0.04825368896126747 0.04825368896126747 464.5312805175781
0.04473910480737686 0.04473910480737686 451.46380615234375
0.047215163707733154 0.047215163707733154 460.16668701171875
0.04718625172972679 0.04718625172972679 464.9332275390625
0.04975007846951485 0.04975007846951485 463.1162109375
0.05165236070752144 0.05165236070752144 467.39129638671875
0.04929982125759125 0.04929982125759125 465.86663818359375
0.048195257782936096 0.048195257782936096 458.4132080078125
0.047491103410720825 0.047491103410720825 462.99493408203125
0.04564518854022026 0.04564518854022026 454.7962951660156
0.048738569021224976 0.048738569021224976 463.6838684082031
0.045767270028591156 0.045767270028591156 454.1293029785156
0.0466327928006649 0.0466327928006649 454.9391784667969
0.045556627213954926 0.045556627213954926 453.7075500488281
0.048327989876270294 0.048327989876270294 459.61358642578125
0.046707648783922195 0.046707648783922195 455.7349853515625
0.045231059193611145 0.045231059193611145 448.0711669921875
0.049137525260448456 0.049137525260448456 455.4107666015625
0.046981073915958405 0.046981073915958405 447.38226318359375
0.045149244368076324 0.045149244368076324 442.5386047363281
0.04590921849012375 0.04590921849012375 450.27752685546875
0.04503338038921356 0.04503338038921356 448.418212890625
0.047409623861312866 0.047409623861312866 439.9927062988281
0.045482780784368515 0.045482780784368515 445.48858642578125
0.04493337124586105 0.04493337124586105 443.8385009765625
0.04585482180118561 0.04585482180118561 444.055908203125
0.047377653419971466 0.047377653419971466 438.6102294921875
0.0472036637365818 0.0472036637365818 443.37823486328125
0.045168355107307434 0.045168355107307434 432.1545104980469
0.044007882475852966 0.044007882475852966 433.6618957519531
0.04266715794801712 0.04266715794801712 429.04888916015625
0.04734155535697937 0.04734155535697937 435.4925842285156
0.044821687042713165 0.044821687042713165 425.1596984863281
0.046578701585531235 0.046578701585531235 428.59722900390625
0.04464759677648544 0.04464759677648544 432.0718994140625
0.044704265892505646 0.044704265892505646 425.18511962890625
0.04378826171159744 0.04378826171159744 422.6595458984375
0.04593803733587265 0.04593803733587265 420.79705810546875
0.04626172035932541 0.04626172035932541 410.8539123535156
0.04232661798596382 0.04232661798596382 406.66729736328125
0.046446431428194046 0.046446431428194046 417.91015625
0.0447489470243454 0.0447489470243454 408.8231201171875
0.04288095235824585 0.04288095235824585 407.5384216308594
0.046366773545742035 0.046366773545742035 406.28839111328125
0.043773457407951355 0.043773457407951355 402.8294677734375
0.04407317563891411 0.04407317563891411 397.7539978027344
0.042957909405231476 0.042957909405231476 392.37664794921875
0.04346608370542526 0.04346608370542526 399.64776611328125
0.043421417474746704 0.043421417474746704 392.5088195800781
0.044685665518045425 0.044685665518045425 396.57440185546875
0.04317032918334007 0.04317032918334007 394.3055114746094
0.04267220199108124 0.04267220199108124 391.4718322753906
0.04185660183429718 0.04185660183429718 382.6158447265625
0.04251878708600998 0.04251878708600998 380.6415710449219
0.042987603694200516 0.042987603694200516 382.14605712890625
0.044890739023685455 0.044890739023685455 380.8129577636719
0.040339529514312744 0.040339529514312744 376.9454345703125
0.042545195668935776 0.042545195668935776 376.20123291015625
0.042403556406497955 0.042403556406497955 370.54541015625
0.04401170462369919 0.04401170462369919 368.05548095703125
0.04102244973182678 0.04102244973182678 368.498291015625
0.04058127850294113 0.04058127850294113 372.94512939453125
0.04171280562877655 0.04171280562877655 359.1488952636719
0.040719274431467056 0.040719274431467056 360.921142578125
0.03924485668540001 0.03924485668540001 363.35699462890625
0.038771070539951324 0.038771070539951324 362.62188720703125
0.041520554572343826 0.041520554572343826 363.655517578125
0.037943284958601 0.037943284958601 358.1451721191406
0.03908592462539673 0.03908592462539673 354.28594970703125
0.038395315408706665 0.038395315408706665 351.15771484375
0.039412759244441986 0.039412759244441986 352.7418212890625
0.03980768471956253 0.03980768471956253 352.82232666015625
0.03860795125365257 0.03860795125365257 349.3861083984375
0.037527088075876236 0.037527088075876236 346.6593017578125
0.03899213671684265 0.03899213671684265 351.0592956542969
0.04079103842377663 0.04079103842377663 348.40509033203125
0.03807822987437248 0.03807822987437248 347.93902587890625
0.04036659002304077 0.04036659002304077 345.5635070800781
0.03988547623157501 0.03988547623157501 348.17718505859375
0.0384240448474884 0.0384240448474884 347.0328674316406
0.037351567298173904 0.037351567298173904 344.06036376953125
0.036721665412187576 0.036721665412187576 343.4717712402344
0.036108508706092834 0.036108508706092834 347.8691101074219
0.03443673998117447 0.03443673998117447 342.5679626464844
0.036752909421920776 0.036752909421920776 345.8245849609375
0.03761143609881401 0.03761143609881401 345.85284423828125
0.03744417428970337 0.03744417428970337 347.0422668457031
0.03689710795879364 0.03689710795879364 342.7172546386719
0.03409416973590851 0.03409416973590851 340.41107177734375
0.03754589706659317 0.03754589706659317 344.85931396484375
0.03554418683052063 0.03554418683052063 344.61590576171875
0.03894893825054169 0.03894893825054169 344.5066223144531
0.036271706223487854 0.036271706223487854 340.2725524902344
0.03483225405216217 0.03483225405216217 340.3271179199219
0.033710941672325134 0.033710941672325134 340.64874267578125
0.035050906240940094 0.035050906240940094 343.40484619140625
0.033745527267456055 0.033745527267456055 337.2469482421875
0.03646925091743469 0.03646925091743469 343.0557861328125
0.035298265516757965 0.035298265516757965 345.46295166015625
0.03507088124752045 0.03507088124752045 338.91693115234375
0.03605833649635315 0.03605833649635315 334.6335144042969
0.036962877959012985 0.036962877959012985 340.54534912109375
0.03271523118019104 0.03271523118019104 335.3702392578125
0.03437051549553871 0.03437051549553871 344.7569885253906
0.034408487379550934 0.034408487379550934 337.6628112792969
0.03524837642908096 0.03524837642908096 336.7337646484375
0.033112067729234695 0.033112067729234695 342.60223388671875
0.03359551355242729 0.03359551355242729 332.12939453125
0.033822670578956604 0.033822670578956604 334.6561584472656
0.032625265419483185 0.032625265419483185 336.5566711425781
0.03233463317155838 0.03233463317155838 334.29705810546875
0.030921995639801025 0.030921995639801025 332.3338317871094
0.0338921919465065 0.0338921919465065 333.4844665527344
0.03248745948076248 0.03248745948076248 339.4136962890625
0.03154439851641655 0.03154439851641655 339.0740966796875
0.0305794570595026 0.0305794570595026 339.7120056152344
0.03212617337703705 0.03212617337703705 342.33306884765625
0.033205464482307434 0.033205464482307434 337.95062255859375
0.03264862298965454 0.03264862298965454 344.0921936035156
0.030574170872569084 0.030574170872569084 342.30810546875
0.031284432858228683 0.031284432858228683 335.7592468261719
0.03216904401779175 0.03216904401779175 342.6868896484375
0.029936235398054123 0.029936235398054123 336.3828125
0.030765756964683533 0.030765756964683533 337.453857421875
0.029285162687301636 0.029285162687301636 336.0347595214844
0.03033481165766716 0.03033481165766716 343.4052734375
0.030285973101854324 0.030285973101854324 341.49346923828125
0.030815113335847855 0.030815113335847855 334.00982666015625
0.031051311641931534 0.031051311641931534 345.878662109375
0.029905105009675026 0.029905105009675026 336.56500244140625
0.029999325051903725 0.029999325051903725 330.596923828125
0.028947599232196808 0.028947599232196808 337.37310791015625
0.030066631734371185 0.030066631734371185 338.4119567871094
0.030060917139053345 0.030060917139053345 336.228271484375
0.027337118983268738 0.027337118983268738 330.56439208984375
0.02991202101111412 0.02991202101111412 342.2804870605469
0.030783865600824356 0.030783865600824356 344.30126953125
0.02987564355134964 0.02987564355134964 337.728515625
0.027500972151756287 0.027500972151756287 345.7632751464844
0.029553305357694626 0.029553305357694626 347.11029052734375
0.028058666735887527 0.028058666735887527 338.8768310546875
0.02757829986512661 0.02757829986512661 341.1560363769531
0.02940162643790245 0.02940162643790245 339.931396484375
0.028826218098402023 0.028826218098402023 342.781494140625
0.02917960099875927 0.02917960099875927 343.8059387207031
0.02749411016702652 0.02749411016702652 346.8542785644531
0.028118524700403214 0.028118524700403214 349.537353515625
0.027775811031460762 0.027775811031460762 347.541748046875
0.027652161195874214 0.027652161195874214 346.596435546875
0.02713683620095253 0.02713683620095253 339.666748046875
0.02887171134352684 0.02887171134352684 342.2245178222656
0.026326075196266174 0.026326075196266174 342.885498046875
0.025958392769098282 0.025958392769098282 348.78076171875
0.027637336403131485 0.027637336403131485 342.3548583984375
0.026583220809698105 0.026583220809698105 342.6056823730469
0.026248421519994736 0.026248421519994736 344.8153381347656
0.029101375490427017 0.029101375490427017 343.6596984863281
0.02569408528506756 0.02569408528506756 345.8813171386719
0.027022764086723328 0.027022764086723328 344.16802978515625
0.02820514515042305 0.02820514515042305 347.4942626953125
0.02563207410275936 0.02563207410275936 350.4967041015625
0.024928556755185127 0.024928556755185127 352.06866455078125
0.025974884629249573 0.025974884629249573 350.92138671875
0.027911681681871414 0.027911681681871414 347.14691162109375
0.025358956307172775 0.025358956307172775 346.73931884765625
0.026582758873701096 0.026582758873701096 348.28790283203125
0.026334434747695923 0.026334434747695923 352.16571044921875
0.025247402489185333 0.025247402489185333 344.98138427734375
0.026076311245560646 0.026076311245560646 351.3982849121094
0.026127617806196213 0.026127617806196213 352.3624572753906
0.02557303197681904 0.02557303197681904 351.8144226074219
0.024112287908792496 0.024112287908792496 356.10015869140625
0.023388195782899857 0.023388195782899857 345.16766357421875
0.02459832653403282 0.02459832653403282 357.09967041015625
0.0240741316229105 0.0240741316229105 352.58697509765625
0.025092706084251404 0.025092706084251404 356.6466369628906
0.02565290965139866 0.02565290965139866 353.22943115234375
0.027238335460424423 0.027238335460424423 355.2403259277344
0.026405584067106247 0.026405584067106247 354.7843933105469
0.024752410128712654 0.024752410128712654 350.96710205078125
0.025224803015589714 0.025224803015589714 360.3022155761719
0.02445359341800213 0.02445359341800213 348.11328125
0.025751998648047447 0.025751998648047447 354.9552307128906
0.023528601974248886 0.023528601974248886 347.880615234375
0.023117540404200554 0.023117540404200554 357.34637451171875
0.023298945277929306 0.023298945277929306 353.6428527832031
0.02415822446346283 0.02415822446346283 349.27471923828125
0.02411484345793724 0.02411484345793724 351.23724365234375
0.023326314985752106 0.023326314985752106 355.24005126953125
0.022978100925683975 0.022978100925683975 346.33929443359375
0.024296462535858154 0.024296462535858154 361.1922302246094
0.02303045615553856 0.02303045615553856 356.4847412109375
0.022896884009242058 0.022896884009242058 360.3609619140625
0.02333034574985504 0.02333034574985504 359.90869140625
0.022294417023658752 0.022294417023658752 358.77117919921875
0.023016538470983505 0.023016538470983505 362.3431701660156
0.022335005924105644 0.022335005924105644 362.37420654296875
0.0232239942997694 0.0232239942997694 357.59027099609375
0.02307135984301567 0.02307135984301567 356.019287109375
0.022361813113093376 0.022361813113093376 359.1632080078125
0.023056097328662872 0.023056097328662872 356.9843444824219
0.022737614810466766 0.022737614810466766 356.8382568359375
0.023006867617368698 0.023006867617368698 361.1446228027344
0.023932987824082375 0.023932987824082375 372.2602233886719
0.02158159762620926 0.02158159762620926 363.25067138671875
0.023072559386491776 0.023072559386491776 357.44091796875
0.022580314427614212 0.022580314427614212 356.19915771484375
0.023130305111408234 0.023130305111408234 357.2408752441406
0.02214784547686577 0.02214784547686577 360.61370849609375
0.022203192114830017 0.022203192114830017 364.85064697265625
0.022686921060085297 0.022686921060085297 357.4495849609375
0.021226756274700165 0.021226756274700165 359.6135559082031
0.022930676117539406 0.022930676117539406 359.97186279296875
0.022752845659852028 0.022752845659852028 362.4446716308594
0.0210182536393404 0.0210182536393404 368.9571533203125
0.02252081409096718 0.02252081409096718 363.0844421386719
0.02238176390528679 0.02238176390528679 364.08087158203125
0.022732121869921684 0.022732121869921684 368.0946044921875
0.02105068415403366 0.02105068415403366 371.1363830566406
0.020294804126024246 0.020294804126024246 368.166015625
0.02174556255340576 0.02174556255340576 363.52874755859375
0.020825950428843498 0.020825950428843498 371.02362060546875
0.021861927583813667 0.021861927583813667 368.8665771484375
0.021025648340582848 0.021025648340582848 365.440185546875
0.021598590537905693 0.021598590537905693 372.2502136230469
0.020575478672981262 0.020575478672981262 372.51605224609375
0.021691802889108658 0.021691802889108658 371.459716796875
0.020668543875217438 0.020668543875217438 367.76898193359375
0.01985715702176094 0.01985715702176094 368.9481201171875
0.020570045337080956 0.020570045337080956 369.8175354003906
0.020533204078674316 0.020533204078674316 367.41412353515625
0.020647641271352768 0.020647641271352768 371.0240783691406
0.020121339708566666 0.020121339708566666 373.8816833496094
0.019087325781583786 0.019087325781583786 374.87799072265625
0.020501557737588882 0.020501557737588882 371.2966613769531
0.020710883662104607 0.020710883662104607 371.98187255859375
0.018936552107334137 0.018936552107334137 369.9193115234375
0.019346676766872406 0.019346676766872406 367.0362548828125
0.020029015839099884 0.020029015839099884 373.907470703125
0.020314812660217285 0.020314812660217285 375.59954833984375
0.020157162100076675 0.020157162100076675 373.9203796386719
0.020529767498373985 0.020529767498373985 375.64959716796875
0.0202347245067358 0.0202347245067358 372.3126525878906
0.01987006887793541 0.01987006887793541 373.4857482910156
0.02078045904636383 0.02078045904636383 374.5420227050781
0.018768079578876495 0.018768079578876495 373.66375732421875
0.01979617401957512 0.01979617401957512 377.07720947265625
0.020375661551952362 0.020375661551952362 381.4454650878906
0.020611943677067757 0.020611943677067757 381.31951904296875
0.019641000777482986 0.019641000777482986 376.631591796875
0.018883921205997467 0.018883921205997467 378.88555908203125
0.019523363560438156 0.019523363560438156 374.6661071777344
0.021024610847234726 0.021024610847234726 377.82257080078125
0.01892831176519394 0.01892831176519394 375.7066955566406
0.02114940993487835 0.02114940993487835 384.527587890625
0.019319968298077583 0.019319968298077583 381.68841552734375
0.019795574247837067 0.019795574247837067 379.5438232421875
0.019165541976690292 0.019165541976690292 376.06768798828125
0.019968237727880478 0.019968237727880478 374.58148193359375
0.020087014883756638 0.020087014883756638 385.26312255859375
0.01789117604494095 0.01789117604494095 382.87335205078125
0.01958148367702961 0.01958148367702961 372.77923583984375
0.019667712971568108 0.019667712971568108 383.9185791015625
0.017495600506663322 0.017495600506663322 382.3089599609375
0.019359027966856956 0.019359027966856956 382.0195007324219
0.019297439604997635 0.019297439604997635 382.5507507324219
0.018208324909210205 0.018208324909210205 378.32586669921875
0.019251957535743713 0.019251957535743713 384.008056640625
0.019484851509332657 0.019484851509332657 377.8140563964844
0.017403744161128998 0.017403744161128998 384.43115234375
0.01784374937415123 0.01784374937415123 378.5643310546875
0.018350455909967422 0.018350455909967422 383.24298095703125
0.01852952316403389 0.01852952316403389 378.8338623046875
0.017486710101366043 0.017486710101366043 381.3660888671875
0.018632646650075912 0.018632646650075912 386.4227294921875
0.018924443051218987 0.018924443051218987 381.96905517578125
0.018582046031951904 0.018582046031951904 387.6473388671875
0.01786068081855774 0.01786068081855774 387.5679931640625
0.018572542816400528 0.018572542816400528 385.313720703125
0.01849355362355709 0.01849355362355709 385.6940612792969
0.019174780696630478 0.019174780696630478 389.2633361816406
0.016609838232398033 0.016609838232398033 384.81939697265625
0.018738998100161552 0.018738998100161552 394.26983642578125
0.01795169711112976 0.01795169711112976 385.43243408203125
0.018321000039577484 0.018321000039577484 386.81402587890625
0.017492853105068207 0.017492853105068207 389.7181701660156
0.018597478047013283 0.018597478047013283 387.1527099609375
0.01905471459031105 0.01905471459031105 391.15576171875
0.016773389652371407 0.016773389652371407 386.59942626953125
0.016949564218521118 0.016949564218521118 387.1190185546875
0.016944071277976036 0.016944071277976036 392.74078369140625
0.017063183709979057 0.017063183709979057 391.9809265136719
0.018629495054483414 0.018629495054483414 399.281982421875
0.018440689891576767 0.018440689891576767 398.95904541015625
0.017691446468234062 0.017691446468234062 395.29681396484375
0.017500052228569984 0.017500052228569984 393.71343994140625
0.018054429441690445 0.018054429441690445 399.18731689453125
0.01755055971443653 0.01755055971443653 393.9324035644531
0.017430536448955536 0.017430536448955536 396.0673828125
0.018110085278749466 0.018110085278749466 395.92279052734375
0.01698184572160244 0.01698184572160244 391.71978759765625
0.017842892557382584 0.017842892557382584 397.9561767578125
0.016553692519664764 0.016553692519664764 398.3855895996094
0.017999723553657532 0.017999723553657532 392.4619140625
0.016608279198408127 0.016608279198408127 401.821533203125
0.01812933012843132 0.01812933012843132 399.1260986328125
0.0168159119784832 0.0168159119784832 393.94622802734375
0.015619844198226929 0.015619844198226929 405.283447265625
0.015935145318508148 0.015935145318508148 388.26788330078125
0.017380058765411377 0.017380058765411377 396.004638671875
0.017490006983280182 0.017490006983280182 390.87567138671875
0.017514623701572418 0.017514623701572418 397.28125
0.016151435673236847 0.016151435673236847 395.423583984375
0.016385871917009354 0.016385871917009354 395.5491943359375
0.016014616936445236 0.016014616936445236 394.4084777832031
0.017415404319763184 0.017415404319763184 394.8470458984375
0.01608695089817047 0.01608695089817047 398.5099182128906
0.016290728002786636 0.016290728002786636 396.1893005371094
0.016376003623008728 0.016376003623008728 397.7970275878906
0.017601212486624718 0.017601212486624718 394.8382568359375
0.01726916804909706 0.01726916804909706 396.438232421875
0.018452264368534088 0.018452264368534088 401.1219177246094
0.016923341900110245 0.016923341900110245 398.3274841308594
0.016083985567092896 0.016083985567092896 403.27587890625
0.016124527901411057 0.016124527901411057 391.949951171875
0.016442153602838516 0.016442153602838516 398.3338623046875
0.015457197092473507 0.015457197092473507 399.7791442871094
0.016686582937836647 0.016686582937836647 408.4242248535156
0.016221368685364723 0.016221368685364723 401.927734375
0.016154857352375984 0.016154857352375984 399.03521728515625
0.01553595345467329 0.01553595345467329 396.75390625
0.015976285561919212 0.015976285561919212 406.50347900390625
0.016139943152666092 0.016139943152666092 404.2759704589844
0.014996686019003391 0.014996686019003391 399.97711181640625
0.01650696061551571 0.01650696061551571 399.4736328125
0.01611233502626419 0.01611233502626419 401.80010986328125
0.015606521628797054 0.015606521628797054 403.22430419921875
0.014791486784815788 0.014791486784815788 402.30108642578125
0.01561533473432064 0.01561533473432064 402.1800537109375
0.015551155433058739 0.015551155433058739 407.51165771484375
0.015583240427076817 0.015583240427076817 402.6651611328125
0.015335779637098312 0.015335779637098312 399.68603515625
0.0154285728931427 0.0154285728931427 406.2696533203125
0.016935106366872787 0.016935106366872787 408.60162353515625
0.01608922705054283 0.01608922705054283 410.49505615234375
0.016099166125059128 0.016099166125059128 402.43133544921875
0.015247073024511337 0.015247073024511337 413.90374755859375
0.014824316836893559 0.014824316836893559 407.102294921875
0.015494387596845627 0.015494387596845627 408.4107666015625
0.016491413116455078 0.016491413116455078 397.5446472167969
0.015506846830248833 0.015506846830248833 412.07861328125
0.015332834795117378 0.015332834795117378 406.462158203125
0.01577022857964039 0.01577022857964039 408.2861022949219
0.015209049917757511 0.015209049917757511 403.1024169921875
0.015938229858875275 0.015938229858875275 409.06011962890625
0.014928766526281834 0.014928766526281834 407.00506591796875
0.01597175933420658 0.01597175933420658 417.77020263671875
0.016575772315263748 0.016575772315263748 412.3851318359375
0.01580740138888359 0.01580740138888359 408.7253112792969
0.016223547980189323 0.016223547980189323 403.4161071777344
0.0148248840123415 0.0148248840123415 410.581298828125
0.016446217894554138 0.016446217894554138 413.56988525390625
0.015298056416213512 0.015298056416213512 411.66180419921875
0.016185063868761063 0.016185063868761063 404.9909362792969
0.01663537137210369 0.01663537137210369 404.9146423339844
0.01544029451906681 0.01544029451906681 417.09710693359375
0.015474742278456688 0.015474742278456688 412.1683349609375
0.014345519244670868 0.014345519244670868 411.8914794921875
0.01604955829679966 0.01604955829679966 404.68646240234375
0.014661602675914764 0.014661602675914764 414.19647216796875
0.014683354645967484 0.014683354645967484 415.1240234375
0.014562252908945084 0.014562252908945084 409.0792236328125
0.014581320807337761 0.014581320807337761 404.823486328125
0.013981932774186134 0.013981932774186134 407.50628662109375
0.014959397725760937 0.014959397725760937 409.1749267578125
0.014264615252614021 0.014264615252614021 413.22039794921875
0.014688517898321152 0.014688517898321152 412.4852294921875
0.014630395919084549 0.014630395919084549 408.6998596191406
0.01540130004286766 0.01540130004286766 410.4566650390625
0.014104003086686134 0.014104003086686134 417.26287841796875
0.015817448496818542 0.015817448496818542 408.5765380859375
0.014568071812391281 0.014568071812391281 412.5364990234375
0.014378857798874378 0.014378857798874378 409.11578369140625
0.014843729324638844 0.014843729324638844 411.7957763671875
0.014621670357882977 0.014621670357882977 418.65289306640625
0.013978053815662861 0.013978053815662861 417.060546875
0.015078384429216385 0.015078384429216385 412.95782470703125
0.013575858436524868 0.013575858436524868 412.9674072265625
0.014557029120624065 0.014557029120624065 411.32855224609375
0.014343876391649246 0.014343876391649246 407.2617492675781
0.014827674254775047 0.014827674254775047 415.7419128417969
0.01363852247595787 0.01363852247595787 416.42071533203125
0.014897402375936508 0.014897402375936508 412.55615234375
0.015219531022012234 0.015219531022012234 414.6392822265625
0.01337084174156189 0.01337084174156189 419.93609619140625
0.014025423675775528 0.014025423675775528 416.0838623046875
0.01357685774564743 0.01357685774564743 421.05389404296875
0.014488300308585167 0.014488300308585167 416.01678466796875
0.01388699933886528 0.01388699933886528 417.36956787109375
0.015120960772037506 0.015120960772037506 413.14923095703125
0.013705570250749588 0.013705570250749588 412.91461181640625
0.01387006789445877 0.01387006789445877 427.25042724609375
0.013758018612861633 0.013758018612861633 411.73284912109375
0.01447079423815012 0.01447079423815012 418.87225341796875
0.012944933958351612 0.012944933958351612 417.38372802734375
0.01438373327255249 0.01438373327255249 420.0069580078125
0.013675278052687645 0.013675278052687645 410.9684753417969
0.01478289533406496 0.01478289533406496 411.6212158203125
0.0144070815294981 0.0144070815294981 420.32318115234375
0.01369109284132719 0.01369109284132719 416.27593994140625
0.013031846843659878 0.013031846843659878 418.79278564453125
0.012893577106297016 0.012893577106297016 413.6783142089844
0.013016952201724052 0.013016952201724052 412.07427978515625
0.013047638349235058 0.013047638349235058 421.20538330078125
0.013436065055429935 0.013436065055429935 418.29290771484375
0.013863442465662956 0.013863442465662956 420.75933837890625
0.01378109585493803 0.01378109585493803 422.44354248046875
0.013724975287914276 0.013724975287914276 424.22515869140625
0.013557159341871738 0.013557159341871738 421.069580078125
0.01300210040062666 0.01300210040062666 421.5064392089844
0.014113720506429672 0.014113720506429672 427.2679443359375
0.013449432328343391 0.013449432328343391 422.4435119628906
0.013033820316195488 0.013033820316195488 416.6412658691406
0.014320939779281616 0.014320939779281616 420.07305908203125
0.01369642373174429 0.01369642373174429 423.0670166015625
0.014295423403382301 0.014295423403382301 419.85443115234375
0.013021414168179035 0.013021414168179035 425.30352783203125
0.013156034052371979 0.013156034052371979 422.13873291015625
0.013302979990839958 0.013302979990839958 418.28460693359375
0.013092298060655594 0.013092298060655594 420.624267578125
0.0132802315056324 0.0132802315056324 422.81353759765625
0.013199467211961746 0.013199467211961746 419.57232666015625
0.01455855742096901 0.01455855742096901 422.0887756347656
0.012305807322263718 0.012305807322263718 428.82830810546875
0.012806916609406471 0.012806916609406471 428.45941162109375
0.013443157076835632 0.013443157076835632 428.21075439453125
0.01308993250131607 0.01308993250131607 420.9466247558594
0.01230672001838684 0.01230672001838684 419.1539306640625
0.013080722652375698 0.013080722652375698 426.2912902832031
0.013386566191911697 0.013386566191911697 424.4007873535156
0.01328729186207056 0.01328729186207056 422.75738525390625
0.011740026995539665 0.011740026995539665 425.3548889160156
0.013709450140595436 0.013709450140595436 421.1930847167969
0.012974120676517487 0.012974120676517487 430.50927734375
0.01211644522845745 0.01211644522845745 428.532470703125
0.01345890387892723 0.01345890387892723 417.7799072265625
0.012489150278270245 0.012489150278270245 428.0594177246094
0.01221579872071743 0.01221579872071743 424.02008056640625
0.012739621102809906 0.012739621102809906 424.66802978515625
0.012291783466935158 0.012291783466935158 420.4080810546875
0.013041859492659569 0.013041859492659569 419.9218444824219
0.012250491417944431 0.012250491417944431 423.1240234375
0.012738940306007862 0.012738940306007862 429.53802490234375
0.012875491753220558 0.012875491753220558 424.4521484375
0.01250060461461544 0.01250060461461544 427.9037780761719
0.011996793560683727 0.011996793560683727 425.9888916015625
0.013110635802149773 0.013110635802149773 421.7012939453125
0.013318200595676899 0.013318200595676899 424.62103271484375
0.012022064998745918 0.012022064998745918 436.1222229003906
0.012758116237819195 0.012758116237819195 432.450927734375
0.01207812037318945 0.01207812037318945 429.1048889160156
0.011494625359773636 0.011494625359773636 421.82025146484375
0.011764038354158401 0.011764038354158401 434.2289123535156
0.011988358572125435 0.011988358572125435 428.29180908203125
0.012230277061462402 0.012230277061462402 430.23065185546875
0.013100866228342056 0.013100866228342056 422.67572021484375
0.012623438611626625 0.012623438611626625 431.67877197265625
0.012181607075035572 0.012181607075035572 434.98712158203125
0.01329717505723238 0.01329717505723238 435.7585754394531
0.012242286466062069 0.012242286466062069 429.39306640625
0.012676233425736427 0.012676233425736427 423.78106689453125
0.012681514956057072 0.012681514956057072 433.280517578125
0.012246999889612198 0.012246999889612198 429.78509521484375
0.012468162924051285 0.012468162924051285 434.07452392578125
0.012223193421959877 0.012223193421959877 430.48712158203125
0.012276269495487213 0.012276269495487213 435.80029296875
0.011951230466365814 0.011951230466365814 433.1355895996094
0.012528862804174423 0.012528862804174423 427.872314453125
0.013298626989126205 0.013298626989126205 426.909912109375
0.011913767084479332 0.011913767084479332 430.076904296875
0.01292115356773138 0.01292115356773138 432.5443420410156
0.012470548041164875 0.012470548041164875 428.4393310546875
0.011725779622793198 0.011725779622793198 428.0950622558594
0.012629684992134571 0.012629684992134571 435.608642578125
0.011792434379458427 0.011792434379458427 435.8544616699219
0.012475419789552689 0.012475419789552689 428.8972473144531
0.011754553765058517 0.011754553765058517 435.6999206542969
0.012774329632520676 0.012774329632520676 433.1236267089844
0.011432847008109093 0.011432847008109093 437.4945373535156
0.01158998440951109 0.01158998440951109 426.9754943847656
0.012536665424704552 0.012536665424704552 436.41278076171875
0.011886289343237877 0.011886289343237877 435.5704650878906
0.011862605810165405 0.011862605810165405 430.0184326171875
0.011571688577532768 0.011571688577532768 432.2642822265625
0.011252817697823048 0.011252817697823048 433.4450378417969
0.011870305985212326 0.011870305985212326 436.6958923339844
0.012809952720999718 0.012809952720999718 438.201904296875
0.011997186578810215 0.011997186578810215 436.33929443359375
0.01159154437482357 0.01159154437482357 433.6287841796875
0.012042595073580742 0.012042595073580742 426.9369812011719
0.011518643237650394 0.011518643237650394 435.0096740722656
0.011814313940703869 0.011814313940703869 435.9647216796875
0.011399518698453903 0.011399518698453903 433.41156005859375
0.011480039916932583 0.011480039916932583 433.5320129394531
0.012128129601478577 0.012128129601478577 435.7747802734375
0.011603559367358685 0.011603559367358685 438.6866455078125
0.012358704581856728 0.012358704581856728 427.2784423828125
0.012026620097458363 0.012026620097458363 434.23394775390625
0.012033089064061642 0.012033089064061642 429.87152099609375
0.01175317820161581 0.01175317820161581 438.0184631347656
0.011502794921398163 0.011502794921398163 437.202880859375
0.012405559420585632 0.012405559420585632 428.6403503417969
0.012003885582089424 0.012003885582089424 437.9584655761719
0.01121656782925129 0.01121656782925129 431.0424499511719
0.011573515832424164 0.011573515832424164 439.7043762207031
0.012647916562855244 0.012647916562855244 434.9752197265625
0.01117087621241808 0.01117087621241808 440.1431884765625
0.011449712328612804 0.011449712328612804 441.9422607421875
0.011977123096585274 0.011977123096585274 438.3358154296875
0.011232249438762665 0.011232249438762665 439.8590087890625
0.011089617386460304 0.011089617386460304 442.2198791503906
0.01107690017670393 0.01107690017670393 437.41851806640625
0.011611992493271828 0.011611992493271828 441.32452392578125
0.011290478520095348 0.011290478520095348 442.4107360839844
0.011103595606982708 0.011103595606982708 437.5836181640625
0.011663265526294708 0.011663265526294708 444.1153869628906
0.011653255671262741 0.011653255671262741 437.1141357421875
0.011511551216244698 0.011511551216244698 446.3732604980469
0.011492745950818062 0.011492745950818062 440.4610290527344
0.011586199514567852 0.011586199514567852 436.16424560546875
0.010824767872691154 0.010824767872691154 440.67645263671875
0.011982889845967293 0.011982889845967293 439.87115478515625
0.011871030554175377 0.011871030554175377 433.5715637207031
0.01143297553062439 0.01143297553062439 438.9961242675781
0.011670581996440887 0.011670581996440887 431.4923095703125
0.011456867679953575 0.011456867679953575 443.47137451171875
0.011509079486131668 0.011509079486131668 439.60992431640625
0.011577114462852478 0.011577114462852478 441.6086730957031
0.011382204480469227 0.011382204480469227 439.6121826171875
0.01175847090780735 0.01175847090780735 444.578369140625
0.010644102469086647 0.010644102469086647 439.1947326660156
0.011587508022785187 0.011587508022785187 439.9031982421875
0.011320536024868488 0.011320536024868488 445.56341552734375
0.012381361797451973 0.012381361797451973 441.79150390625
0.010964036919176579 0.010964036919176579 441.53997802734375
0.010314962826669216 0.010314962826669216 436.41973876953125
0.010669993236660957 0.010669993236660957 443.39337158203125
0.010807614773511887 0.010807614773511887 435.12359619140625
0.011583653278648853 0.011583653278648853 442.717041015625
0.010086463764309883 0.010086463764309883 445.91632080078125
0.011039620265364647 0.011039620265364647 445.59698486328125
0.011663383804261684 0.011663383804261684 440.61846923828125
0.010389093309640884 0.010389093309640884 436.6551513671875
0.010825267061591148 0.010825267061591148 439.3564453125
0.011022834107279778 0.011022834107279778 439.5874328613281
0.011102713644504547 0.011102713644504547 437.894775390625
0.010632477700710297 0.010632477700710297 441.1506652832031
0.011430072598159313 0.011430072598159313 446.0677795410156
0.01137449685484171 0.01137449685484171 444.55645751953125
0.011410804465413094 0.011410804465413094 446.16552734375
0.011495348066091537 0.011495348066091537 445.45123291015625
0.01086330320686102 0.01086330320686102 445.8660888671875
0.010922020301222801 0.010922020301222801 445.6977233886719
0.011337567120790482 0.011337567120790482 440.7331237792969
0.010540340095758438 0.010540340095758438 446.22381591796875
0.010098198428750038 0.010098198428750038 448.62127685546875
0.010495178401470184 0.010495178401470184 443.3211669921875
0.011448578909039497 0.011448578909039497 450.2064514160156
0.010642802342772484 0.010642802342772484 447.1766357421875
0.01050679199397564 0.01050679199397564 446.82916259765625
0.01137617975473404 0.01137617975473404 436.7404479980469
0.0105349812656641 0.0105349812656641 450.683349609375
0.010332606732845306 0.010332606732845306 440.785400390625
0.01055237092077732 0.01055237092077732 450.28497314453125
0.009993694722652435 0.009993694722652435 445.8938903808594
0.010929700918495655 0.010929700918495655 435.19854736328125
0.01117665134370327 0.01117665134370327 446.06927490234375
0.010351412929594517 0.010351412929594517 452.6920166015625
0.010022463276982307 0.010022463276982307 447.7449951171875
0.010525502264499664 0.010525502264499664 451.7925109863281
0.010820895433425903 0.010820895433425903 442.10662841796875
0.010439423844218254 0.010439423844218254 444.6334228515625
0.010830113664269447 0.010830113664269447 452.65899658203125
0.010763676837086678 0.010763676837086678 452.10986328125
0.01001659408211708 0.01001659408211708 442.615478515625
0.010614700615406036 0.010614700615406036 450.9729309082031
0.011304875835776329 0.011304875835776329 445.370361328125
0.010985623113811016 0.010985623113811016 450.0604248046875
0.010227536782622337 0.010227536782622337 455.0766906738281
0.01104363240301609 0.01104363240301609 451.62237548828125
0.01097664050757885 0.01097664050757885 451.83642578125
0.009751853533089161 0.009751853533089161 451.0343017578125
0.00969220045953989 0.00969220045953989 454.0237121582031
0.010217518545687199 0.010217518545687199 449.861572265625
0.01132248155772686 0.01132248155772686 448.97210693359375
0.010465064086019993 0.010465064086019993 447.83892822265625
0.010692753829061985 0.010692753829061985 465.16546630859375
0.009662535041570663 0.009662535041570663 452.02545166015625
0.010180430486798286 0.010180430486798286 445.629150390625
0.010929374024271965 0.010929374024271965 452.19464111328125
0.010062349028885365 0.010062349028885365 452.9956359863281
0.010065529495477676 0.010065529495477676 451.97796630859375
0.010407740250229836 0.010407740250229836 445.565185546875
0.009923093020915985 0.009923093020915985 456.3846130371094
0.00976471696048975 0.00976471696048975 449.1472473144531
0.009768877178430557 0.009768877178430557 451.7677001953125
0.010160084813833237 0.010160084813833237 456.0157165527344
0.009599645622074604 0.009599645622074604 447.88970947265625
0.009972828440368176 0.009972828440368176 446.71832275390625
0.010106672532856464 0.010106672532856464 450.53277587890625
0.010150247253477573 0.010150247253477573 449.4304504394531
0.00996981468051672 0.00996981468051672 443.8244323730469
0.0097738616168499 0.0097738616168499 444.13104248046875
0.011073676869273186 0.011073676869273186 447.965576171875
0.011097099632024765 0.011097099632024765 446.57220458984375
0.009959414601325989 0.009959414601325989 444.8685607910156
0.009573999792337418 0.009573999792337418 445.3831481933594
0.009899231605231762 0.009899231605231762 453.2007751464844
0.009932350367307663 0.009932350367307663 446.906494140625
0.010473622009158134 0.010473622009158134 451.8750305175781
0.009843730367720127 0.009843730367720127 454.69488525390625
0.009409494698047638 0.009409494698047638 447.58428955078125
0.009425089694559574 0.009425089694559574 453.2121276855469
0.010560402646660805 0.010560402646660805 451.6435852050781
0.00970181543380022 0.00970181543380022 456.597412109375
0.00989946536719799 0.00989946536719799 449.031005859375
0.009630806744098663 0.009630806744098663 453.03314208984375
0.01034361682832241 0.01034361682832241 460.676513671875
0.010012423619627953 0.010012423619627953 448.0931701660156
0.009596841409802437 0.009596841409802437 457.7196960449219
0.009799879044294357 0.009799879044294357 452.8025817871094
0.009658068418502808 0.009658068418502808 457.7800598144531
0.009110769256949425 0.009110769256949425 452.7361145019531
0.009628233499825 0.009628233499825 445.886962890625
0.009803326800465584 0.009803326800465584 460.104736328125
0.010209789499640465 0.010209789499640465 457.33233642578125
0.010350598022341728 0.010350598022341728 456.13433837890625
0.009653491899371147 0.009653491899371147 447.08612060546875
0.009004069492220879 0.009004069492220879 460.1331481933594
0.010135054588317871 0.010135054588317871 461.64617919921875
0.009488128125667572 0.009488128125667572 449.53753662109375
0.009483634494245052 0.009483634494245052 452.72796630859375
0.010014615021646023 0.010014615021646023 457.8202209472656
0.009422496892511845 0.009422496892511845 457.4035949707031
0.009882492944598198 0.009882492944598198 450.9815979003906
0.009137952700257301 0.009137952700257301 457.98675537109375
0.009897766634821892 0.009897766634821892 454.29095458984375
0.009511088952422142 0.009511088952422142 450.547119140625
0.010229373350739479 0.010229373350739479 452.9617004394531
0.008532191626727581 0.008532191626727581 452.1356201171875
0.008627870120108128 0.008627870120108128 461.31378173828125
0.009041491895914078 0.009041491895914078 456.5521545410156
0.009299528785049915 0.009299528785049915 456.28167724609375
0.009909315034747124 0.009909315034747124 457.0713195800781
0.009021888487040997 0.009021888487040997 455.789306640625
0.01010819897055626 0.01010819897055626 457.18011474609375
0.008599335327744484 0.008599335327744484 458.57183837890625
0.010167557746171951 0.010167557746171951 452.4919128417969
0.008993561379611492 0.008993561379611492 457.7118225097656
0.009181485511362553 0.009181485511362553 453.7253723144531
0.009346780367195606 0.009346780367195606 452.4272155761719
0.009653039276599884 0.009653039276599884 466.180419921875
0.009397587738931179 0.009397587738931179 452.5267639160156
0.010014169849455357 0.010014169849455357 459.55712890625
0.009165262803435326 0.009165262803435326 452.7547912597656
0.009423913434147835 0.009423913434147835 457.3179626464844
0.008878910914063454 0.008878910914063454 457.25103759765625
0.00915156863629818 0.00915156863629818 458.01275634765625
0.009385859593749046 0.009385859593749046 464.3078918457031
0.008882647380232811 0.008882647380232811 454.58966064453125
0.009821105748414993 0.009821105748414993 455.6728515625
0.009943895973265171 0.009943895973265171 460.75
0.009424017742276192 0.009424017742276192 454.264404296875
0.010267416946589947 0.010267416946589947 456.8075256347656
0.010050896555185318 0.010050896555185318 465.2635498046875
0.008473990485072136 0.008473990485072136 458.2411804199219
0.009367117658257484 0.009367117658257484 460.2288513183594
0.009153172373771667 0.009153172373771667 454.8209228515625
0.009241512045264244 0.009241512045264244 461.8326416015625
0.00968846119940281 0.00968846119940281 457.2999572753906
0.009219743311405182 0.009219743311405182 462.00537109375
0.00859193317592144 0.00859193317592144 458.15380859375
0.009961082600057125 0.009961082600057125 455.9222717285156
0.008809065446257591 0.008809065446257591 456.3545227050781
0.008544192649424076 0.008544192649424076 457.3619079589844
0.008954513818025589 0.008954513818025589 456.01031494140625
0.009389426559209824 0.009389426559209824 463.08807373046875
0.008828651160001755 0.008828651160001755 456.6573486328125
0.009529700502753258 0.009529700502753258 462.22064208984375
0.008653376251459122 0.008653376251459122 461.53961181640625
0.00914106983691454 0.00914106983691454 464.76336669921875
0.008415739051997662 0.008415739051997662 459.18951416015625
0.009035110473632812 0.009035110473632812 459.5101318359375
0.008740510791540146 0.008740510791540146 449.73992919921875
0.009441623464226723 0.009441623464226723 461.9305114746094
0.008763600140810013 0.008763600140810013 457.1243896484375
0.00876256451010704 0.00876256451010704 464.35186767578125
0.008579013869166374 0.008579013869166374 460.36834716796875
0.008763611316680908 0.008763611316680908 458.1344909667969
0.009237227961421013 0.009237227961421013 459.9021911621094
0.00934651494026184 0.00934651494026184 455.4048767089844
0.009038764983415604 0.009038764983415604 468.3679504394531
0.008325953967869282 0.008325953967869282 462.13934326171875
0.008482223376631737 0.008482223376631737 459.1026306152344
0.010062293149530888 0.010062293149530888 457.9992370605469
0.008222995325922966 0.008222995325922966 464.6688232421875
0.008795365691184998 0.008795365691184998 467.11309814453125
0.009309917688369751 0.009309917688369751 459.85205078125
0.008815196342766285 0.008815196342766285 461.169677734375
0.00966295599937439 0.00966295599937439 458.63641357421875
0.0089410450309515 0.0089410450309515 463.8882751464844
0.008556551299989223 0.008556551299989223 456.5936279296875
0.009159065783023834 0.009159065783023834 463.84857177734375
0.009520365856587887 0.009520365856587887 461.8270263671875
0.009990710765123367 0.009990710765123367 464.13775634765625
0.008782357908785343 0.008782357908785343 454.03619384765625
0.00830866303294897 0.00830866303294897 465.90087890625
0.008111159317195415 0.008111159317195415 462.1294860839844
0.008423801511526108 0.008423801511526108 466.3294372558594
0.008426503278315067 0.008426503278315067 464.33673095703125
0.008661137893795967 0.008661137893795967 463.29302978515625
0.00855221040546894 0.00855221040546894 459.3354797363281
0.008548797108232975 0.008548797108232975 459.3951416015625
0.009382229298353195 0.009382229298353195 466.7242431640625
0.008532727137207985 0.008532727137207985 464.38067626953125
0.008502213284373283 0.008502213284373283 465.65625
0.008404416963458061 0.008404416963458061 464.9772033691406
0.009229190647602081 0.009229190647602081 465.7178955078125
0.008732931688427925 0.008732931688427925 455.56732177734375
0.00817744992673397 0.00817744992673397 459.880615234375
0.008928339928388596 0.008928339928388596 465.7486267089844
0.00851809699088335 0.00851809699088335 465.31036376953125
0.00970974937081337 0.00970974937081337 465.38525390625
0.00813598558306694 0.00813598558306694 466.61651611328125
0.008081628009676933 0.008081628009676933 469.8724060058594
0.008295774459838867 0.008295774459838867 468.76434326171875
0.008683908730745316 0.008683908730745316 467.9939270019531
0.007959513925015926 0.007959513925015926 466.8846435546875
0.008912947028875351 0.008912947028875351 466.5084228515625
0.009120563976466656 0.009120563976466656 468.96343994140625
0.009137967601418495 0.009137967601418495 460.2040100097656
0.008273126557469368 0.008273126557469368 464.6893615722656
0.009063362143933773 0.009063362143933773 468.11041259765625
0.008417784236371517 0.008417784236371517 471.87542724609375
0.008295157924294472 0.008295157924294472 459.69091796875
0.008867902681231499 0.008867902681231499 471.51727294921875
0.008846968412399292 0.008846968412399292 460.4703369140625
0.00876287929713726 0.00876287929713726 465.17767333984375
0.008525068871676922 0.008525068871676922 467.67626953125
0.008903824724256992 0.008903824724256992 465.9365234375
0.008650219067931175 0.008650219067931175 463.54486083984375
0.008714668452739716 0.008714668452739716 470.82403564453125
0.008607825264334679 0.008607825264334679 467.9772033691406
0.008229972794651985 0.008229972794651985 464.5574645996094
0.008282388560473919 0.008282388560473919 465.389892578125
0.008411848917603493 0.008411848917603493 466.0186767578125
0.00921942014247179 0.00921942014247179 466.3092346191406
0.008998695760965347 0.008998695760965347 463.0482177734375
0.008267415687441826 0.008267415687441826 469.7783203125
0.008900804445147514 0.008900804445147514 469.0342102050781
0.00860966369509697 0.00860966369509697 470.7738037109375
0.008871352300047874 0.008871352300047874 460.939453125
0.007906364277005196 0.007906364277005196 472.1360168457031
0.008650992065668106 0.008650992065668106 464.064208984375
0.008517934009432793 0.008517934009432793 465.694091796875
0.00897177867591381 0.00897177867591381 464.775634765625
0.007837940007448196 0.007837940007448196 461.82073974609375
0.008877165615558624 0.008877165615558624 467.32904052734375
0.008731573820114136 0.008731573820114136 475.60784912109375
0.00885480735450983 0.00885480735450983 468.47613525390625
0.008633986115455627 0.008633986115455627 464.84381103515625
0.008562155067920685 0.008562155067920685 469.5007019042969
0.008240479975938797 0.008240479975938797 461.2032165527344
0.008843819610774517 0.008843819610774517 468.04132080078125
0.008662731386721134 0.008662731386721134 466.85919189453125
0.008136868476867676 0.008136868476867676 467.80712890625
0.007720712572336197 0.007720712572336197 464.89935302734375
0.008266299031674862 0.008266299031674862 472.2968444824219
0.007759095169603825 0.007759095169603825 470.19354248046875
0.009457005187869072 0.009457005187869072 467.47802734375
0.008303996175527573 0.008303996175527573 467.5797424316406
0.009027497842907906 0.009027497842907906 467.46435546875
0.008058866485953331 0.008058866485953331 468.6808166503906
0.008388050831854343 0.008388050831854343 467.1541442871094
0.009567003697156906 0.009567003697156906 467.5023193359375
0.008033175952732563 0.008033175952732563 469.07647705078125
0.00839896872639656 0.00839896872639656 470.6904602050781
0.007789737544953823 0.007789737544953823 468.56390380859375
0.008315293118357658 0.008315293118357658 472.112060546875
0.008765999227762222 0.008765999227762222 466.2445068359375
0.0079237911850214 0.0079237911850214 470.61553955078125
0.007921147160232067 0.007921147160232067 472.05645751953125
0.008365562185645103 0.008365562185645103 469.17047119140625
0.0082895178347826 0.0082895178347826 471.6477355957031
0.008064942434430122 0.008064942434430122 470.2872314453125
0.008418664336204529 0.008418664336204529 480.7142639160156
0.008047418668866158 0.008047418668866158 466.0262145996094
0.007854605093598366 0.007854605093598366 462.6430358886719
0.00881336722522974 0.00881336722522974 475.3148498535156
0.00773249939084053 0.00773249939084053 474.0805969238281
0.007497488986700773 0.007497488986700773 473.2603759765625
0.007640575058758259 0.007640575058758259 477.4457702636719
0.007913926616311073 0.007913926616311073 471.7153015136719
0.008775752037763596 0.008775752037763596 472.90728759765625
0.007785111665725708 0.007785111665725708 473.247802734375
0.007571598514914513 0.007571598514914513 468.2484436035156
0.007570626214146614 0.007570626214146614 474.4554443359375
0.009057560935616493 0.009057560935616493 477.44927978515625
0.007908878847956657 0.007908878847956657 467.8289794921875
0.009242238476872444 0.009242238476872444 471.60888671875
0.008197891525924206 0.008197891525924206 468.3983459472656
0.008173657581210136 0.008173657581210136 468.56024169921875
0.008453660644590855 0.008453660644590855 475.9287109375
0.00812174566090107 0.00812174566090107 476.70843505859375
0.007817172445356846 0.007817172445356846 475.86981201171875
0.008697508834302425 0.008697508834302425 471.0987854003906
0.007874131202697754 0.007874131202697754 479.496337890625
0.0072801727801561356 0.0072801727801561356 474.3554992675781
0.00779544236138463 0.00779544236138463 473.9929504394531
0.008459934033453465 0.008459934033453465 469.65673828125
0.008295643143355846 0.008295643143355846 474.09417724609375
0.00825522094964981 0.00825522094964981 467.6959533691406
0.007883774116635323 0.007883774116635323 467.63470458984375
0.007650007493793964 0.007650007493793964 462.78668212890625
0.007709491066634655 0.007709491066634655 469.1824645996094
0.007586561143398285 0.007586561143398285 472.2056884765625
0.008108910173177719 0.008108910173177719 474.45196533203125
0.00760630751028657 0.00760630751028657 472.330322265625
0.007645058445632458 0.007645058445632458 466.10693359375
0.0074408333748579025 0.0074408333748579025 466.80889892578125
0.007851981557905674 0.007851981557905674 475.84930419921875
0.008331209421157837 0.008331209421157837 478.9892578125
0.00769773731008172 0.00769773731008172 468.3710632324219
0.008197502233088017 0.008197502233088017 482.0727844238281
0.0068726004101336 0.0068726004101336 476.75146484375
0.007976049557328224 0.007976049557328224 470.8631286621094
0.007666504010558128 0.007666504010558128 477.53564453125
0.008185429498553276 0.008185429498553276 477.067626953125
0.007524636574089527 0.007524636574089527 475.2972412109375
0.008555998094379902 0.008555998094379902 473.5119323730469
0.008519756607711315 0.008519756607711315 471.8883056640625
0.008347518742084503 0.008347518742084503 471.51446533203125
0.007582040503621101 0.007582040503621101 469.99017333984375
0.008261919021606445 0.008261919021606445 463.41644287109375
0.007355047389864922 0.007355047389864922 470.3876647949219
0.007524517364799976 0.007524517364799976 471.95989990234375
0.009018261916935444 0.009018261916935444 479.66046142578125
0.007559618912637234 0.007559618912637234 474.9603576660156
0.007614798843860626 0.007614798843860626 474.4444274902344
0.00805412046611309 0.00805412046611309 478.5521545410156
0.008721994236111641 0.008721994236111641 472.09332275390625
0.007121553644537926 0.007121553644537926 473.64605712890625
0.00730376411229372 0.00730376411229372 476.776123046875
0.00783540215343237 0.00783540215343237 473.8316650390625
0.006880135741084814 0.006880135741084814 473.2137145996094
0.00827423483133316 0.00827423483133316 472.376708984375
0.007147769443690777 0.007147769443690777 474.43902587890625
0.007955668494105339 0.007955668494105339 473.72564697265625
0.0079716881737113 0.0079716881737113 474.33441162109375
0.006799236871302128 0.006799236871302128 474.2579345703125
0.007066975347697735 0.007066975347697735 479.7959289550781
0.007578458171337843 0.007578458171337843 476.20001220703125
0.007369367405772209 0.007369367405772209 478.80340576171875
0.00783536210656166 0.00783536210656166 473.8860168457031
0.007564750500023365 0.007564750500023365 475.2049560546875
0.007469813339412212 0.007469813339412212 478.4151611328125
0.008157802745699883 0.008157802745699883 471.2908935546875
0.006764061748981476 0.006764061748981476 476.5946044921875
0.007700424641370773 0.007700424641370773 475.5054016113281
0.0072073787450790405 0.0072073787450790405 479.81585693359375
0.00784668792039156 0.00784668792039156 474.31365966796875
0.007576484698802233 0.007576484698802233 478.61871337890625
0.007682824041694403 0.007682824041694403 473.55657958984375
0.007231115363538265 0.007231115363538265 479.3111572265625
0.007935130968689919 0.007935130968689919 480.95941162109375
0.007676750421524048 0.007676750421524048 470.98260498046875
