0.1787792146205902 0.17274564504623413 1.2067152261734009
0.17418862879276276 0.1692679077386856 0.9841446876525879
0.16295430064201355 0.15912176668643951 0.7665072679519653
0.15555113554000854 0.15186277031898499 0.7376726865768433
0.1527213603258133 0.1493164598941803 0.6809794902801514
0.14493811130523682 0.14142321050167084 0.7029807567596436
0.1384129524230957 0.13437028229236603 0.8085328340530396
0.13859248161315918 0.13512514531612396 0.6934672594070435
0.12919312715530396 0.12496840208768845 0.8449447751045227
0.13326121866703033 0.12845991551876068 0.9602605104446411
0.12707175314426422 0.12206903100013733 1.0005440711975098
0.1278323233127594 0.12212312966585159 1.1418395042419434
0.12062893807888031 0.11505194008350372 1.1153998374938965
0.11953113973140717 0.11364352703094482 1.1775232553482056
0.11827972531318665 0.11201202869415283 1.2535388469696045
0.11905170977115631 0.11354310065507889 1.1017224788665771
0.10850217193365097 0.10286647081375122 1.1271405220031738
0.11484536528587341 0.10947681963443756 1.0737087726593018
0.11233947426080704 0.10671193897724152 1.12550687789917
0.10681446641683578 0.10149694979190826 1.0635039806365967
0.10585012286901474 0.09990035742521286 1.1899526119232178
0.10378069430589676 0.09804585576057434 1.1469671726226807
0.10298603028059006 0.09698045253753662 1.201115608215332
0.09797614067792892 0.09245893359184265 1.1034414768218994
0.09873290359973907 0.0924052745103836 1.2655253410339355
0.09703367203474045 0.09066227823495865 1.2742791175842285
0.095819391310215 0.08997021615505219 1.1698343753814697
0.09243028610944748 0.08618861436843872 1.2483350038528442
0.0935610830783844 0.08676393330097198 1.3594305515289307
0.09218976646661758 0.08612561225891113 1.2128310203552246
0.0885842964053154 0.08278307318687439 1.160244345664978
0.0876159593462944 0.08192770183086395 1.1376519203186035
0.08866232633590698 0.08288898319005966 1.154668927192688
0.0881311371922493 0.08242875337600708 1.1404762268066406
0.08900505304336548 0.08339405059814453 1.1222007274627686
0.08489185571670532 0.0788869708776474 1.2009766101837158
0.08397676795721054 0.07827339321374893 1.1406750679016113
0.0837831199169159 0.07786945253610611 1.1827332973480225
0.08077587187290192 0.07460929453372955 1.233315348625183
0.08197382837533951 0.07558271288871765 1.2782232761383057
0.07996460050344467 0.07405589520931244 1.181741714477539
0.08024933934211731 0.07475490123033524 1.0988883972167969
0.07806408405303955 0.07332292199134827 0.9482324719429016
0.08340058475732803 0.07842788845300674 0.9945392608642578
0.07647767663002014 0.07138767838478088 1.0179994106292725
0.07724204659461975 0.07221950590610504 1.0045084953308105
0.07832902669906616 0.07303884625434875 1.0580365657806396
0.07519852370023727 0.06979928910732269 1.0798465013504028
0.07590199261903763 0.07072224467992783 1.0359492301940918
0.07631402462720871 0.07070717215538025 1.1213710308074951
0.0739547461271286 0.06795002520084381 1.2009434700012207
0.07438026368618011 0.06760179996490479 1.3556933403015137
0.07534070312976837 0.06944677233695984 1.1787868738174438
0.07177011668682098 0.06571774929761887 1.2104737758636475
0.0693688616156578 0.06399957835674286 1.073857069015503
0.07059380412101746 0.06520919501781464 1.0769214630126953
0.07166141271591187 0.06728342920541763 0.8755963444709778
0.07563532888889313 0.07111935317516327 0.9031956195831299
0.07311692833900452 0.06878403574228287 0.8665789365768433
0.07489822059869766 0.07063335180282593 0.852973222732544
0.06899113953113556 0.06434690207242966 0.9288473129272461
0.07151548564434052 0.06696287542581558 0.9105225801467896
0.06899487972259521 0.06398667395114899 1.0016409158706665
0.07156364619731903 0.0663825273513794 1.0362235307693481
0.06971615552902222 0.06453970074653625 1.035291075706482
0.06664180755615234 0.06151806563138962 1.0247478485107422
0.0695156678557396 0.06475961208343506 0.9512118101119995
0.06624972075223923 0.061709925532341 0.907958984375
0.07051064819097519 0.06597530841827393 0.9070680737495422
0.06858788430690765 0.06457453966140747 0.8026692867279053
0.06949401646852493 0.06540269404649734 0.8182640671730042
0.06598493456840515 0.06185522302985191 0.8259420990943909
0.07052512466907501 0.06596534699201584 0.9119548797607422
0.07016530632972717 0.06578526645898819 0.8760085105895996
0.0629105418920517 0.05830439180135727 0.9212296009063721
0.06913838535547256 0.06449642777442932 0.9283909797668457
0.06738945096731186 0.06262120604515076 0.9536491632461548
0.06300380080938339 0.05835481733083725 0.9297964572906494
0.06501203030347824 0.059987809509038925 1.0048446655273438
0.06426607072353363 0.05975916609168053 0.9013807773590088
0.06474750488996506 0.0600455179810524 0.9403971433639526
0.06394657492637634 0.06020817533135414 0.7476794123649597
0.059410255402326584 0.05579420551657677 0.7232099771499634
0.06310110539197922 0.05960091948509216 0.7000367641448975
0.06720374524593353 0.06324572116136551 0.7916048765182495
0.06571810692548752 0.06243358924984932 0.6569033265113831
0.06610563397407532 0.06251104176044464 0.7189188599586487
0.06541217863559723 0.06167091056704521 0.7482536435127258
0.0631413459777832 0.05933339148759842 0.7615913152694702
0.0643187016248703 0.060121577233076096 0.8394243717193604
0.06262614578008652 0.05836949497461319 0.8513306379318237
0.06387963891029358 0.059976883232593536 0.7805516123771667
0.06601259857416153 0.061960369348526 0.8104454874992371
0.06617256999015808 0.062193647027015686 0.7957850694656372
0.06290765851736069 0.05896326154470444 0.7888794541358948
0.06064840033650398 0.05661850422620773 0.8059795498847961
0.0635412260890007 0.06011713296175003 0.6848185062408447
0.06233657896518707 0.058906860649585724 0.6859437823295593
0.06512419879436493 0.06143387779593468 0.738064706325531
0.06282353401184082 0.059374891221523285 0.6897287368774414
0.0600384883582592 0.05648459494113922 0.7107788920402527
0.062468502670526505 0.05915650725364685 0.6623988151550293
0.06469148397445679 0.06127984821796417 0.6823275089263916
0.05939312279224396 0.0560590922832489 0.666806161403656
0.06078950688242912 0.05739324912428856 0.6792516708374023
0.06159554794430733 0.05828116089105606 0.6628771424293518
0.05977074056863785 0.05666504055261612 0.6211397051811218
0.06200176477432251 0.05931991711258888 0.5363692045211792
0.05877319723367691 0.05584178864955902 0.5862820744514465
0.06472118943929672 0.061635538935661316 0.6171305775642395
0.06074518337845802 0.057852573692798615 0.5785219669342041
0.05919906497001648 0.056305959820747375 0.5786207318305969
0.05802455544471741 0.05513765662908554 0.5773794651031494
0.057085804641246796 0.05400880426168442 0.6154002547264099
0.05835268273949623 0.05584118887782097 0.5022990107536316
0.06025826558470726 0.057501357048749924 0.5513819456100464
0.06083577871322632 0.05830172449350357 0.5068109035491943
0.06070219352841377 0.05786054581403732 0.5683294534683228
0.06027025729417801 0.05754619836807251 0.5448119044303894
0.060420047491788864 0.05761914700269699 0.5601800084114075
0.0600677989423275 0.05729256942868233 0.5550459623336792
0.062435295432806015 0.05949282646179199 0.5884935855865479
0.058365777134895325 0.05512247979640961 0.6486597657203674
0.05865052342414856 0.055291399359703064 0.6718246936798096
0.05770137906074524 0.054387837648391724 0.6627083420753479
0.0564136877655983 0.05324297398328781 0.6341426372528076
0.05822962149977684 0.05561183765530586 0.5235570669174194
0.05715858191251755 0.054616473615169525 0.5084216594696045
0.05969781056046486 0.05702787637710571 0.5339869260787964
0.06159158796072006 0.05894719809293747 0.5288783311843872
0.05748411640524864 0.055092427879571915 0.4783374071121216
0.055286381393671036 0.052540168166160583 0.5492429733276367
0.057489391416311264 0.05501618608832359 0.49464118480682373
0.05679440498352051 0.05408481881022453 0.5419169068336487
0.058580148965120316 0.05566474050283432 0.5830819010734558
0.05861988291144371 0.05572894215583801 0.578187882900238
0.057894621044397354 0.05538947507739067 0.501029372215271
0.059785932302474976 0.05734984576702118 0.4872170090675354
0.0551275834441185 0.052525848150253296 0.5203468203544617
0.05726902559399605 0.054808877408504486 0.49202999472618103
0.06057155877351761 0.05796053260564804 0.5222051739692688
0.057182203978300095 0.054525986313819885 0.5312433242797852
0.05906819552183151 0.05644390732049942 0.5248574018478394
0.056906118988990784 0.05456695333123207 0.46783316135406494
0.05559925362467766 0.05319952219724655 0.4799465537071228
0.05856259912252426 0.056190576404333115 0.4744041860103607
0.05829458311200142 0.055988624691963196 0.46119174361228943
0.05722171068191528 0.055039167404174805 0.43650883436203003
0.05841372534632683 0.05586472898721695 0.5097994804382324
0.05942898243665695 0.056769173592329025 0.5319616794586182
0.05844641104340553 0.05603547766804695 0.4821870028972626
0.05746189504861832 0.05457611382007599 0.5771563053131104
0.05796904116868973 0.0556190051138401 0.47000735998153687
0.055867310613393784 0.053178638219833374 0.5377342700958252
0.060206301510334015 0.05758189782500267 0.5248807668685913
0.05677353963255882 0.0542193204164505 0.5108440518379211
0.056869301944971085 0.054081693291664124 0.5575219392776489
0.053972382098436356 0.05138777568936348 0.5169214010238647
0.057060837745666504 0.05407708138227463 0.5967510938644409
0.05561228096485138 0.05308546498417854 0.5053631067276001
0.05598055571317673 0.05351819097995758 0.4924725890159607
0.05953196808695793 0.05721121281385422 0.46415090560913086
0.058327510952949524 0.056348152458667755 0.3958720266819
0.05662790313363075 0.05420529842376709 0.4845207929611206
0.057487379759550095 0.05521666258573532 0.45414310693740845
0.05763988196849823 0.05540052056312561 0.4478723406791687
0.05682041496038437 0.05431751906871796 0.5005788803100586
0.05614055320620537 0.053910110145807266 0.44608885049819946
0.05647009238600731 0.0541461817920208 0.46478238701820374
0.05937851592898369 0.05711977183818817 0.45174872875213623
0.05705992132425308 0.05477044731378555 0.4578949809074402
0.0546468161046505 0.05262800306081772 0.4037622809410095
0.05766617879271507 0.05546281486749649 0.4406726658344269
0.05685143545269966 0.05475983768701553 0.41831955313682556
0.05569477379322052 0.05336844176054001 0.46526679396629333
0.05413920432329178 0.05185613036155701 0.4566144645214081
0.05662050098180771 0.05400595813989639 0.5229085683822632
0.0550546795129776 0.05273929983377457 0.46307578682899475
0.05354883521795273 0.05104927346110344 0.4999122619628906
0.05982901155948639 0.05740167945623398 0.4854661226272583
0.05602630227804184 0.053875505924224854 0.4301590919494629
0.06043722480535507 0.058178193867206573 0.4518060088157654
0.05682240054011345 0.05466866120696068 0.4307481050491333
0.056004561483860016 0.05355231836438179 0.49044832587242126
0.05679357796907425 0.05450485646724701 0.4577443599700928
0.057038117200136185 0.05474063381552696 0.4594966173171997
0.055396098643541336 0.05314020812511444 0.45117825269699097
0.056060854345560074 0.053641483187675476 0.4838743209838867
0.057188019156455994 0.05477893352508545 0.4818170666694641
0.056789547204971313 0.054702386260032654 0.41743218898773193
0.05556090548634529 0.05317220836877823 0.47773948311805725
0.05337739363312721 0.05096909776329994 0.4816593825817108
0.056915268301963806 0.054849639534950256 0.4131257236003876
0.05584164336323738 0.05362919718027115 0.4424891173839569
0.05482039973139763 0.05223589390516281 0.5169012546539307
0.054203517735004425 0.05165208503603935 0.5102863907814026
0.05712452530860901 0.054922621697187424 0.44038090109825134
0.05898730456829071 0.05672401934862137 0.4526572823524475
0.055165763944387436 0.05295439064502716 0.44227495789527893
0.056465089321136475 0.05365835130214691 0.561347246170044
0.05568070337176323 0.05352251976728439 0.43163666129112244
0.05493380129337311 0.052467018365859985 0.49335673451423645
0.053596749901771545 0.051082804799079895 0.5027886629104614
0.055515747517347336 0.05308513343334198 0.4861226975917816
0.059423405677080154 0.05672624707221985 0.5394315123558044
0.05523991957306862 0.05269135534763336 0.5097128748893738
0.055453136563301086 0.05292734131217003 0.5051590800285339
0.058811914175748825 0.05620267242193222 0.5218486785888672
0.05475521832704544 0.05229152739048004 0.49273791909217834
0.05404458940029144 0.051347363740205765 0.5394454002380371
0.052552007138729095 0.05004127323627472 0.5021467804908752
0.05253348499536514 0.05045550689101219 0.41559597849845886
0.055792976170778275 0.053417786955833435 0.4750378429889679
0.05244306102395058 0.050437211990356445 0.4011698365211487
0.055336952209472656 0.05313129350543022 0.4411316514015198
0.055078186094760895 0.053040385246276855 0.40756040811538696
0.05521692335605621 0.05274563282728195 0.4942578673362732
0.054665420204401016 0.05272413045167923 0.3882578909397125
0.05464239791035652 0.052185140550136566 0.4914512038230896
0.05675916001200676 0.05429643765091896 0.4925442337989807
0.05497599393129349 0.05267244949936867 0.4607087969779968
0.05258624628186226 0.05034760385751724 0.4477284550666809
0.05341334268450737 0.05153610557317734 0.3754476308822632
0.05326325073838234 0.0512412004172802 0.40440982580184937
0.053681738674640656 0.05147812142968178 0.4407236576080322
0.05369230732321739 0.0516815260052681 0.40215611457824707
0.056153785437345505 0.05386245250701904 0.4582667946815491
0.05865869298577309 0.0562274269759655 0.48625344038009644
0.052531156688928604 0.05032894387841225 0.4404425323009491
0.05783621594309807 0.05569919943809509 0.4274030923843384
0.055178944021463394 0.05297846347093582 0.4400964677333832
0.059250108897686005 0.057066433131694794 0.43673521280288696
0.05316133424639702 0.05099087953567505 0.43409085273742676
0.05351874604821205 0.051256388425827026 0.45247122645378113
0.051934629678726196 0.04976409673690796 0.4341069459915161
0.05942061170935631 0.05692809820175171 0.4985029697418213
0.05809182673692703 0.05542437359690666 0.5334903001785278
0.05151087045669556 0.04902638494968414 0.4968968629837036
0.052572693675756454 0.050314292311668396 0.451680064201355
0.05343224108219147 0.051023826003074646 0.48168331384658813
0.05425463244318962 0.05186447501182556 0.47803157567977905
0.05460726469755173 0.05234565585851669 0.4523216485977173
0.05407791957259178 0.052002329379320145 0.41511809825897217
0.05405436456203461 0.05157112330198288 0.49664825201034546
0.054070815443992615 0.05187482759356499 0.4391974210739136
0.05389213562011719 0.05177779495716095 0.4228684604167938
0.056807342916727066 0.05467379838228226 0.4267088770866394
0.052245404571294785 0.05020435154438019 0.40821096301078796
0.05745730921626091 0.05498192459344864 0.49507689476013184
0.051651425659656525 0.04982566833496094 0.36515122652053833
0.05498003587126732 0.05279069393873215 0.4378681778907776
0.05334938317537308 0.05081518739461899 0.5068389177322388
0.05506746470928192 0.05288589745759964 0.4363131523132324
0.05739191919565201 0.05498305708169937 0.48177215456962585
0.05438201501965523 0.05191861838102341 0.492679625749588
0.05170699581503868 0.0494706928730011 0.447260320186615
0.05582546442747116 0.053367480635643005 0.4915967583656311
0.05307113751769066 0.05122939497232437 0.36834821105003357
0.05590399354696274 0.05316547304391861 0.5477043390274048
0.05404169112443924 0.05169064551591873 0.4702087640762329
0.055693693459033966 0.05338134244084358 0.46247047185897827
0.054220978170633316 0.05202556028962135 0.4390835762023926
0.05425421893596649 0.05156562104821205 0.5377198457717896
0.05201819911599159 0.04981468990445137 0.4407019317150116
0.05602958798408508 0.0539618581533432 0.41354602575302124
0.06044857203960419 0.057934992015361786 0.502716064453125
0.054124340415000916 0.05198901891708374 0.4270642101764679
0.05119441822171211 0.04889566823840141 0.45975029468536377
0.05716617777943611 0.0546974316239357 0.4937489330768585
0.056483443826436996 0.05408982187509537 0.47872409224510193
0.054028283804655075 0.05139762908220291 0.5261311531066895
0.053937047719955444 0.051551394164562225 0.4771308898925781
0.05607380345463753 0.053723227232694626 0.47011542320251465
0.05263233184814453 0.050420090556144714 0.44244813919067383
0.0534733310341835 0.051098860800266266 0.4748941659927368
0.053645431995391846 0.05126580223441124 0.47592616081237793
0.05614068731665611 0.05364880710840225 0.4983757734298706
0.0544574111700058 0.05206793546676636 0.47789520025253296
0.05014823004603386 0.04783053696155548 0.46353840827941895
0.053684867918491364 0.051043737679719925 0.5282260179519653
0.05440293624997139 0.05215323343873024 0.44994065165519714
0.052706874907016754 0.05022282153367996 0.49681055545806885
0.05118366703391075 0.04878781735897064 0.47916969656944275
0.055211346596479416 0.05293947085738182 0.45437484979629517
0.05447378754615784 0.05231718346476555 0.4313207268714905
0.05629972368478775 0.05393543094396591 0.4728586673736572
0.053236499428749084 0.050682857632637024 0.5107281804084778
0.05387289077043533 0.051556333899497986 0.4633115828037262
0.05317135900259018 0.0504288449883461 0.548502504825592
0.05245555192232132 0.05020548403263092 0.4500137269496918
0.05527931824326515 0.052915193140506744 0.47282475233078003
0.05444001406431198 0.05208154395222664 0.47169435024261475
0.05441535636782646 0.052080508321523666 0.46696943044662476
0.05562881380319595 0.053104039281606674 0.5049548745155334
0.05299298092722893 0.05026859790086746 0.5448765158653259
0.05364370718598366 0.05118132755160332 0.49247628450393677
0.05795954912900925 0.05537159740924835 0.5175900459289551
0.052951522171497345 0.05057643726468086 0.47501668334007263
0.0514531247317791 0.04906640201807022 0.4773445725440979
0.04991742596030235 0.04786897450685501 0.4096905589103699
0.051387809216976166 0.04933948069810867 0.4096660017967224
0.053050696849823 0.0502873957157135 0.5526602864265442
0.053820718079805374 0.05089282989501953 0.5855777263641357
0.05365119129419327 0.050744760781526566 0.5812863707542419
0.053104523569345474 0.05086089298129082 0.44872578978538513
0.05211478844285011 0.04992536082863808 0.4378856122493744
0.04965519532561302 0.04748303443193436 0.43443241715431213
0.0526612363755703 0.050312697887420654 0.46970781683921814
0.05147745832800865 0.04927435517311096 0.44062042236328125
0.05486346781253815 0.05220707505941391 0.5312782526016235
0.05377987399697304 0.0509343221783638 0.5691105723381042
0.05286918580532074 0.05031203851103783 0.5114296674728394
0.05223900452256203 0.049807168543338776 0.48636746406555176
0.05336805433034897 0.051075905561447144 0.45842957496643066
0.05306883156299591 0.05069109797477722 0.4755467474460602
0.05251845717430115 0.05050462484359741 0.4027661085128784
0.052010465413331985 0.04973389208316803 0.4553145468235016
0.05373743176460266 0.051599472761154175 0.42759159207344055
0.05319590866565704 0.05117126181721687 0.40492933988571167
0.05040860176086426 0.048316970467567444 0.41832637786865234
0.05326687917113304 0.051412515342235565 0.3708727955818176
0.053991954773664474 0.051902540028095245 0.4178829789161682
0.05095610395073891 0.04871102049946785 0.4490167498588562
0.04981197789311409 0.047604382038116455 0.44151946902275085
0.05620335042476654 0.05416890233755112 0.4068896174430847
0.052760932594537735 0.050426170229911804 0.46695253252983093
0.05036938190460205 0.04813838005065918 0.4462006688117981
0.05179721117019653 0.04955984652042389 0.44747281074523926
0.05523553863167763 0.053139299154281616 0.419248104095459
0.05441708117723465 0.0516510009765625 0.5532163977622986
0.05198945477604866 0.04918739199638367 0.5604127645492554
0.05337659642100334 0.05060607194900513 0.5541051626205444
0.054161399602890015 0.051760852336883545 0.4801095724105835
0.052853841334581375 0.05031834542751312 0.5070991516113281
0.04943768307566643 0.047045961022377014 0.4783444106578827
0.05061447247862816 0.04769106209278107 0.5846819877624512
0.05536860227584839 0.05292050540447235 0.48961907625198364
0.05111575499176979 0.048634253442287445 0.49630022048950195
0.053354598581790924 0.05089811235666275 0.49129730463027954
0.0547676607966423 0.05239693820476532 0.47414448857307434
0.052100807428359985 0.049353476613759995 0.5494661331176758
0.051124464720487595 0.04872773587703705 0.47934579849243164
0.05436554178595543 0.051984965801239014 0.47611507773399353
0.05381552502512932 0.05158181115984917 0.4467430114746094
0.050680603832006454 0.04847166687250137 0.4417871832847595
0.05404263362288475 0.051776960492134094 0.4531346559524536
0.05308414250612259 0.05058373510837555 0.5000813603401184
0.05498654767870903 0.052360814064741135 0.5251465439796448
0.05306503176689148 0.0507783442735672 0.4573374092578888
0.05357711389660835 0.051163844764232635 0.4826536774635315
0.05107957497239113 0.04878513887524605 0.45888692140579224
0.05087743699550629 0.048303842544555664 0.5147188901901245
0.052404530346393585 0.05013146251440048 0.45461392402648926
0.05310213565826416 0.051005154848098755 0.41939592361450195
0.05071180313825607 0.048274848610162735 0.4873906970024109
0.05286598578095436 0.05039442330598831 0.4943123459815979
0.051357753574848175 0.04909917712211609 0.4517155885696411
0.05383686348795891 0.05127996206283569 0.5113799571990967
0.0532032772898674 0.050862349569797516 0.4681857228279114
0.05258400738239288 0.05010589212179184 0.49562281370162964
0.05788962543010712 0.05555929243564606 0.4660663306713104
0.05281861871480942 0.05054130405187607 0.4554632604122162
0.055240895599126816 0.05241378769278526 0.5654213428497314
0.05079204589128494 0.047877054661512375 0.5829983949661255
0.051716797053813934 0.049147479236125946 0.513863205909729
0.05437570437788963 0.05153121054172516 0.5688990950584412
0.0534355565905571 0.050653714686632156 0.5563684701919556
0.04999997839331627 0.04759190231561661 0.4816150963306427
0.05275745689868927 0.050340261310338974 0.483439177274704
0.051865071058273315 0.0494367815554142 0.48565754294395447
0.05504602566361427 0.05250220000743866 0.5087653398513794
0.05175593122839928 0.049827151000499725 0.3857561945915222
0.04945150017738342 0.047024860978126526 0.48532772064208984
0.050298020243644714 0.04809577390551567 0.4404493570327759
0.05097802355885506 0.04883095622062683 0.42941373586654663
0.05292854458093643 0.05067802965641022 0.45010262727737427
0.049546562135219574 0.047478087246418 0.4136946201324463
0.05530409887433052 0.05312088131904602 0.4366438388824463
0.05357826128602028 0.051605116575956345 0.3946290612220764
0.055585555732250214 0.053061243146657944 0.5048621892929077
0.0536065548658371 0.050861906260252 0.5489293932914734
0.05312720313668251 0.05047004669904709 0.5314310193061829
0.051839832216501236 0.04912066459655762 0.5438333749771118
0.05401502549648285 0.05144737660884857 0.5135300159454346
0.053855542093515396 0.05127737671136856 0.5156331062316895
0.05218973383307457 0.049309249967336655 0.5760971307754517
0.05137943848967552 0.04806014895439148 0.6638578176498413
0.04996318742632866 0.04723858833312988 0.5449198484420776
0.050492677837610245 0.048313722014427185 0.435791015625
0.05328546464443207 0.050923317670822144 0.47242915630340576
0.053108327090740204 0.050289638340473175 0.5637381076812744
0.05461813136935234 0.05233113095164299 0.4574003219604492
0.056622229516506195 0.05459422990679741 0.4055997431278229
0.05233447998762131 0.0502643957734108 0.4140167236328125
0.049449656158685684 0.04707667976617813 0.47459518909454346
0.05038127303123474 0.04818341135978699 0.43957197666168213
0.0546719916164875 0.051493771374225616 0.6356443762779236
0.05456200987100601 0.05173952504992485 0.5644972920417786
0.049233462661504745 0.0464608371257782 0.5545253157615662
0.050523556768894196 0.04784288629889488 0.5361342430114746
0.053304970264434814 0.05014239251613617 0.6325156092643738
0.05276171490550041 0.049794621765613556 0.5934188961982727
0.052206676453351974 0.048987433314323425 0.6438488960266113
0.05086417496204376 0.04810423403978348 0.5519884824752808
0.05066254362463951 0.048420701175928116 0.4483684301376343
0.053008899092674255 0.05000966042280197 0.5998477935791016
0.05010206624865532 0.047716833651065826 0.47704625129699707
0.05001623183488846 0.04755956679582596 0.4913328289985657
0.05158587172627449 0.049232885241508484 0.47059762477874756
0.05270974338054657 0.050316840410232544 0.4785807728767395
0.0508749894797802 0.04835718125104904 0.5035618543624878
0.0515407957136631 0.04859519749879837 0.5891197323799133
0.05367102846503258 0.050334446132183075 0.6673161387443542
0.05368122458457947 0.050811633467674255 0.5739185810089111
0.05149969458580017 0.04850298911333084 0.5993413925170898
0.053594041615724564 0.0507970005273819 0.5594080686569214
0.05204879492521286 0.04912234842777252 0.5852896571159363
0.054207418113946915 0.05108554661273956 0.6243739724159241
0.05475377291440964 0.05197896063327789 0.5549622774124146
0.053784847259521484 0.05050230771303177 0.6565080881118774
0.0525374598801136 0.04968353360891342 0.5707855224609375
0.053651224821805954 0.051236722618341446 0.48290038108825684
0.05552393198013306 0.05251554399728775 0.6016772985458374
0.05311107635498047 0.04999322444200516 0.623570442199707
0.05326177924871445 0.050206705927848816 0.6110149621963501
0.04994970187544823 0.04648439958691597 0.6930606365203857
0.05239042639732361 0.04898522049188614 0.6810413599014282
0.051520757377147675 0.04859559237957001 0.5850327014923096
0.05320628732442856 0.050008855760097504 0.6394864916801453
0.05040538311004639 0.04749730974435806 0.58161461353302
0.050256870687007904 0.0475846603512764 0.5344424247741699
0.052764665335416794 0.04987933486700058 0.5770663022994995
0.0511215515434742 0.04797937348484993 0.6284356117248535
0.05464818701148033 0.05165740102529526 0.5981571674346924
0.05136074125766754 0.04812345281243324 0.647458016872406
0.05008571967482567 0.046947821974754333 0.6275797486305237
0.052148282527923584 0.04915871471166611 0.5979136228561401
0.05280626565217972 0.050108619034290314 0.5395294427871704
0.05226883292198181 0.04948939010500908 0.5558888912200928
0.0482298918068409 0.04497259482741356 0.6514596939086914
0.052696343511343 0.05010518804192543 0.5182313919067383
0.05249520763754845 0.05019066855311394 0.46090763807296753
0.05645652487874031 0.05368299037218094 0.5547071695327759
0.049995701760053635 0.04754706099629402 0.48972803354263306
0.052793439477682114 0.05049262195825577 0.46016353368759155
0.051410987973213196 0.04827776178717613 0.626645028591156
0.05017340928316116 0.04732915759086609 0.5688502788543701
0.05136774852871895 0.04870389774441719 0.5327698588371277
0.05215810611844063 0.04969722777605057 0.49217599630355835
0.04912649840116501 0.04634246602654457 0.556806206703186
0.05295553430914879 0.049958936870098114 0.5993192195892334
0.05359552800655365 0.05104314908385277 0.510475754737854
0.050271544605493546 0.04762333631515503 0.5296415686607361
0.05397867411375046 0.05132514610886574 0.5307058095932007
0.05289088562130928 0.050385862588882446 0.5010042786598206
0.0485180988907814 0.04624505713582039 0.4546087384223938
0.05127272754907608 0.04838176071643829 0.5781936645507812
0.04778481274843216 0.045304637402296066 0.49603524804115295
0.05385696887969971 0.050986457616090775 0.5741024017333984
0.05136650800704956 0.04865999519824982 0.5413028001785278
0.05336432904005051 0.05066898465156555 0.5390685796737671
0.04845926910638809 0.04618427902460098 0.454997718334198
0.05160556361079216 0.048893414437770844 0.54243004322052
0.04954029619693756 0.04717883840203285 0.47229185700416565
0.053763728588819504 0.050597988069057465 0.6331483125686646
0.053177360445261 0.050270408391952515 0.581390380859375
0.05086683854460716 0.048299603164196014 0.5134470462799072
0.05482283607125282 0.05215751752257347 0.5330638289451599
0.052126187831163406 0.049396879971027374 0.5458613038063049
0.053590644150972366 0.05074211210012436 0.5697060823440552
0.05182283744215965 0.049079250544309616 0.5487171411514282
0.05355986952781677 0.050766151398420334 0.5587438344955444
0.05052594840526581 0.04729686677455902 0.6458161473274231
0.05151626467704773 0.04849419370293617 0.6044141054153442
0.05710585042834282 0.05382424592971802 0.6563211679458618
0.05254580080509186 0.049521662294864655 0.6048274040222168
0.05134287476539612 0.047999292612075806 0.6687163710594177
0.05165324732661247 0.04883699119091034 0.5632510781288147
0.049543868750333786 0.04701349884271622 0.5060743093490601
0.05318162217736244 0.05006545037031174 0.6232343912124634
0.05005414038896561 0.0471620038151741 0.5784269571304321
0.05198093503713608 0.04871316999197006 0.6535529494285583
0.051665179431438446 0.04922839254140854 0.48735734820365906
0.04779467359185219 0.045157384127378464 0.5274576544761658
0.04947000369429588 0.046977534890174866 0.49849390983581543
0.05416811257600784 0.050836291164159775 0.6663645505905151
0.05104335397481918 0.04773428291082382 0.6618144512176514
0.04752442240715027 0.04469377547502518 0.5661293268203735
0.05352826043963432 0.04980550706386566 0.7445509433746338
0.05171217396855354 0.0487833097577095 0.5857725143432617
0.05270668864250183 0.049295663833618164 0.682205080986023
0.05231063812971115 0.049362607300281525 0.589606523513794
0.053859103471040726 0.05100072920322418 0.5716750621795654
0.0535881482064724 0.050217024981975555 0.6742247343063354
0.05313611030578613 0.05004952847957611 0.6173166632652283
0.04820965975522995 0.045813657343387604 0.4792005717754364
0.05046120658516884 0.04736337810754776 0.6195657253265381
0.05080851539969444 0.047478727996349335 0.6659578084945679
0.0526600256562233 0.049286000430583954 0.6748051643371582
0.05480078607797623 0.05226079374551773 0.5079981088638306
0.05462238937616348 0.051627978682518005 0.5988818407058716
0.052915655076503754 0.04981374368071556 0.6203820705413818
0.05335957929491997 0.05069848895072937 0.532217800617218
0.05057252570986748 0.04774422198534012 0.5656604766845703
0.0546865351498127 0.05198042094707489 0.5412229895591736
0.05395793169736862 0.05072558671236038 0.6464693546295166
0.05159516632556915 0.04824080690741539 0.6708720922470093
0.0534871481359005 0.050228655338287354 0.651698648929596
0.051231108605861664 0.04804224520921707 0.6377729177474976
0.04807407408952713 0.044559843838214874 0.7028461694717407
0.05054323002696037 0.04734254628419876 0.6401369571685791
0.05042136833071709 0.046951182186603546 0.6940371990203857
0.052349429577589035 0.048668041825294495 0.7362773418426514
0.05101883038878441 0.048188216984272 0.5661227703094482
0.05274394527077675 0.04886526241898537 0.7757368087768555
0.052323680371046066 0.048920173197984695 0.6807011365890503
0.05208044871687889 0.04900070279836655 0.6159489750862122
0.053793229162693024 0.05036228150129318 0.6861892938613892
0.04962054640054703 0.04649516940116882 0.6250750422477722
0.052516013383865356 0.04933321848511696 0.6365593075752258
0.05100777745246887 0.047397758811712265 0.722003698348999
0.05194923281669617 0.048900753259658813 0.6096959114074707
0.05242035537958145 0.0493970587849617 0.6046595573425293
0.05222108215093613 0.04907868430018425 0.6284792423248291
0.054114364087581635 0.051075391471385956 0.6077946424484253
0.051136165857315063 0.04737342149019241 0.7525490522384644
0.0515875518321991 0.048625700175762177 0.5923702120780945
0.053297944366931915 0.05008489638566971 0.6426095962524414
0.049365878105163574 0.04618852958083153 0.635469913482666
0.05247482657432556 0.049601875245571136 0.5745904445648193
0.05071323364973068 0.048130571842193604 0.516532301902771
0.052247148007154465 0.049356840550899506 0.5780613422393799
0.05218387022614479 0.04938953369855881 0.558867335319519
0.055325694382190704 0.05277841538190842 0.5094559192657471
0.051354069262742996 0.04861178994178772 0.548455536365509
0.04951981082558632 0.0465606153011322 0.5918391942977905
0.0555347204208374 0.05227429419755936 0.6520853042602539
0.051872674375772476 0.04862870275974274 0.6487941741943359
0.05440270155668259 0.050926730036735535 0.6951942443847656
0.05166228488087654 0.04881148040294647 0.5701608657836914
0.052638690918684006 0.049550555646419525 0.6176271438598633
0.05320843681693077 0.05031166970729828 0.5793532133102417
0.05074331909418106 0.04738735407590866 0.6711931228637695
0.04947981983423233 0.046264614909887314 0.6430408954620361
0.052717022597789764 0.049511536955833435 0.6410971879959106
0.05113479495048523 0.04793277382850647 0.6404038667678833
0.05238695442676544 0.04890377074480057 0.696636974811554
0.05023803189396858 0.04736282676458359 0.5750409364700317
0.05336331948637962 0.050393082201480865 0.5940473079681396
0.05369305983185768 0.05062081292271614 0.6144490838050842
0.05579210817813873 0.05250629782676697 0.6571618318557739
0.05344047397375107 0.05037086457014084 0.6139219999313354
0.05006533861160278 0.04671652615070343 0.6697628498077393
0.052934061735868454 0.04950527101755142 0.6857583522796631
0.051410309970378876 0.04807451739907265 0.6671589016914368
0.049007028341293335 0.046177178621292114 0.5659701228141785
0.05161425098776817 0.04814321547746658 0.6942067742347717
0.053060561418533325 0.0501222126185894 0.5876700282096863
0.04974725469946861 0.0464598648250103 0.6574782133102417
0.05605060234665871 0.05317872762680054 0.5743750333786011
0.049051474779844284 0.04623711109161377 0.5628726482391357
0.05033915862441063 0.047215789556503296 0.6246740818023682
0.053903866559267044 0.0507037378847599 0.6400259137153625
0.04951629787683487 0.04638221859931946 0.626815676689148
0.0520622581243515 0.0490303672850132 0.6063778400421143
0.05089929699897766 0.04806653782725334 0.5665517449378967
0.0519055612385273 0.04884260892868042 0.6125907897949219
0.05823899805545807 0.054722897708415985 0.7032201290130615
0.055531732738018036 0.05284600704908371 0.5371450185775757
0.05396980047225952 0.05049678683280945 0.694602906703949
0.049030352383852005 0.04588370397686958 0.62932950258255
0.05266711115837097 0.04916062951087952 0.701296329498291
0.05628730729222298 0.05265484005212784 0.7264937162399292
0.04798712953925133 0.044792674481868744 0.638891339302063
0.049947693943977356 0.04693868011236191 0.6018024682998657
0.05392551049590111 0.05080975592136383 0.6231510639190674
0.05001302808523178 0.04686898738145828 0.628807783126831
0.05187752842903137 0.0483979657292366 0.6959127187728882
0.050916992127895355 0.047959692776203156 0.5914596915245056
0.05078374594449997 0.047333724796772 0.6900041103363037
0.05155910179018974 0.04818838834762573 0.674142599105835
0.05139748752117157 0.04782653599977493 0.7141904830932617
0.04946756362915039 0.04609451815485954 0.6746088266372681
0.052468784153461456 0.048990584909915924 0.695639967918396
0.05009962245821953 0.04720127955079079 0.5796685814857483
0.05147639289498329 0.048664286732673645 0.5624215602874756
0.05436455458402634 0.050982579588890076 0.6763952970504761
0.05333380401134491 0.04993370547890663 0.6800193786621094
0.04971110075712204 0.046138696372509 0.7144806981086731
0.0525534562766552 0.048852935433387756 0.7401044964790344
0.05002841725945473 0.04674113914370537 0.657455325126648
0.05161919817328453 0.04901807755231857 0.5202242136001587
0.05292261764407158 0.04989003390073776 0.60651695728302
0.04864292964339256 0.04592347890138626 0.543890118598938
0.05216614902019501 0.04930352047085762 0.5725256204605103
0.05084138363599777 0.04801999777555466 0.564276933670044
0.0525834858417511 0.04965101182460785 0.5864944458007812
0.05354178696870804 0.050576597452163696 0.5930379629135132
0.05171440541744232 0.0484774187207222 0.6473976373672485
0.052965372800827026 0.04965740814805031 0.6615933179855347
0.050273168832063675 0.046923547983169556 0.6699240207672119
0.054085906594991684 0.05056821554899216 0.7035383582115173
0.05225677043199539 0.04848327487707138 0.7546992301940918
0.04815910756587982 0.04486079886555672 0.6596614718437195
0.04940366372466087 0.04578034579753876 0.7246636152267456
0.048383813351392746 0.045220665633678436 0.63262939453125
0.05106929689645767 0.048092909157276154 0.5952771902084351
0.05190728232264519 0.04846792295575142 0.687872052192688
0.05192868411540985 0.048823222517967224 0.6210924386978149
0.05309570953249931 0.05004891753196716 0.6093580722808838
0.05167239159345627 0.04839935898780823 0.6546068787574768
0.05584554746747017 0.05238048732280731 0.6930121183395386
0.050534360110759735 0.04729769378900528 0.6473335027694702
0.05131826922297478 0.04762309044599533 0.7390359044075012
0.04838922992348671 0.04492383077740669 0.6930798292160034
0.05180320143699646 0.0483396053314209 0.6927189826965332
0.051005370914936066 0.04698292165994644 0.8044899702072144
0.05323643609881401 0.04986704885959625 0.6738777160644531
0.052285581827163696 0.04818027466535568 0.8210617899894714
0.05058353766798973 0.046199165284633636 0.8768744468688965
0.04935744032263756 0.04536735638976097 0.7980164885520935
0.05169985443353653 0.04826696217060089 0.6865788102149963
0.0529581718146801 0.04971756041049957 0.6481225490570068
0.05238025262951851 0.049118153750896454 0.6524197459220886
0.05065186321735382 0.0470823273062706 0.7139071226119995
0.0493863970041275 0.04620450735092163 0.6363779306411743
0.052450451999902725 0.0487276166677475 0.7445667386054993
0.05464497581124306 0.05080050230026245 0.7688946723937988
0.05158037319779396 0.048166632652282715 0.6827478408813477
0.05169539526104927 0.048448316752910614 0.6494157314300537
0.049668725579977036 0.046630650758743286 0.607615053653717
0.05257968232035637 0.04998882859945297 0.5181710720062256
0.05140409246087074 0.04874337464570999 0.5321438312530518
0.05246199294924736 0.049317747354507446 0.6288492679595947
0.050074025988578796 0.046773798763751984 0.6600456237792969
0.05218608304858208 0.04877735674381256 0.6817452907562256
0.050084661692380905 0.04702185094356537 0.6125621795654297
0.05407208204269409 0.0505460649728775 0.7052035927772522
0.05235954374074936 0.0490000955760479 0.67188960313797
0.051194533705711365 0.047538239508867264 0.7312589883804321
0.05313539877533913 0.049919724464416504 0.6431348919868469
0.050856806337833405 0.04775635898113251 0.6200891137123108
0.05204685032367706 0.04871031641960144 0.667306661605835
0.051459189504384995 0.04830724745988846 0.6303882598876953
0.05043239891529083 0.04700411856174469 0.6856563091278076
0.053916092962026596 0.05083857476711273 0.6155035495758057
0.04875314608216286 0.04572150856256485 0.6063271760940552
0.05034975707530975 0.04737555608153343 0.5948399305343628
0.051699135452508926 0.04822937771677971 0.6939517855644226
0.04963824898004532 0.04652642086148262 0.6223655939102173
0.05066176876425743 0.047719672322273254 0.5884193778038025
0.053186144679784775 0.050136152654886246 0.6099984645843506
0.051484931260347366 0.04770920053124428 0.7551460266113281
0.05135175213217735 0.04779438674449921 0.7114731669425964
0.05349092558026314 0.049982160329818726 0.7017532587051392
0.04655299335718155 0.04305948317050934 0.698702335357666
0.04893520101904869 0.0454794205725193 0.6911563873291016
0.052748892456293106 0.04878070577979088 0.7936375141143799
0.052533332258462906 0.048831239342689514 0.740418553352356
0.0486573725938797 0.04540633410215378 0.6502076387405396
0.052964139729738235 0.04918472468852997 0.7558827996253967
0.048805586993694305 0.04555021971464157 0.6510732173919678
0.05047806352376938 0.04655756801366806 0.7840991616249084
0.048694197088479996 0.0449347198009491 0.7518954277038574
0.05156046524643898 0.0484544038772583 0.6212124824523926
0.05618932098150253 0.05248258262872696 0.7413474321365356
0.05242901295423508 0.04932047426700592 0.6217080950737
0.052360568195581436 0.04866079241037369 0.7399550080299377
0.049452703446149826 0.04620037227869034 0.6504660248756409
0.04994993656873703 0.04670049995183945 0.6498871445655823
0.05394628271460533 0.05073481425642967 0.6422938108444214
0.05339393764734268 0.04941048473119736 0.7966904044151306
0.051166608929634094 0.048316240310668945 0.5700736045837402
0.05086074396967888 0.046875327825546265 0.7970830202102661
0.04850274324417114 0.04568450152873993 0.5636483430862427
0.05184321850538254 0.04812619835138321 0.7434042692184448
0.04913017153739929 0.04587492346763611 0.6510497331619263
0.05180726200342178 0.048698268830776215 0.6217987537384033
0.05210040137171745 0.048231713473796844 0.773737907409668
0.0526064857840538 0.04889656603336334 0.7419837713241577
0.05388137698173523 0.04991070553660393 0.7941344976425171
0.05125325545668602 0.047322481870651245 0.7861548662185669
0.04821830987930298 0.044335443526506424 0.7765730619430542
0.05278821662068367 0.04875136539340019 0.8073704838752747
0.04875877872109413 0.0449528843164444 0.7611789703369141
0.05346162989735603 0.05032752826809883 0.6268200874328613
0.05269147828221321 0.04880741238594055 0.7768129110336304
0.04920319467782974 0.04579973220825195 0.6806925535202026
0.05224914476275444 0.048918548971414566 0.6661190390586853
0.052634935826063156 0.04917823523283005 0.691340446472168
0.05252315104007721 0.04906250163912773 0.6921297311782837
0.05175511911511421 0.048613615334033966 0.6283007264137268
0.05095427855849266 0.04770958051085472 0.6489396095275879
0.04959986358880997 0.04594184830784798 0.7316030263900757
0.05380905419588089 0.05050533264875412 0.6607441902160645
0.05173216760158539 0.04840961843729019 0.664509654045105
0.05624895170331001 0.05282261595129967 0.6852675080299377
0.05163530632853508 0.047630682587623596 0.80092453956604
0.05216975510120392 0.048607490956783295 0.7124530076980591
0.04971112310886383 0.046287134289741516 0.6847977638244629
0.05091680586338043 0.04708155244588852 0.7670509219169617
0.05001914128661156 0.04654363542795181 0.6951014399528503
0.052500974386930466 0.04899365082383156 0.7014646530151367
0.05273530259728432 0.049331992864608765 0.6806621551513672
0.04974793642759323 0.04601050168275833 0.7474867105484009
0.05218249186873436 0.04870811849832535 0.6948750019073486
0.05185511335730553 0.048770610243082047 0.6169003248214722
0.053341545164585114 0.049962274730205536 0.6758543252944946
0.051324646919965744 0.047683656215667725 0.7281980514526367
0.05017416179180145 0.046823643147945404 0.6701040863990784
0.05134847015142441 0.04749125987291336 0.7714418172836304
0.051970843225717545 0.04865143448114395 0.663881778717041
0.05063089728355408 0.04747532680630684 0.6311138868331909
0.048270560801029205 0.04417826235294342 0.8184595108032227
0.04782267287373543 0.04424743354320526 0.7150478363037109
0.04918021708726883 0.04575563222169876 0.6849169731140137
0.051587074995040894 0.04818914830684662 0.6795854568481445
0.052719760686159134 0.04859880730509758 0.8241909742355347
0.048922885209321976 0.04580902308225632 0.6227723360061646
0.04934432730078697 0.04537247493863106 0.7943704128265381
0.04997359961271286 0.04601655900478363 0.7914083003997803
0.051559627056121826 0.04794876277446747 0.7221729755401611
0.05263452231884003 0.049672722816467285 0.5923596620559692
0.04952303692698479 0.046279363334178925 0.6487349271774292
0.049458105117082596 0.04647011682391167 0.5975974798202515
0.05236557498574257 0.04893764108419418 0.6855870485305786
0.05058862641453743 0.047330863773822784 0.6515524387359619
0.04945966973900795 0.04630473256111145 0.6309874653816223
0.050462305545806885 0.04753035306930542 0.586390495300293
0.052122704684734344 0.04873863607645035 0.6768140196800232
0.05242360383272171 0.0486341193318367 0.7578972578048706
0.05131540074944496 0.048015180975198746 0.6600443124771118
0.05277548357844353 0.04903189092874527 0.7487187385559082
0.053934432566165924 0.05009889602661133 0.7671070098876953
0.04833919554948807 0.04407832771539688 0.852173924446106
0.05102024972438812 0.047052353620529175 0.7935791015625
0.05589756369590759 0.052207231521606445 0.7380667924880981
0.04860370606184006 0.04469362273812294 0.7820163369178772
0.049767591059207916 0.04684004560112953 0.5855093002319336
0.05317104235291481 0.04984568431973457 0.6650719046592712
0.05069539695978165 0.047731664031744 0.5927469730377197
0.05086768791079521 0.04749581217765808 0.6743748784065247
0.052682384848594666 0.049267351627349854 0.6830068826675415
0.052571166306734085 0.04936215281486511 0.6418024301528931
0.051767852157354355 0.04833611845970154 0.6863467693328857
0.051574256271123886 0.048181481659412384 0.6785546541213989
0.04844619333744049 0.04444771260023117 0.7996959686279297
0.0502283088862896 0.0466810017824173 0.7094614505767822
0.05294368788599968 0.04902679845690727 0.7833779454231262
0.055053744465112686 0.05176946148276329 0.656856894493103
0.05272187665104866 0.04898951202630997 0.7464725971221924
0.04837760701775551 0.044659681618213654 0.7435852289199829
0.05022020637989044 0.04673396050930023 0.6972489356994629
0.053066518157720566 0.0495273731648922 0.7078289985656738
0.05205679312348366 0.04883266240358353 0.6448262929916382
0.04981886222958565 0.04677044600248337 0.6096831560134888
0.051778580993413925 0.04840923845767975 0.6738685369491577
0.05045301839709282 0.04704361408948898 0.6818810105323792
0.049383290112018585 0.04561801999807358 0.7530539035797119
0.05286522954702377 0.04886382818222046 0.8002803921699524
0.05136971175670624 0.04796639084815979 0.6806644797325134
0.05021292343735695 0.04668675363063812 0.7052342891693115
0.049513012170791626 0.045774612575769424 0.7476801872253418
0.04946654662489891 0.0452297106385231 0.8473670482635498
0.04814581200480461 0.04424552246928215 0.7800576686859131
0.051131464540958405 0.047175705432891846 0.7911518812179565
0.0531342513859272 0.04923836514353752 0.779177188873291
0.051739562302827835 0.04766159504652023 0.8155934810638428
0.04759526997804642 0.044430024921894073 0.6330486536026001
0.056204475462436676 0.052042048424482346 0.8324853181838989
0.05239679664373398 0.04845588654279709 0.7881820201873779
0.052510011941194534 0.04805760085582733 0.8904823064804077
0.05273357778787613 0.049325376749038696 0.6816399693489075
0.05123502388596535 0.047648072242736816 0.7173902988433838
0.049746688455343246 0.046538107097148895 0.6417160034179688
0.052678074687719345 0.049316633492708206 0.6722880601882935
0.050442423671483994 0.04782753437757492 0.5229776501655579
0.051624100655317307 0.04799480363726616 0.7258594036102295
0.05118666961789131 0.04790873825550079 0.6555861830711365
0.05014113709330559 0.04705420508980751 0.6173863410949707
0.050217851996421814 0.046580370515584946 0.7274959683418274
0.051269855350255966 0.0477730818092823 0.6993544101715088
0.05015287920832634 0.046455129981040955 0.7395495772361755
0.04964466020464897 0.04577282443642616 0.7743671536445618
0.05398992821574211 0.0501188263297081 0.7742202281951904
0.054849009960889816 0.050898969173431396 0.7900084257125854
0.05175460875034332 0.04773464798927307 0.8039922714233398
0.05159914493560791 0.04830551892518997 0.6587255597114563
0.04960132762789726 0.04586096480488777 0.7480723857879639
0.048432450741529465 0.044689029455184937 0.7486845254898071
0.049021247774362564 0.04541387781500816 0.7214741706848145
0.050683654844760895 0.047537125647068024 0.6293054819107056
0.051860369741916656 0.04878120869398117 0.6158320903778076
0.04892927408218384 0.045553404837846756 0.6751741170883179
0.050073981285095215 0.046242211014032364 0.766353964805603
0.05044259876012802 0.046663664281368256 0.755786657333374
0.05082196369767189 0.046889789402484894 0.7864348888397217
0.054209016263484955 0.050188831984996796 0.8040367364883423
0.049238115549087524 0.044913291931152344 0.8649646043777466
0.052550364285707474 0.0487402081489563 0.7620314955711365
0.050839073956012726 0.0472995825111866 0.7078986167907715
0.05032552778720856 0.04692104458808899 0.6808969974517822
0.051150571554899216 0.047803085297346115 0.6694974303245544
0.05356539785861969 0.04999971017241478 0.7131375074386597
0.054819218814373016 0.050987523049116135 0.7663392424583435
0.05180194973945618 0.0481562502682209 0.7291399836540222
0.05482503026723862 0.050897158682346344 0.7855740189552307
0.050556816160678864 0.04711759835481644 0.687843918800354
0.049518536776304245 0.045892830938100815 0.7251410484313965
0.048037316650152206 0.04476036876440048 0.6553897261619568
0.05221274122595787 0.04860050976276398 0.7224463224411011
0.05120193213224411 0.04777442291378975 0.6855019927024841
0.05180621147155762 0.04792707413434982 0.7758274078369141
0.04997986555099487 0.046221423894166946 0.7516883611679077
0.04984918609261513 0.046010106801986694 0.7678160071372986
0.04966137558221817 0.04611491411924362 0.7092926502227783
0.053219813853502274 0.04987083747982979 0.6697951555252075
0.0495946928858757 0.04669918492436409 0.5791016817092896
0.049615997821092606 0.04630628600716591 0.661942720413208
0.05421527475118637 0.05059048533439636 0.7249577045440674
0.05188179388642311 0.0488470122218132 0.6069566607475281
0.0487663596868515 0.045521967113018036 0.6488785743713379
0.04867958277463913 0.0454675555229187 0.64240562915802
0.05182044953107834 0.04823716729879379 0.7166568040847778
0.0503351055085659 0.04676780104637146 0.7134606838226318
0.0506015419960022 0.0470803864300251 0.704231321811676
0.049236901104450226 0.04533868283033371 0.7796434164047241
0.05146762356162071 0.04761838540434837 0.7698477506637573
0.04846242815256119 0.04475788772106171 0.7409078478813171
0.04854593425989151 0.04428466409444809 0.8522536754608154
0.051867179572582245 0.04791304096579552 0.790827751159668
0.05026199668645859 0.04645419865846634 0.7615597248077393
0.0537235252559185 0.05097085237503052 0.5505345463752747
0.05294840782880783 0.04941515997052193 0.7066492438316345
0.04994687810540199 0.04666092246770859 0.657191276550293
0.05347944051027298 0.049877848476171494 0.7203183174133301
0.05147551745176315 0.04835066944360733 0.6249696016311646
0.0516057126224041 0.048086993396282196 0.7037439346313477
0.05374277010560036 0.050050146877765656 0.7385249137878418
0.05320098623633385 0.04936676472425461 0.7668440937995911
0.051953189074993134 0.048080019652843475 0.7746337652206421
0.05054117739200592 0.04690539091825485 0.7271571159362793
0.051586899906396866 0.048044949769973755 0.7083902359008789
0.05025603622198105 0.04618626832962036 0.8139538764953613
0.04927705600857735 0.0456208661198616 0.7312382459640503
0.05046401172876358 0.04674486815929413 0.7438289523124695
0.04993472620844841 0.04608955606818199 0.7690343856811523
0.05096903443336487 0.04762066528201103 0.6696740388870239
0.05222243443131447 0.048189677298069 0.8065515160560608
0.048825860023498535 0.045546628534793854 0.655846118927002
0.05028928071260452 0.04657663777470589 0.7425284385681152
0.05269326642155647 0.0494031086564064 0.6580318212509155
0.04916432127356529 0.04566863924264908 0.6991362571716309
0.05017067864537239 0.04645717889070511 0.7427000999450684
0.0486103892326355 0.04567219316959381 0.587639331817627
0.04999926686286926 0.046873509883880615 0.6251512765884399
0.05420921370387077 0.051081061363220215 0.6256301403045654
0.051405638456344604 0.0478324368596077 0.7146403789520264
0.05285648629069328 0.049265626817941666 0.7181716561317444
0.05516447126865387 0.05109381675720215 0.8141306638717651
0.05027289688587189 0.04668009653687477 0.718559741973877
0.04826882854104042 0.04491306096315384 0.6711533069610596
0.05036167427897453 0.04680450260639191 0.7114341259002686
0.05335145816206932 0.04919885843992233 0.8305198550224304
0.051146768033504486 0.04773472249507904 0.6824087500572205
0.05221021547913551 0.04829103499650955 0.7838360071182251
0.050199057906866074 0.04687764495611191 0.6642824411392212
0.04814596474170685 0.04468608647584915 0.6919758319854736
0.04916943237185478 0.04579003155231476 0.6758800745010376
0.05142102390527725 0.04739755392074585 0.8046940565109253
0.0495779849588871 0.04613214731216431 0.6891677379608154
0.0556478276848793 0.05226786062121391 0.6759930849075317
0.054149165749549866 0.05067376792430878 0.6950794458389282
0.05098650977015495 0.04738336801528931 0.7206282615661621
0.050310563296079636 0.046738412231206894 0.7144299745559692
0.048221100121736526 0.04468965902924538 0.7062883377075195
0.05278073623776436 0.04928654432296753 0.6988386511802673
0.05110032483935356 0.04720429703593254 0.7792053818702698
0.053566597402095795 0.04971643537282944 0.7700324058532715
0.052380722016096115 0.04896806925535202 0.6825307011604309
0.05055128037929535 0.04700656980276108 0.7089419364929199
0.04994441196322441 0.04675107076764107 0.6386680603027344
0.0500083789229393 0.04606309533119202 0.7890570163726807
0.048243146389722824 0.04529177397489548 0.5902743339538574
0.0530768483877182 0.04958643764257431 0.6980822086334229
0.05098671466112137 0.04721331596374512 0.7546800971031189
0.05045993626117706 0.046984218060970306 0.69514399766922
0.05329309031367302 0.05008469521999359 0.6416786909103394
0.05007084459066391 0.04638666659593582 0.7368355393409729
0.05196521431207657 0.048121191561222076 0.7688044309616089
0.05035790055990219 0.04693985357880592 0.6836096048355103
0.04912094399333 0.04465090483427048 0.8940081000328064
0.050394121557474136 0.04710935056209564 0.656954288482666
0.05184971168637276 0.047708697617053986 0.8282029628753662
0.05368022620677948 0.049542248249053955 0.8275955319404602
0.051534295082092285 0.0479314923286438 0.7205607295036316
0.049692437052726746 0.04598379135131836 0.741729199886322
0.05156666040420532 0.04833057522773743 0.6472171545028687
0.053168732672929764 0.04870171844959259 0.8934028744697571
0.05204147472977638 0.04811042547225952 0.7862095832824707
0.04951290413737297 0.044862084090709686 0.9301639795303345
0.05200662091374397 0.047651831060647964 0.8709579706192017
0.05128655210137367 0.04813817888498306 0.6296743750572205
0.05308832228183746 0.04992782324552536 0.6320998668670654
0.047647666186094284 0.0436808243393898 0.7933685779571533
0.05243664234876633 0.04910295829176903 0.6667371988296509
0.05037226155400276 0.04658513516187668 0.7574254274368286
0.04890725761651993 0.045389093458652496 0.7036329507827759
0.051011182367801666 0.047168634831905365 0.7685091495513916
0.05157695338129997 0.04770097881555557 0.7751951217651367
0.049675412476062775 0.04616657271981239 0.7017678618431091
0.05076716095209122 0.04678955674171448 0.7955212593078613
0.05128437653183937 0.04699305072426796 0.8582649827003479
0.04970300942659378 0.04564865306019783 0.8108710050582886
0.05250886082649231 0.049201227724552155 0.6615265607833862
0.051340680569410324 0.04743409901857376 0.7813163995742798
0.04959481209516525 0.0458659827709198 0.7457662224769592
0.04716901853680611 0.04393749311566353 0.6463049054145813
0.05440669134259224 0.051094021648168564 0.6625338196754456
0.05174185708165169 0.04767100512981415 0.8141701221466064
0.053072065114974976 0.04951842874288559 0.7107269763946533
0.052682556211948395 0.04888799041509628 0.7589129209518433
0.05213567987084389 0.04783284664154053 0.8605665564537048
0.05061887949705124 0.0467066764831543 0.7824405431747437
0.05034855008125305 0.04602407291531563 0.8648954629898071
0.050586193799972534 0.04608006030321121 0.9012271165847778
0.05253599211573601 0.04866068810224533 0.7750605344772339
0.04808872565627098 0.043991364538669586 0.819472074508667
0.053047653287649155 0.04889088124036789 0.8313544988632202
0.051370758563280106 0.04711977019906044 0.8501974940299988
0.05370773747563362 0.04987282305955887 0.7669830322265625
0.04662120342254639 0.04267001152038574 0.7902384996414185
0.053350746631622314 0.04931791126728058 0.8065670728683472
0.0491860993206501 0.045660633593797684 0.7050931453704834
0.04939671978354454 0.045884255319833755 0.7024926543235779
0.0495627224445343 0.04576520994305611 0.7595027089118958
0.05116110295057297 0.04774493724107742 0.683233380317688
0.05194797366857529 0.0476379357278347 0.8620077967643738
