0.503154993057251 0.47640079259872437 1.0701680183410645
0.4734397828578949 0.4553777575492859 0.7224805355072021
0.47897323966026306 0.4610861539840698 0.715483546257019
0.4553016126155853 0.4375689625740051 0.7093064785003662
0.4539453685283661 0.4366830289363861 0.6904938220977783
0.43046045303344727 0.4126281440258026 0.7132923603057861
0.43017977476119995 0.41486939787864685 0.6124148368835449
0.4091217815876007 0.39485234022140503 0.5707773566246033
0.4028705954551697 0.3889581859111786 0.5564969778060913
0.3898375332355499 0.37546658515930176 0.5748375654220581
0.37839192152023315 0.3650292456150055 0.5345075726509094
0.375744491815567 0.36345502734184265 0.4915783405303955
0.37282538414001465 0.3600207567214966 0.5121845602989197
0.35823893547058105 0.3449550271034241 0.5313568115234375
0.34009695053100586 0.32745426893234253 0.5057066679000854
0.3403778076171875 0.32732391357421875 0.5221555233001709
0.3238252103328705 0.31178146600723267 0.4817502498626709
0.3086526393890381 0.2958180904388428 0.5133824348449707
0.3078700602054596 0.2962788939476013 0.46364647150039673
0.29976749420166016 0.28807470202445984 0.4677122235298157
0.29113221168518066 0.2794818878173828 0.4660129249095917
0.28198638558387756 0.27024832367897034 0.46952253580093384
0.2751489281654358 0.26447170972824097 0.4270883798599243
0.26557090878486633 0.25497373938560486 0.4238862097263336
0.2553165555000305 0.24369069933891296 0.46503421664237976
0.24565091729164124 0.23491710424423218 0.42935246229171753
0.23825249075889587 0.22784005105495453 0.4164978265762329
0.2349497675895691 0.22417715191841125 0.4309047758579254
0.22260093688964844 0.21206095814704895 0.4215993285179138
0.22458629310131073 0.21372249722480774 0.43455177545547485
0.22075963020324707 0.21028518676757812 0.4189775884151459
0.22048301994800568 0.21085503697395325 0.3851194977760315
0.21200589835643768 0.20174351334571838 0.4104955792427063
0.20017632842063904 0.1908322125673294 0.3737647533416748
0.192384272813797 0.18319568037986755 0.3675437569618225
0.18806274235248566 0.17853310704231262 0.38118547201156616
0.1891947239637375 0.18056857585906982 0.34504571557044983
0.1804998815059662 0.1717766523361206 0.34892940521240234
0.1636435091495514 0.15617546439170837 0.2987214922904968
0.16875211894512177 0.16113711893558502 0.30459973216056824
0.1680467575788498 0.16034948825836182 0.30789101123809814
0.1609743982553482 0.15309974551200867 0.31498610973358154
0.15247151255607605 0.144926056265831 0.3018183708190918
0.1536329686641693 0.14639396965503693 0.28955966234207153
0.14774024486541748 0.14040136337280273 0.29355496168136597
0.1415761560201645 0.13415561616420746 0.2968217730522156
0.13873234391212463 0.13179586827754974 0.2774592936038971
0.1388106346130371 0.13113832473754883 0.3068925738334656
0.1355394572019577 0.12878409028053284 0.27021491527557373
0.13318592309951782 0.12659916281700134 0.26347020268440247
0.12669388949871063 0.11994492262601852 0.2699585556983948
0.12060704082250595 0.11440043151378632 0.2482643723487854
0.11823045462369919 0.11181777715682983 0.2565072178840637
0.11349636316299438 0.10697656869888306 0.2607917785644531
0.11795876920223236 0.11218160390853882 0.23108674585819244
0.10764622688293457 0.10179746896028519 0.23395028710365295
0.10642915964126587 0.10055474191904068 0.23497681319713593
0.1093524768948555 0.10298344492912292 0.25476136803627014
0.10112661123275757 0.09539377689361572 0.2293134331703186
0.09776505827903748 0.09209878742694855 0.2266509234905243
0.10187629610300064 0.09559093415737152 0.2514144480228424
0.0985768660902977 0.0934053361415863 0.20686107873916626
0.09721839427947998 0.09130460023880005 0.23655177652835846
0.09454454481601715 0.08923344314098358 0.21244391798973083
0.09146306663751602 0.08634866774082184 0.20457608997821808
0.08792731165885925 0.08237336575984955 0.22215768694877625
0.08990919589996338 0.08524748682975769 0.18646827340126038
0.08746758848428726 0.0823008120059967 0.20667098462581635
0.09280026704072952 0.08751744031906128 0.21131302416324615
0.0889672264456749 0.08376678079366684 0.208017960190773
0.08486047387123108 0.0801028311252594 0.19030578434467316
0.08425586670637131 0.07923673093318939 0.20076532661914825
0.0856652557849884 0.08059969544410706 0.20262229442596436
0.08987194299697876 0.08494321256875992 0.19714921712875366
0.08472611010074615 0.08004221320152283 0.18735572695732117
0.08168523013591766 0.076780766248703 0.19617849588394165
0.0763893648982048 0.07152664661407471 0.1945088654756546
0.07898066937923431 0.07428351044654846 0.18788647651672363
0.08368118852376938 0.07927484810352325 0.17625367641448975
0.07402928918600082 0.06969290226697922 0.17345550656318665
0.0777619332075119 0.07283127307891846 0.19722625613212585
0.07768049091100693 0.07286413013935089 0.1926542967557907
0.0731002688407898 0.06882023811340332 0.17120108008384705
0.07493443042039871 0.07044357061386108 0.17963433265686035
0.07522238790988922 0.07108426094055176 0.16552510857582092
0.07148385047912598 0.0672813206911087 0.1681012511253357
0.07183422893285751 0.067880779504776 0.1581379771232605
0.07340966165065765 0.06904403865337372 0.174624964594841
0.06918109208345413 0.06497669219970703 0.16817602515220642
0.07052300870418549 0.06644683331251144 0.16304704546928406
0.07076307386159897 0.06691892445087433 0.15376606583595276
0.07211370021104813 0.06816554814577103 0.1579260528087616
0.07135718315839767 0.06730545312166214 0.16206929087638855
0.07059188187122345 0.06666961312294006 0.1568906009197235
0.06967686861753464 0.06561434268951416 0.16250105202198029
0.06888440996408463 0.06507939100265503 0.15220066905021667
0.07264229655265808 0.06900876015424728 0.14534148573875427
0.07080039381980896 0.06689421832561493 0.1562471091747284
0.06825917214155197 0.06445532292127609 0.152153879404068
0.0673813670873642 0.063728928565979 0.14609743654727936
0.06840121746063232 0.06487768888473511 0.14094114303588867
0.06688583642244339 0.06369969993829727 0.12744545936584473
0.06542952358722687 0.06168413907289505 0.14981535077095032
0.06824342161417007 0.06457856297492981 0.14659447968006134
0.06619483977556229 0.06254196166992188 0.14611504971981049
0.06806968152523041 0.06464521586894989 0.13697859644889832
0.0641499012708664 0.06054725870490074 0.14410558342933655
0.06349711120128632 0.06031469255685806 0.1272968351840973
0.06323367357254028 0.05944167077541351 0.15168015658855438
0.06447938084602356 0.06102551519870758 0.13815447688102722
0.06482942402362823 0.06176048517227173 0.12275746464729309
0.06045689061284065 0.05702349916100502 0.1373356282711029
0.0612458810210228 0.058086562901735306 0.1263727843761444
0.06719592958688736 0.06375914812088013 0.13747136294841766
0.06495743989944458 0.06166360527276993 0.1317533254623413
0.06292886286973953 0.059679560363292694 0.1299719661474228
0.06392113864421844 0.06080102175474167 0.12480466812849045
0.060053762048482895 0.056908927857875824 0.12579339742660522
0.06410825252532959 0.061067260801792145 0.12163955718278885
0.06638164073228836 0.06330505013465881 0.12306375056505203
0.06637733429670334 0.06324391067028046 0.12533706426620483
0.061472754925489426 0.05829077586531639 0.12727919220924377
0.06297086179256439 0.06011712923645973 0.11414919793605804
0.06084425002336502 0.05809614807367325 0.10992409288883209
0.06215334311127663 0.05925866216421127 0.11578722298145294
0.06267528980970383 0.059675998985767365 0.11997149884700775
0.06198214367032051 0.05912750959396362 0.1141854077577591
0.06264045834541321 0.05986086651682854 0.11118364334106445
0.0615541972219944 0.05859486013650894 0.11837351322174072
0.06037987396121025 0.0574740394949913 0.11623337864875793
0.05825825035572052 0.055534929037094116 0.10893277823925018
0.06543516367673874 0.06265934556722641 0.11103258281946182
0.06387032568454742 0.06086709722876549 0.12012923508882523
0.06377477943897247 0.06085693836212158 0.11671358346939087
0.06417890638113022 0.06106480583548546 0.12456405162811279
0.05987175926566124 0.05698758363723755 0.11536702513694763
0.06416318565607071 0.06134733557701111 0.11263392865657806
0.06010877341032028 0.057466425001621246 0.10569392144680023
0.059789229184389114 0.05713450536131859 0.10618890821933746
0.062399186193943024 0.05960413068532944 0.11180227994918823
0.06275186687707901 0.05992414057254791 0.11310913413763046
0.0598604679107666 0.057270847260951996 0.10358477383852005
0.061428945511579514 0.058732256293296814 0.10786759853363037
0.06336420774459839 0.060841917991638184 0.10089154541492462
0.06255000829696655 0.0596715584397316 0.11513804644346237
0.06243893876671791 0.05988585948944092 0.10212315618991852
0.059232063591480255 0.05650446563959122 0.10910393297672272
0.061414822936058044 0.05877581238746643 0.10556034743785858
0.05910610407590866 0.05663781613111496 0.09873151779174805
0.06245787441730499 0.05977189540863037 0.10743914544582367
0.05913977324962616 0.05646178498864174 0.10711953788995743
0.06260576099157333 0.059882234781980515 0.10894114524126053
0.05792558193206787 0.0555109828710556 0.09658397734165192
0.0574759915471077 0.05499567463994026 0.09921272844076157
0.062303103506565094 0.0599372424185276 0.09463439881801605
0.059132229536771774 0.056802645325660706 0.09318333119153976
0.060718923807144165 0.05810649320483208 0.10449720174074173
0.06000844016671181 0.057652123272418976 0.09425272047519684
0.05966908484697342 0.057195283472537994 0.0989520251750946
0.05899505317211151 0.05646312236785889 0.10127724707126617
0.0598839595913887 0.05772331729531288 0.08642564713954926
0.05605947598814964 0.053608618676662445 0.09803435206413269
0.059154946357011795 0.05670764297246933 0.09789209067821503
0.06168966740369797 0.05941198766231537 0.09110723435878754
0.06133115291595459 0.05894055217504501 0.09562397003173828
0.05899089574813843 0.05674630403518677 0.08978360891342163
0.05724979192018509 0.054908934980630875 0.09363432228565216
0.059986412525177 0.05769552290439606 0.09163564443588257
0.06316734105348587 0.060972098261117935 0.08780968934297562
0.06242834031581879 0.06021025776863098 0.0887233316898346
0.056536588817834854 0.05431484431028366 0.08886972069740295
0.05709576606750488 0.05501556023955345 0.08320821821689606
0.06232268735766411 0.060118384659290314 0.08817211538553238
0.05946865305304527 0.05740853399038315 0.08240477740764618
0.058475062251091 0.056341562420129776 0.08533996343612671
0.062406931072473526 0.060144681483507156 0.09049000591039658
0.05547810718417168 0.053353287279605865 0.08499286323785782
0.059596821665763855 0.05754007399082184 0.0822698324918747
0.059588536620140076 0.05746518447995186 0.08493410050868988
0.058139778673648834 0.056132376194000244 0.08029608428478241
0.05826680362224579 0.05636958032846451 0.075888991355896
0.05472060665488243 0.05285489559173584 0.07462841272354126
0.05783979967236519 0.05578625202178955 0.0821419283747673
0.058876801282167435 0.05665162205696106 0.08900710940361023
0.05969290807843208 0.05759788304567337 0.08380106836557388
0.06188614293932915 0.059833936393260956 0.08208821713924408
0.057276658713817596 0.05512923374772072 0.0858970358967781
0.05813990905880928 0.05624910071492195 0.07563234120607376
0.05443797633051872 0.05263908579945564 0.071955606341362
0.057448212057352066 0.055537834763526917 0.07641511410474777
0.05856497958302498 0.056621089577674866 0.07775559276342392
0.05755462124943733 0.05566686391830444 0.07551033794879913
0.05695708841085434 0.05523186922073364 0.0690087378025055
0.054794300347566605 0.05293745547533035 0.07427383214235306
0.05890447646379471 0.057052090764045715 0.07409541308879852
0.05809127539396286 0.05631305277347565 0.07112885266542435
0.0579899437725544 0.05601520091295242 0.07898968458175659
0.05604073777794838 0.05416318029165268 0.07510232925415039
0.056003306061029434 0.05390915274620056 0.08376610279083252
0.05858338251709938 0.05678219348192215 0.07204756140708923
0.05958477035164833 0.05772804468870163 0.07426903396844864
0.05766754224896431 0.05580420047044754 0.07453370094299316
0.056724462658166885 0.05496563762426376 0.07035298645496368
0.05716122314333916 0.055254168808460236 0.07628220319747925
0.05677342414855957 0.055030252784490585 0.06972678750753403
0.05650388449430466 0.05490534380078316 0.06394166499376297
0.05764235183596611 0.05602988600730896 0.06449868530035019
0.05537981167435646 0.053740836679935455 0.06555896252393723
0.05380710959434509 0.052212633192539215 0.06377901136875153
0.05563584342598915 0.05396062880754471 0.0670085996389389
0.05749732628464699 0.05583532154560089 0.06648015230894089
0.053592268377542496 0.05198385566473007 0.06433651596307755
0.05787666514515877 0.056112140417099 0.07058093696832657
0.059410806745290756 0.05776100605726242 0.06599202752113342
0.057553548365831375 0.055711910128593445 0.07366549968719482
0.0561094656586647 0.05438132584095001 0.06912562251091003
0.05991632863879204 0.05825075879693031 0.0666227638721466
0.05955830216407776 0.05791504308581352 0.06573035567998886
0.05813729763031006 0.056413475424051285 0.06895285844802856
0.05869826674461365 0.05694328993558884 0.07019907981157303
0.05799497291445732 0.05648556724190712 0.060376182198524475
0.05524710938334465 0.05362696945667267 0.06480561941862106
0.055757082998752594 0.05414183810353279 0.06460976600646973
0.057516686618328094 0.05577688664197922 0.06959206610918045
0.060087718069553375 0.05845002084970474 0.06550782173871994
0.05715864896774292 0.055578459054231644 0.06320758908987045
0.0537261962890625 0.0521431639790535 0.06332127004861832
0.05360068753361702 0.05220496654510498 0.05582885816693306
0.057652853429317474 0.05603655427694321 0.0646519660949707
0.061705514788627625 0.06015259400010109 0.06211680918931961
0.055964771658182144 0.054534170776605606 0.05722406506538391
0.05662410333752632 0.05499023199081421 0.06535479426383972
0.054012730717659 0.052432477474212646 0.06321015954017639
0.054704148322343826 0.053265634924173355 0.05754055827856064
0.05756629630923271 0.05599144846200943 0.06299388408660889
0.05953311175107956 0.05790988355875015 0.06492914259433746
0.05641554668545723 0.0549134835600853 0.06008252128958702
0.0544821061193943 0.05307065695524216 0.05645794793963432
0.05601252615451813 0.05462011322379112 0.05569644272327423
0.05508222058415413 0.05364341288805008 0.057552359998226166
0.05349023640155792 0.05200256407260895 0.059506870806217194
0.05708476901054382 0.05557800829410553 0.06027040258049965
0.054992660880088806 0.05355699360370636 0.057426705956459045
0.05630335956811905 0.054801106452941895 0.060090113431215286
0.05706866830587387 0.05560652166604996 0.05848584324121475
0.05337885767221451 0.05206086114048958 0.05271990969777107
0.05783484876155853 0.056333743035793304 0.060044169425964355
0.05768856406211853 0.05630677938461304 0.0552714541554451
0.054253268986940384 0.05285954847931862 0.05574885010719299
0.05332450941205025 0.05192331224679947 0.0560479536652565
0.0566626712679863 0.055225670337677 0.057480085641145706
0.055866774171590805 0.05430158972740173 0.06260733306407928
0.05564679577946663 0.054374631494283676 0.050886500626802444
0.054582640528678894 0.05313396453857422 0.05794708430767059
0.055219974368810654 0.05404982715845108 0.04680592566728592
0.05692075937986374 0.055581964552402496 0.053551845252513885
0.05457569286227226 0.05319695174694061 0.05514964833855629
0.05446910858154297 0.05326349288225174 0.048224687576293945
0.057022374123334885 0.05572287738323212 0.051979877054691315
0.0562882237136364 0.05497162789106369 0.05266377329826355
0.057719629257917404 0.05626412481069565 0.05822012573480606
0.05350866541266441 0.0522177591919899 0.05163630098104477
0.05551575869321823 0.0541197769343853 0.05583924055099487
0.05485900118947029 0.053570620715618134 0.051535189151763916
0.054521478712558746 0.05326347053050995 0.0503203421831131
0.05285434424877167 0.05158727988600731 0.05068257451057434
0.05667353421449661 0.05537370964884758 0.051992982625961304
0.05788620933890343 0.056689511984586716 0.04786791652441025
0.054942257702350616 0.05371558293700218 0.049066923558712006
0.052877336740493774 0.05167920142412186 0.0479254350066185
0.056526727974414825 0.05527665466070175 0.050002895295619965
0.0531923808157444 0.051912613213062286 0.05119066685438156
0.05502066761255264 0.05367378890514374 0.053875137120485306
0.05259939655661583 0.051347650587558746 0.05006986856460571
0.05272706225514412 0.051515914499759674 0.04844583943486214
0.05291994288563728 0.05172619968652725 0.04774972051382065
0.05847622826695442 0.05728564411401749 0.04762331023812294
0.05805811285972595 0.05682440847158432 0.04934815317392349
0.056485097855329514 0.055300936102867126 0.047366462647914886
0.054907482117414474 0.053657371550798416 0.05000443384051323
0.0530032254755497 0.05177905783057213 0.04896672070026398
0.05775092542171478 0.056555360555648804 0.04782254248857498
0.05304546281695366 0.05186312645673752 0.04729343205690384
0.0573686920106411 0.05611632019281387 0.05009486526250839
0.05614754185080528 0.054875850677490234 0.0508677139878273
0.056126296520233154 0.054980818182229996 0.04581916704773903
0.052942536771297455 0.051811546087265015 0.04523960500955582
0.05477612465620041 0.053698599338531494 0.04310104250907898
0.056432031095027924 0.05533380061388016 0.043929263949394226
0.05486582964658737 0.053715452551841736 0.04601510614156723
0.05454698204994202 0.053443893790245056 0.044123463332653046
0.055596042424440384 0.0544477142393589 0.04593319445848465
0.05366924777626991 0.05256517231464386 0.04416302591562271
0.05885212868452072 0.05771823227405548 0.045355916023254395
0.05373109132051468 0.05261407047510147 0.04468076676130295
0.055320367217063904 0.05420418456196785 0.044647328555583954
0.05636518448591232 0.055234022438526154 0.04524655640125275
0.05525321140885353 0.05412110686302185 0.045284222811460495
0.05247369781136513 0.05141473561525345 0.04235842078924179
0.05516916513442993 0.05413259193301201 0.04146292060613632
0.05472080782055855 0.05366480350494385 0.042240239679813385
0.05504125356674194 0.0539989247918129 0.04169312119483948
0.056575220078229904 0.055467456579208374 0.044310592114925385
0.05232934653759003 0.05111898481845856 0.04841446503996849
0.05552968382835388 0.054368484765291214 0.046447914093732834
0.05444799363613129 0.05341318994760513 0.04139208048582077
0.053900741040706635 0.05287589505314827 0.04099387675523758
0.055181458592414856 0.05402623862028122 0.04620879888534546
0.049175310879945755 0.048254963010549545 0.036813922226428986
0.05400387570261955 0.05288684368133545 0.044681333005428314
0.054218683391809464 0.05309518054127693 0.04494012892246246
0.05553707480430603 0.05449026823043823 0.0418722927570343
0.055309828370809555 0.05412833392620087 0.04725983738899231
0.05527174100279808 0.05413258075714111 0.045566439628601074
0.05743518844246864 0.05641310289502144 0.0408833771944046
0.05870642513036728 0.05754438042640686 0.04648171737790108
0.05558185279369354 0.05459337681531906 0.039538972079753876
0.05587422102689743 0.054850514978170395 0.040948279201984406
0.05790065973997116 0.05676984041929245 0.045232709497213364
0.05429094284772873 0.05333009362220764 0.03843400627374649
0.05241933465003967 0.051433779299259186 0.03942222148180008
0.05448833480477333 0.05355439707636833 0.03735756874084473
0.055763110518455505 0.054820023477077484 0.03772344812750816
0.05594551935791969 0.05500892549753189 0.03746376559138298
0.051407717168331146 0.05038401484489441 0.04094807803630829
0.05386297404766083 0.05282396823167801 0.041560158133506775
0.0532083623111248 0.05231376364827156 0.035783953964710236
0.05203999951481819 0.051067057996988297 0.03891761228442192
0.05106944590806961 0.0500318743288517 0.04150291159749031
0.05560750886797905 0.054691705852746964 0.03663216531276703
0.05808693543076515 0.05722605064511299 0.03443533927202225
0.05452322959899902 0.05352776497602463 0.0398186594247818
0.05449260398745537 0.05354812741279602 0.03777912259101868
0.05496278032660484 0.05399574339389801 0.038681499660015106
0.05617428570985794 0.05521554499864578 0.038349591195583344
0.057926248759031296 0.05688684061169624 0.04157634079456329
0.05364910513162613 0.052626535296440125 0.040902864187955856
0.058146990835666656 0.05716302618384361 0.039358656853437424
0.05593577027320862 0.05496624484658241 0.03878099098801613
0.0521404966711998 0.05113924294710159 0.0400502048432827
0.055788803845644 0.05479199439287186 0.03987244516611099
0.056857772171497345 0.05578670650720596 0.04284260421991348
0.05246065929532051 0.05162401124835014 0.033465854823589325
0.05549522861838341 0.05449648201465607 0.03994983807206154
0.05811106413602829 0.056992024183273315 0.04476165026426315
0.0514584556221962 0.050537027418613434 0.036857083439826965
0.051543861627578735 0.050607357174158096 0.03746012598276138
0.053368814289569855 0.05240912362933159 0.03838767856359482
0.05325108766555786 0.05228530615568161 0.03863120079040527
0.06024613976478577 0.05923979729413986 0.04025377333164215
0.05365851894021034 0.05263876914978027 0.04078996554017067
0.054462969303131104 0.05359134450554848 0.03486493229866028
0.05110334977507591 0.05016220360994339 0.0376458540558815
0.048544738441705704 0.047665275633335114 0.035178519785404205
0.053446993231773376 0.05256792902946472 0.03516262769699097
0.05388374999165535 0.05299576744437218 0.03551929444074631
0.054972946643829346 0.05408854782581329 0.0353759303689003
0.052510324865579605 0.051703404635190964 0.03227686882019043
0.05807429924607277 0.05714403837919235 0.037210382521152496
0.059067677706480026 0.05824663117527962 0.03284183889627457
0.05421501025557518 0.053302470594644547 0.03650159388780594
0.056071821600198746 0.0550558939576149 0.040637075901031494
0.056505050510168076 0.05550701916217804 0.03992123901844025
0.05491557717323303 0.05401402339339256 0.036062221974134445
0.05362430587410927 0.05281490087509155 0.03237619996070862
0.05170378461480141 0.05076336860656738 0.03761666268110275
0.05289158970117569 0.05197901278734207 0.03650304675102234
0.05156276002526283 0.05062669515609741 0.03744254261255264
0.054781943559646606 0.05382454767823219 0.03829582408070564
0.05594176426529884 0.0550910085439682 0.03403029590845108
0.052729152143001556 0.051767852157354355 0.03845204412937164
0.05370799079537392 0.052777692675590515 0.03721191734075546
0.05207325145602226 0.05124472826719284 0.033140964806079865
0.05183462053537369 0.050978150218725204 0.03425879776477814
0.057007625699043274 0.05619700625538826 0.032424792647361755
0.05634326860308647 0.0554870069026947 0.03425049036741257
0.05398385599255562 0.053190700709819794 0.03172614425420761
0.053790971636772156 0.05297696217894554 0.03256037086248398
0.05431012436747551 0.05348711460828781 0.032920341938734055
0.05430864542722702 0.05335965007543564 0.037959836423397064
0.05398915708065033 0.05320510268211365 0.031362153589725494
0.05685727670788765 0.05598049610853195 0.035071197897195816
0.05124897137284279 0.050438012927770615 0.03243827447295189
0.050993412733078 0.05018598958849907 0.03229696303606033
0.05425205081701279 0.053445927798748016 0.032244980335235596
0.05391265079379082 0.05309785157442093 0.03259200602769852
0.05389423295855522 0.05304110422730446 0.034125104546546936
0.05359818413853645 0.05272051692008972 0.035106733441352844
0.05614880472421646 0.05533633008599281 0.03249895200133324
0.05632738769054413 0.05556759983301163 0.030391579493880272
0.05343469977378845 0.05266895145177841 0.030629966408014297
0.05613994598388672 0.05533022806048393 0.032388728111982346
0.05315819010138512 0.05234624445438385 0.03247786685824394
0.055982962250709534 0.0551484040915966 0.03338238596916199
0.054919518530368805 0.05415337532758713 0.030645769089460373
0.053370729088783264 0.0525643564760685 0.0322548970580101
0.05337117239832878 0.05255129933357239 0.032794926315546036
0.05170399323105812 0.05091983452439308 0.03136638551950455
0.056181810796260834 0.05534415692090988 0.0335061177611351
0.05260353907942772 0.051826111972332 0.03109706938266754
0.05376998707652092 0.05298434570431709 0.03142569959163666
0.053645189851522446 0.05284260958433151 0.032103281468153
0.05169101804494858 0.05088527500629425 0.032229773700237274
0.05089382827281952 0.05012686550617218 0.03067852184176445
0.052548281848430634 0.05170281231403351 0.03381873667240143
0.05556199327111244 0.05480121076107025 0.030431300401687622
0.05010644719004631 0.049362458288669586 0.02975960075855255
0.05400131270289421 0.05332576483488083 0.027021942660212517
0.05379831790924072 0.05301826447248459 0.03120213747024536
0.05636751651763916 0.05555001646280289 0.032700058072805405
0.05486442893743515 0.054056908935308456 0.03230082243680954
0.05568978562951088 0.05483637750148773 0.03413630276918411
0.05406983196735382 0.053314194083213806 0.030225500464439392
0.05448797717690468 0.05373704433441162 0.030037250369787216
0.052853673696517944 0.05212722718715668 0.02905791811645031
0.05186575651168823 0.051140740513801575 0.029000673443078995
0.05606866627931595 0.05536964535713196 0.027960792183876038
0.0509074330329895 0.05019650608301163 0.028437035158276558
0.052910204976797104 0.05215774476528168 0.03009839728474617
0.0525740422308445 0.051792435348033905 0.03126431629061699
0.05041230842471123 0.049757055938243866 0.026210099458694458
0.0549156591296196 0.05420428887009621 0.028454884886741638
0.050840169191360474 0.05016009509563446 0.027203019708395004
0.051035307347774506 0.05039658397436142 0.02554897591471672
0.054106567054986954 0.05343448370695114 0.026883330196142197
0.056104619055986404 0.05541670322418213 0.02751661092042923
0.05476760119199753 0.05396823585033417 0.03197462111711502
0.052630700170993805 0.05196734890341759 0.026534004136919975
0.05393785983324051 0.05327518284320831 0.026507096365094185
0.05413410812616348 0.053418926894664764 0.02860730141401291
0.05615336075425148 0.05549214780330658 0.026448480784893036
0.05588532239198685 0.05515458434820175 0.02922944724559784
0.05250723659992218 0.05180943012237549 0.027912333607673645
0.052226483821868896 0.051512304693460464 0.02856709621846676
0.05388198047876358 0.05319824814796448 0.027349257841706276
0.053513817489147186 0.05272349715232849 0.031612880527973175
0.051782675087451935 0.051127493381500244 0.026207204908132553
0.05604309216141701 0.05532963573932648 0.02853829227387905
0.054176583886146545 0.053498219698667526 0.027134638279676437
0.05721975490450859 0.05657605081796646 0.025748103857040405
0.05243586376309395 0.05175616592168808 0.02718786895275116
0.05221901834011078 0.05159083381295204 0.02512742392718792
0.04933895915746689 0.04868058115243912 0.02633507177233696
0.05417429283261299 0.053422681987285614 0.030064478516578674
0.05251410976052284 0.05180658400058746 0.028301021084189415
0.05426647141575813 0.05360427871346474 0.026487717404961586
0.05261097475886345 0.05200755596160889 0.02413669228553772
0.05770118162035942 0.057019274681806564 0.027276234701275826
0.05249597504734993 0.05186356604099274 0.025296293199062347
0.053907278925180435 0.05329865962266922 0.024344798177480698
0.05302086099982262 0.05242706462740898 0.023751799017190933
0.051861248910427094 0.05125943198800087 0.024072697386145592
0.0498538538813591 0.04914579540491104 0.028322290629148483
0.04959823563694954 0.04896888509392738 0.025174090638756752
0.05295715853571892 0.052267886698246 0.027570832520723343
0.05447593331336975 0.053807102143764496 0.026753321290016174
0.05608215183019638 0.05537950620055199 0.028105854988098145
0.05342782288789749 0.052821483463048935 0.02425353042781353
0.05266242474317551 0.05205594003200531 0.02425939217209816
0.05350872129201889 0.052885767072439194 0.024918105453252792
0.05550721660256386 0.05487782135605812 0.02517574280500412
0.05459384620189667 0.05397395044565201 0.024795766919851303
0.048614270985126495 0.048056796193122864 0.022298941388726234
0.05597837641835213 0.055398277938365936 0.023204009979963303
0.05223311483860016 0.05160927027463913 0.024953842163085938
0.05221758410334587 0.05164644867181778 0.022845424711704254
0.05221182480454445 0.051575757563114166 0.025442635640501976
0.05463492497801781 0.05406621843576431 0.022748272866010666
0.055550746619701385 0.05487417057156563 0.0270630344748497
0.054483506828546524 0.05386943370103836 0.024562988430261612
0.05304787680506706 0.05247741565108299 0.02281840518116951
0.051128584891557693 0.05056985095143318 0.02234930731356144
0.05286742001771927 0.052232470363378525 0.025397932156920433
0.05217325687408447 0.051613591611385345 0.022386638447642326
0.055170636624097824 0.05453750491142273 0.025325201451778412
0.05400359630584717 0.053367212414741516 0.02545529417693615
0.055009663105010986 0.054384153336286545 0.025020400062203407
0.05501942336559296 0.05441933870315552 0.024003393948078156
0.054350193589925766 0.05374952778220177 0.02402661181986332
0.052453748881816864 0.051828835159540176 0.024996530264616013
0.04970022290945053 0.04917949438095093 0.020829137414693832
0.05017505958676338 0.04960223659873009 0.022912941873073578
0.0512697733938694 0.05068838596343994 0.023255513980984688
0.0548325851559639 0.054199058562517166 0.02534111775457859
0.05701252445578575 0.05632684379816055 0.02742721512913704
0.052316583693027496 0.05171290040016174 0.02414729818701744
0.05613263323903084 0.05544910207390785 0.027341291308403015
0.05249149724841118 0.051980216056108475 0.020451221615076065
0.05262323468923569 0.05204769968986511 0.02302134409546852
0.05463496595621109 0.05403658747673035 0.02393517643213272
0.052089616656303406 0.051435474306344986 0.026165645569562912
0.05318903177976608 0.052676692605018616 0.020493626594543457
0.05374759063124657 0.05313156172633171 0.024641092866659164
0.05265809968113899 0.052045077085494995 0.02452094852924347
0.05493880808353424 0.05435377359390259 0.023401405662298203
0.050717175006866455 0.050114795565605164 0.024095188826322556
0.054220303893089294 0.05361289530992508 0.02429634891450405
0.05095122754573822 0.05040689557790756 0.021773280575871468
0.05635799467563629 0.055767595767974854 0.023615941405296326
0.05318446829915047 0.05263102427124977 0.022137688472867012
0.05438704043626785 0.05381954088807106 0.022699937224388123
0.05605144798755646 0.055480122566223145 0.02285304293036461
0.051036328077316284 0.05049971491098404 0.021464476361870766
0.053703583776950836 0.053133103996515274 0.022819116711616516
0.05232594534754753 0.05178627371788025 0.021586891263723373
0.05224299430847168 0.05163893848657608 0.02416219934821129
0.0548408105969429 0.05432553589344025 0.02061101235449314
0.053408194333314896 0.05283490568399429 0.022931504994630814
0.05240471661090851 0.05180300027132034 0.024068642407655716
0.049968171864748 0.049434274435043335 0.021355926990509033
0.050963107496500015 0.05045047402381897 0.02050527185201645
0.05517579987645149 0.05461335554718971 0.022497771307826042
0.05391371622681618 0.05336979404091835 0.021756842732429504
0.0501750223338604 0.0496709942817688 0.02016117051243782
0.05187990888953209 0.05134086310863495 0.021561861038208008
0.05061542987823486 0.05011364817619324 0.020071201026439667
0.052258726209402084 0.051794037222862244 0.018587596714496613
0.05452733859419823 0.05398930609226227 0.021521322429180145
0.05411107465624809 0.053583502769470215 0.021102825179696083
0.05172304809093475 0.05115754157304764 0.02262020856142044
0.05455771088600159 0.05403364822268486 0.020962536334991455
0.050039924681186676 0.04948651045560837 0.02213652804493904
0.051431991159915924 0.05088108032941818 0.02203640155494213
0.052130118012428284 0.051601409912109375 0.021148283034563065
0.05176708102226257 0.05121586471796036 0.022048670798540115
0.05305471271276474 0.05252315104007721 0.021262500435113907
0.0547153502702713 0.05412847176194191 0.023475155234336853
0.05473818629980087 0.054241664707660675 0.01986091397702694
0.051558397710323334 0.051022011786699295 0.021455388516187668
0.05320950597524643 0.0526091605424881 0.024013858288526535
0.053606562316417694 0.05310886353254318 0.019907932728528976
0.05459147319197655 0.05396023765206337 0.025249434635043144
0.05383213981986046 0.05326554924249649 0.022663624957203865
0.05250931158661842 0.05198913812637329 0.020806988701224327
0.05133679881691933 0.050804100930690765 0.02130785584449768
0.05116819217801094 0.05069223791360855 0.01903822273015976
0.05336499214172363 0.0528106726706028 0.022172711789608
0.05326239392161369 0.05272470414638519 0.021507663652300835
0.055478375405073166 0.054924461990594864 0.022156598046422005
0.05069515481591225 0.05021112412214279 0.019361190497875214
0.052058037370443344 0.051495879888534546 0.022486239671707153
0.05850008875131607 0.0578976646065712 0.02409692481160164
0.050743233412504196 0.05024516582489014 0.019922733306884766
0.05391160398721695 0.053411029279232025 0.02002302184700966
0.05374331399798393 0.05319896340370178 0.02177407220005989
0.05241287872195244 0.05192474275827408 0.019525501877069473
0.051687974482774734 0.05119256675243378 0.019816339015960693
0.05098903551697731 0.05045735090970993 0.021267421543598175
0.049469634890556335 0.048981815576553345 0.01951277256011963
0.05458217114210129 0.05410875380039215 0.01893668621778488
0.05537932738661766 0.05485517159104347 0.02096625231206417
0.05155806243419647 0.05108339339494705 0.018986787647008896
0.05094757676124573 0.05045861378312111 0.019558575004339218
0.05261426791548729 0.052126623690128326 0.019505806267261505
0.05077258497476578 0.050202347338199615 0.02280956506729126
0.05329187214374542 0.05280473083257675 0.01948564499616623
0.051439255475997925 0.0509880930185318 0.018046477809548378
0.05055047571659088 0.050121910870075226 0.017142536118626595
0.054675858467817307 0.054145243018865585 0.021224655210971832
0.054304637014865875 0.05381762236356735 0.019480574876070023
0.05535898730158806 0.05484004318714142 0.020757801830768585
0.05601462721824646 0.05557151138782501 0.017724573612213135
0.055237382650375366 0.054791972041130066 0.017816394567489624
0.05450062081217766 0.05407144874334335 0.0171668604016304
0.05517646297812462 0.05467057600617409 0.02023540809750557
0.05207453668117523 0.05156942456960678 0.02020454779267311
0.053463902324438095 0.05295901000499725 0.02019573748111725
0.05260663107037544 0.05213198438286781 0.01898592710494995
0.05093155428767204 0.05048903077840805 0.017700912430882454
0.05314904451370239 0.05268809571862221 0.018437985330820084
0.05165533721446991 0.05115694925189018 0.01993558369576931
0.052498072385787964 0.05201341584324837 0.01938626915216446
0.053010642528533936 0.052533142268657684 0.01910008117556572
0.055158376693725586 0.054631296545267105 0.02108323574066162
0.05627032369375229 0.05580894649028778 0.018455157056450844
0.05422882363200188 0.05369400605559349 0.021392684429883957
0.0531298890709877 0.05267755687236786 0.018093256279826164
0.05367521569132805 0.053190164268016815 0.019402051344513893
0.05558659881353378 0.05510243773460388 0.019366396591067314
0.05279165133833885 0.0523504912853241 0.0176464281976223
0.05014471337199211 0.04967168718576431 0.01892104372382164
0.05151720345020294 0.050989795476198196 0.0210963636636734
0.054964691400527954 0.054514072835445404 0.018024781718850136
0.05446821451187134 0.054028626531362534 0.017583556473255157
0.053599562495946884 0.0530986562371254 0.020036321133375168
0.04894464090466499 0.0484873428940773 0.018291935324668884
0.052363358438014984 0.051899708807468414 0.0185459703207016
0.05248989164829254 0.05206052213907242 0.017174717038869858
0.05348055064678192 0.05305033549666405 0.01720855012536049
0.05111493170261383 0.0506720095872879 0.01771681383252144
0.05362805351614952 0.05316777527332306 0.0184111837297678
0.05076678469777107 0.05029706656932831 0.01878870651125908
0.04726536571979523 0.046917907893657684 0.013898303732275963
0.051553789526224136 0.051111750304698944 0.017681527882814407
0.05295366048812866 0.05249161273241043 0.018481839448213577
0.05298382043838501 0.05251239612698555 0.01885703206062317
0.05116048827767372 0.05071793496608734 0.01770220510661602
0.050798770040273666 0.05035350099205971 0.017810795456171036
0.05092456191778183 0.05047006905078888 0.018179766833782196
0.054031483829021454 0.05356704443693161 0.01857757568359375
0.05298488214612007 0.05251145362854004 0.01893708109855652
0.04991979897022247 0.04947493225336075 0.017794642597436905
0.05099363997578621 0.05055932328104973 0.017372634261846542
0.053445965051651 0.05294684320688248 0.019964899867773056
0.052421413362026215 0.05199412629008293 0.017091484740376472
0.05005240440368652 0.049676477909088135 0.015037020668387413
0.05332949757575989 0.05288561433553696 0.01775529608130455
0.05098845437169075 0.0505625419318676 0.017036553472280502
0.05296923965215683 0.05250662565231323 0.018504612147808075
0.055508144199848175 0.05503842234611511 0.018788855522871017
0.056369926780462265 0.05586349219083786 0.02025744877755642
0.04817679151892662 0.04776652902364731 0.016410458832979202
0.053693000227212906 0.0532313734292984 0.018465012311935425
0.05270254239439964 0.052237074822187424 0.018618768081068993
0.05213731899857521 0.051661573350429535 0.019029758870601654
0.05301288142800331 0.05254729837179184 0.018623273819684982
0.05479222163558006 0.05432700365781784 0.01860874891281128
0.05344850569963455 0.05298127233982086 0.01868937723338604
0.05434525012969971 0.05389546602964401 0.01799129508435726
0.0504387728869915 0.05002359300851822 0.016607187688350677
0.05161197856068611 0.05120794102549553 0.01616145297884941
0.054651107639074326 0.05424357205629349 0.01630147360265255
0.04854752495884895 0.048080746084451675 0.018671151250600815
0.052399467676877975 0.05198132246732712 0.016725771129131317
0.05209553241729736 0.051689621061086655 0.016236476600170135
0.05512300506234169 0.05471101775765419 0.016479508951306343
0.05250668525695801 0.05204858258366585 0.01832415908575058
0.05156761780381203 0.0510818287730217 0.019431576132774353
0.05680195987224579 0.05639501288533211 0.016277868300676346
0.05053466185927391 0.05015908181667328 0.015023198910057545
0.05232325568795204 0.051876701414585114 0.017862098291516304
0.05226590856909752 0.051769405603408813 0.019860124215483665
0.0503309965133667 0.049923039972782135 0.016318267211318016
0.053698036819696426 0.053249724209308624 0.017932575196027756
0.04957915470004082 0.04919750243425369 0.015266121365129948
0.04992477223277092 0.04947288706898689 0.018075406551361084
0.055003754794597626 0.05456436797976494 0.017575513571500778
0.052548449486494064 0.052122749388217926 0.01702794060111046
0.05380234122276306 0.05338773503899574 0.016584210097789764
0.05213973671197891 0.051751408725976944 0.015533121302723885
0.05152600631117821 0.05106090381741524 0.018604040145874023
0.050409946590662 0.04996737837791443 0.017702685669064522
0.054666657000780106 0.054225336760282516 0.017652757465839386
0.05340868607163429 0.05300632119178772 0.016094565391540527
0.0507512204349041 0.050374820828437805 0.015055985189974308
0.050712622702121735 0.050287216901779175 0.017016228288412094
0.05499628558754921 0.05450328066945076 0.01972026750445366
0.054758910089731216 0.05431182682514191 0.017883379012346268
0.05477513000369072 0.05434753745794296 0.017103755846619606
0.05245160683989525 0.05208122730255127 0.014815250411629677
0.05318685993552208 0.05272812768816948 0.01834931969642639
0.05643998831510544 0.05600908398628235 0.01723622903227806
0.05164646729826927 0.05127326399087906 0.014928197488188744
0.05198536813259125 0.05158604681491852 0.015972858294844627
0.05171719938516617 0.05128501355648041 0.017287474125623703
0.05438893288373947 0.05396532267332077 0.016944417729973793
0.050062838941812515 0.04962930083274841 0.017341483384370804
0.055937331169843674 0.05549231171607971 0.017800811678171158
0.05389738827943802 0.05348264053463936 0.01658991351723671
0.049066267907619476 0.04869819059967995 0.014723055064678192
0.05186104029417038 0.051449984312057495 0.01644222065806389
0.052218273282051086 0.051803551614284515 0.016588907688856125
0.05226687341928482 0.051915522664785385 0.014054061844944954
0.05560969561338425 0.05521061271429062 0.015963366255164146
0.0511714369058609 0.05079036206007004 0.015242922119796276
0.052477218210697174 0.05205197632312775 0.017009664326906204
0.050398990511894226 0.04998910427093506 0.01639542356133461
0.05212601646780968 0.05172276496887207 0.016130128875374794
0.05408194288611412 0.05367965251207352 0.016091588884592056
0.0496976301074028 0.049342162907123566 0.014218701049685478
0.05315493419766426 0.0527782067656517 0.015069151297211647
0.052414923906326294 0.05203947424888611 0.015018017962574959
0.051444198936223984 0.05101609230041504 0.01712433062493801
0.053649500012397766 0.0532543808221817 0.01580478996038437
0.05079900473356247 0.050403982400894165 0.015800941735506058
0.04930538684129715 0.04894811660051346 0.014290849678218365
0.05170442909002304 0.05132611095905304 0.015132687985897064
0.05006439983844757 0.049687646329402924 0.015070120804011822
0.05016131326556206 0.04975152760744095 0.016391370445489883
0.05217498168349266 0.051787834614515305 0.015485813841223717
0.05339930206537247 0.05306822434067726 0.013243068009614944
0.05067402496933937 0.05029987543821335 0.014965977519750595
0.052215225994586945 0.051847904920578 0.014692875556647778
0.051566231995821 0.05123952776193619 0.013068212196230888
0.05247543379664421 0.05205514281988144 0.01681157760322094
0.05185963958501816 0.05147197097539902 0.015506813302636147
0.049022186547517776 0.048653267323970795 0.014756832271814346
0.05770362541079521 0.05734759941697121 0.014241049997508526
0.05369338393211365 0.05331411957740784 0.015170608647167683
0.05345989763736725 0.05309188738465309 0.014720454812049866
0.05149722099304199 0.051159847527742386 0.013494874350726604
0.05249488353729248 0.05210046470165253 0.015776684507727623
0.04936281591653824 0.04897556081414223 0.015490194782614708
0.05333111062645912 0.05298129841685295 0.013992450200021267
0.05510464683175087 0.05473099648952484 0.01494607888162136
0.05021388828754425 0.049857717007398605 0.01424691267311573
0.055419255048036575 0.05504298955202103 0.01505064032971859
0.05072412267327309 0.050357118248939514 0.014680115506052971
0.053289204835891724 0.05294184386730194 0.013894508592784405
0.05157826468348503 0.0512479804456234 0.01321130059659481
0.05504502356052399 0.05468074604868889 0.014571147039532661
0.058834258466959 0.05846836417913437 0.014635724946856499
0.055853474885225296 0.05550678074359894 0.01386779174208641
0.05222634598612785 0.05185571312904358 0.01482538040727377
0.05255609378218651 0.05219040438532829 0.01462760753929615
0.05202774703502655 0.05167031288146973 0.014297334477305412
0.0504598431289196 0.05011753737926483 0.013692257925868034
0.055340781807899475 0.054938849061727524 0.01607733964920044
0.055750951170921326 0.05539349466562271 0.0142982117831707
0.05127732455730438 0.05087214708328247 0.01620706543326378
0.05191885679960251 0.051552437245845795 0.014656812883913517
0.053044550120830536 0.052739739418029785 0.01219248492270708
0.05113639310002327 0.05077177286148071 0.014584807679057121
0.050913047045469284 0.05055990070104599 0.014125915244221687
0.050156015902757645 0.04981667548418045 0.013573644682765007
0.05386929214000702 0.05346154421567917 0.016309935599565506
0.05494725704193115 0.05456841364502907 0.015153681859374046
0.05274023115634918 0.05239716172218323 0.013722848147153854
0.04819099232554436 0.047879669815301895 0.012452913448214531
0.050595592707395554 0.050225645303726196 0.014797959476709366
0.049372598528862 0.04903187230229378 0.01362905465066433
0.05097483843564987 0.05068111792206764 0.011748838238418102
0.050433602184057236 0.05007508397102356 0.014340727590024471
0.05118587240576744 0.05084677040576935 0.013564086519181728
0.05228235572576523 0.05196461081504822 0.012709828093647957
0.05284455046057701 0.05246511846780777 0.015177294611930847
0.0537063293159008 0.053305018693208694 0.016052471473813057
0.054622095078229904 0.054308801889419556 0.012531699612736702
0.05108256638050079 0.05078883469104767 0.01174925360828638
0.054334867745637894 0.05395897477865219 0.015035770833492279
0.04893750324845314 0.04860436171293259 0.013325711712241173
0.05371318757534027 0.05336442589759827 0.013950424268841743
0.06026400253176689 0.0598587691783905 0.016209280118346214
0.05543936789035797 0.055088259279727936 0.014044314622879028
0.054271869361400604 0.05394038185477257 0.013259511440992355
0.052925076335668564 0.05259634181857109 0.013149352744221687
0.05009904131293297 0.04979133605957031 0.012308282777667046
0.05320741981267929 0.052882201969623566 0.013008685782551765
0.048662248998880386 0.048305317759513855 0.014277228154242039
0.05365285277366638 0.053301695734262466 0.014046323485672474
0.05449248105287552 0.0541360080242157 0.014258869923651218
0.05519066005945206 0.05483899265527725 0.014066645875573158
0.05649994686245918 0.05613041669130325 0.014781201258301735
0.05139065533876419 0.0510665699839592 0.012963453307747841
0.05367886647582054 0.05336365848779678 0.012608353048563004
0.05194929242134094 0.05157295614480972 0.015053452923893929
0.05558883398771286 0.05521402508020401 0.0149924261495471
0.05115199089050293 0.05083898454904556 0.0125202015042305
0.0528223030269146 0.052488528192043304 0.01335093006491661
0.050741132348775864 0.05041930824518204 0.012873021885752678
0.05093243345618248 0.05061178654432297 0.012825949117541313
0.055085189640522 0.05473415181040764 0.014041486196219921
0.05026647448539734 0.04991067200899124 0.014232128858566284
0.05128276348114014 0.05093228071928024 0.014019358903169632
0.05276350677013397 0.05245126783847809 0.01248959545046091
0.052914634346961975 0.05256836861371994 0.013850663788616657
0.05225597321987152 0.05193927139043808 0.01266811415553093
0.056024614721536636 0.05569538474082947 0.013169201090931892
0.051131658256053925 0.050816189497709274 0.012618809007108212
0.05270235612988472 0.05237354338169098 0.013152457773685455
0.05223742499947548 0.05191333219408989 0.012963755056262016
0.054541684687137604 0.054168932139873505 0.014910118654370308
0.05116850137710571 0.05080593377351761 0.014502755366265774
0.05091361701488495 0.050577014684677124 0.013464044779539108
0.049814287573099136 0.04946179687976837 0.014099698513746262
0.053662437945604324 0.053330887109041214 0.013261972926557064
0.05344225466251373 0.05310848355293274 0.01335085928440094
0.054084133356809616 0.053727373480796814 0.01427045464515686
0.055893074721097946 0.05556928738951683 0.012951528653502464
0.05300912633538246 0.052687592804431915 0.012861276045441628
0.05142006650567055 0.05106137692928314 0.014347536489367485
0.05186164751648903 0.051579806953668594 0.011273667216300964
0.052863653749227524 0.052532218396663666 0.013257376849651337
0.05375399813055992 0.05341169238090515 0.01369224302470684
0.05086100846529007 0.05053481459617615 0.013047715649008751
0.053924910724163055 0.053593821823596954 0.01324356161057949
0.051613450050354004 0.05125139653682709 0.01448211818933487
0.05171618238091469 0.051373180001974106 0.013720158487558365
0.052220072597265244 0.05191126465797424 0.01235233061015606
0.054301679134368896 0.05398936569690704 0.012492487207055092
0.05094749107956886 0.050646647810935974 0.012033795937895775
0.054466232657432556 0.05416499078273773 0.012049633078277111
0.053352128714323044 0.05302366986870766 0.013138340786099434
0.05253344401717186 0.05217484012246132 0.014344142749905586
0.04980093240737915 0.049491964280605316 0.012358685955405235
0.050913602113723755 0.05061957612633705 0.011761009693145752
0.05314312502741814 0.052812185138463974 0.013237628154456615
0.05356980115175247 0.05322982743382454 0.013599010184407234
0.05440791696310043 0.05410348251461983 0.012177412398159504
0.04946646839380264 0.049126993864774704 0.013578933663666248
0.051273368299007416 0.050961483269929886 0.012475330382585526
0.05243659019470215 0.05210205912590027 0.013381168246269226
0.05505816265940666 0.054708417505025864 0.013989873230457306
0.052421972155570984 0.05212267488241196 0.011971861124038696
0.05647934973239899 0.0561748705804348 0.012179218232631683
0.051540687680244446 0.051201775670051575 0.013556502759456635
0.0525929220020771 0.05230328068137169 0.01158561185002327
0.052386295050382614 0.05208776891231537 0.011941083706915379
0.05324964225292206 0.05293058604001999 0.012762180529534817
0.04986618459224701 0.04960320144891739 0.010519342496991158
0.05198068916797638 0.05169109255075455 0.01158386655151844
0.05426399037241936 0.053955383598804474 0.012344234623014927
0.05226249247789383 0.05192626267671585 0.013449214398860931
0.05066727101802826 0.0503903329372406 0.011077502742409706
0.05122360214591026 0.050947368144989014 0.01104931440204382
0.05212237313389778 0.05183275416493416 0.0115846898406744
0.050986092537641525 0.05072285607457161 0.01052938587963581
0.052509184926748276 0.05221959948539734 0.01158338412642479
0.04985271766781807 0.04955608397722244 0.011865347623825073
0.05104884132742882 0.050746724009513855 0.012084746733307838
0.050253964960575104 0.04997343197464943 0.011221383698284626
0.052980780601501465 0.05268748849630356 0.011731714010238647
0.052714016288518906 0.05241582170128822 0.011927813291549683
0.05178777128458023 0.05150941014289856 0.011134464293718338
0.05425626039505005 0.053972095251083374 0.011366564780473709
0.05333000048995018 0.05303538218140602 0.011784728616476059
0.049945734441280365 0.04969329014420509 0.010097754187881947
0.052294060587882996 0.052041444927453995 0.010104628279805183
0.05179132893681526 0.05148456245660782 0.012270656414330006
0.053093016147613525 0.05277808755636215 0.012597191147506237
0.05248969793319702 0.05219127610325813 0.011936813592910767
0.051850348711013794 0.051577724516391754 0.010904936119914055
0.05194425582885742 0.051643356680870056 0.012035978958010674
0.0544009767472744 0.05407695844769478 0.012960799038410187
0.053818631917238235 0.05354892462491989 0.010788260027766228
0.05351739376783371 0.05320516973733902 0.012488950975239277
0.04991704225540161 0.049660295248031616 0.01026986911892891
0.04957950487732887 0.04933124780654907 0.00993034802377224
0.053549874573946 0.05326506868004799 0.011392166838049889
0.050934746861457825 0.05064593255519867 0.011552534997463226
0.052388887852430344 0.052103910595178604 0.011399038136005402
0.048808205872774124 0.04853297770023346 0.011009078472852707
0.052113067358732224 0.051810503005981445 0.01210262905806303
0.05014900118112564 0.04985160008072853 0.011896118521690369
0.05332241207361221 0.05303739011287689 0.011400844901800156
0.05216314643621445 0.051867593079805374 0.011822154745459557
0.05245035141706467 0.05217944085597992 0.010836463421583176
0.04872550815343857 0.04843468964099884 0.011632751673460007
0.05194247514009476 0.05163036659359932 0.0124842943623662
0.050811346620321274 0.050545163452625275 0.01064731739461422
0.05427610129117966 0.053967807441949844 0.012331783771514893
0.05014428868889809 0.04985806718468666 0.011448882520198822
0.0519065260887146 0.051628537476062775 0.011119554750621319
0.05405744910240173 0.0537879653275013 0.01077940035611391
0.052569180727005005 0.05229169875383377 0.011099259369075298
0.05522174388170242 0.054949887096881866 0.010874303057789803
0.05310245230793953 0.052851177752017975 0.010050946846604347
0.0517754964530468 0.05151142179965973 0.010562940500676632
0.053507376462221146 0.05325081944465637 0.010262267664074898
0.056551892310380936 0.05626213550567627 0.011590318754315376
0.05413159728050232 0.053849563002586365 0.011281298473477364
0.0509372316300869 0.05064819008111954 0.011561633087694645
0.0487142913043499 0.0484456866979599 0.010744174011051655
0.05147793889045715 0.05119037255644798 0.011502725072205067
0.05453196540474892 0.054272331297397614 0.0103854238986969
0.05272877588868141 0.05244032293558121 0.011538103222846985
0.05009368062019348 0.04980647563934326 0.01148820761591196
0.0500921867787838 0.049837205559015274 0.010199262760579586
0.054245252162218094 0.0539630725979805 0.011287247762084007
0.05414772406220436 0.05383932217955589 0.012336136773228645
0.05083928257226944 0.05056697130203247 0.010892381891608238
0.05038245767354965 0.050095997750759125 0.011458370834589005
0.05160653218626976 0.05133071541786194 0.011032684706151485
0.05053221434354782 0.05027410015463829 0.010324498638510704
0.05217144638299942 0.05192069709300995 0.010029955767095089
0.05056328698992729 0.0502958744764328 0.010696470737457275
0.04989276081323624 0.04964091628789902 0.01007379312068224
0.05155007913708687 0.05128851905465126 0.010462341830134392
0.05349523946642876 0.05319995433092117 0.011811463162302971
0.052644018083810806 0.05235627666115761 0.011509660631418228
0.055470988154411316 0.05522100627422333 0.00999920628964901
0.049754101783037186 0.04950851574540138 0.009823412634432316
0.04835110157728195 0.04809935390949249 0.010069862939417362
0.0567798875272274 0.0564989373087883 0.011238029226660728
0.055409736931324005 0.05510377883911133 0.012238256633281708
0.04958123341202736 0.04928791522979736 0.011732750572264194
0.05104970186948776 0.050748035311698914 0.012066648341715336
0.05497920513153076 0.054715581238269806 0.01054491475224495
0.05475694313645363 0.0544595904648304 0.01189405471086502
0.054736316204071045 0.05445493012666702 0.011255509220063686
0.05182132497429848 0.051554493606090546 0.010673196986317635
0.05283644050359726 0.05256643146276474 0.010800403542816639
0.05222495272755623 0.05193757265806198 0.011495247483253479
0.05253735929727554 0.05223008990287781 0.012290733866393566
0.0493229404091835 0.04903378337621689 0.01156623475253582
0.051673322916030884 0.05139229819178581 0.011240921914577484
0.05013565346598625 0.04989047348499298 0.00980721041560173
0.054006434977054596 0.053701162338256836 0.012210908345878124
0.05187854543328285 0.05159014090895653 0.011536243371665478
0.05408200994133949 0.053787961602211 0.011761920526623726
0.05586165562272072 0.05557705834507942 0.01138386595994234
0.05100838094949722 0.05075955018401146 0.009953217580914497
0.052722617983818054 0.052438825368881226 0.011351630091667175
0.052712034434080124 0.05244135484099388 0.010827205143868923
0.0536646693944931 0.053367696702480316 0.011878876015543938
0.05223890021443367 0.051946595311164856 0.011692171916365623
0.054836079478263855 0.05453622341156006 0.011994282715022564
0.054694704711437225 0.05441256985068321 0.011285379528999329
0.05290299281477928 0.05262394994497299 0.011161712929606438
0.05216125398874283 0.05189052224159241 0.010829245671629906
0.052446044981479645 0.05218052491545677 0.01062084548175335
0.05108800530433655 0.050860047340393066 0.009118268266320229
0.05073633790016174 0.05050104856491089 0.009411618113517761
0.05444294214248657 0.05418727546930313 0.010226613841950893
0.053829386830329895 0.05357750505208969 0.010075228288769722
0.0502563938498497 0.05000695586204529 0.009977535344660282
0.05195598676800728 0.05170093849301338 0.010201878845691681
0.050278183072805405 0.050039589405059814 0.00954379141330719
0.05134854093194008 0.051128894090652466 0.008785842917859554
0.04959126189351082 0.04935877025127411 0.009299680590629578
0.05177759379148483 0.05150984227657318 0.010709994472563267
0.05273351073265076 0.052459511905908585 0.010959932580590248
0.05492732301354408 0.05467112362384796 0.010247908532619476
0.051733314990997314 0.051475901156663895 0.010296598076820374
0.05183526501059532 0.05155903100967407 0.01104937307536602
0.051928818225860596 0.05169196426868439 0.009474199265241623
0.05011369287967682 0.04985214024782181 0.010462110862135887
0.0522325299680233 0.0519825778901577 0.009998015128076077
0.05122460424900055 0.051000144332647324 0.008978467434644699
0.057302266359329224 0.057015303522348404 0.011478578671813011
0.05235431343317032 0.05209635943174362 0.010318189859390259
0.051497720181941986 0.05127262324094772 0.00900387205183506
0.05255354568362236 0.052336208522319794 0.008693455718457699
0.05440575256943703 0.05415984243154526 0.009836392477154732
0.052204474806785583 0.051946427673101425 0.010321924462914467
0.05180184915661812 0.05152507498860359 0.011070897802710533
0.05169633775949478 0.051456667482852936 0.009586882777512074
0.05324411764740944 0.052983157336711884 0.010438406839966774
0.05180104821920395 0.051561422646045685 0.00958496704697609
0.053807877004146576 0.05356276407837868 0.009804442524909973
0.05256668105721474 0.05231304466724396 0.010145442560315132
0.052521612495183945 0.05226730555295944 0.01017226092517376
0.05021636560559273 0.049978919327259064 0.00949791818857193
0.05152633786201477 0.051269471645355225 0.010274706408381462
0.049514297395944595 0.049237340688705444 0.0110783064737916
0.05022366717457771 0.04999639093875885 0.00909108854830265
0.05292253568768501 0.05267714709043503 0.00981561467051506
0.049471449106931686 0.04916597902774811 0.01221884973347187
