0.1867126077413559 0.17373844981193542 12.974150657653809
0.17525754868984222 0.16556233167648315 9.695213317871094
0.16113048791885376 0.15234330296516418 8.787179946899414
0.15698117017745972 0.14853902161121368 8.44214916229248
0.15500859916210175 0.14634278416633606 8.665813446044922
0.14409951865673065 0.13452890515327454 9.570619583129883
0.1409122794866562 0.13142627477645874 9.485998153686523
0.140960231423378 0.13134056329727173 9.619668006896973
0.1323976069688797 0.12329894304275513 9.09865665435791
0.13170859217643738 0.12257948517799377 9.129101753234863
0.13132141530513763 0.12240414321422577 8.917276382446289
0.13025227189064026 0.12185455858707428 8.397714614868164
0.12763789296150208 0.11963915079832077 7.998748779296875
0.12247077375650406 0.11483010649681091 7.640669822692871
0.1201285719871521 0.11268426477909088 7.444305896759033
0.1240944042801857 0.11656852811574936 7.525875568389893
0.1186056062579155 0.11123545467853546 7.37015438079834
0.12111737579107285 0.11399652063846588 7.120856761932373
0.12181892991065979 0.11449488997459412 7.324042320251465
0.11409476399421692 0.1066996306180954 7.395133018493652
0.11064156144857407 0.10316377878189087 7.477782726287842
0.11070888489484787 0.10295532643795013 7.753555774688721
0.10958798229694366 0.10198961198329926 7.598372459411621
0.11501731723546982 0.10721652954816818 7.800788402557373
0.10998348146677017 0.10202408581972122 7.959393501281738
0.1068539246916771 0.09892180562019348 7.9321208000183105
0.10778994113206863 0.0996231734752655 8.166768074035645
0.10623852163553238 0.09778380393981934 8.454715728759766
0.1004328578710556 0.0919431746006012 8.48968505859375
0.09986668080091476 0.09087648242712021 8.990198135375977
0.09874946624040604 0.08957760035991669 9.171863555908203
0.10139340162277222 0.0917796790599823 9.61372184753418
0.09573826193809509 0.08624817430973053 9.490087509155273
0.09881370514631271 0.08904783427715302 9.765870094299316
0.09605321288108826 0.08595713973045349 10.096073150634766
0.09145206958055496 0.0815308466553688 9.921225547790527
0.09562325477600098 0.08509495854377747 10.52829360961914
0.09240423887968063 0.08214044570922852 10.2637939453125
0.08775626868009567 0.07726976275444031 10.486504554748535
0.08988895267248154 0.0796126201748848 10.27633285522461
0.08602244406938553 0.07576625794172287 10.256182670593262
0.09010526537895203 0.08031836897134781 9.786893844604492
0.08967221528291702 0.07989685237407684 9.77536392211914
0.08825207501649857 0.07876062393188477 9.491449356079102
0.0812358483672142 0.07194846123456955 9.287384986877441
0.0793377012014389 0.07005934417247772 9.278358459472656
0.0826551765203476 0.07328955829143524 9.365620613098145
0.08205322921276093 0.07281509786844254 9.238126754760742
0.07872849702835083 0.06963331997394562 9.095178604125977
0.07932686805725098 0.07012966275215149 9.197205543518066
0.07948001474142075 0.0705602839589119 8.919729232788086
0.07648245245218277 0.0672643780708313 9.218076705932617
0.0780731663107872 0.06895452737808228 9.118637084960938
0.07383035123348236 0.06454531103372574 9.285043716430664
0.07410019636154175 0.06513386964797974 8.966325759887695
0.0769144669175148 0.06807751953601837 8.836946487426758
0.07510527968406677 0.06637559831142426 8.729677200317383
0.07514110952615738 0.06620708107948303 8.934028625488281
0.07522071152925491 0.0668729692697525 8.34774398803711
0.0724330022931099 0.064146988093853 8.286014556884766
0.07168267667293549 0.06319551169872284 8.487166404724121
0.0757526159286499 0.06752202659845352 8.230586051940918
0.06769827008247375 0.05925171077251434 8.44655990600586
0.07047994434833527 0.06242087483406067 8.059070587158203
0.07127517461776733 0.06321439892053604 8.060776710510254
0.06955642253160477 0.06162696331739426 7.929461479187012
0.070114366710186 0.06224416196346283 7.870204925537109
0.07150563597679138 0.06358873099088669 7.91690731048584
0.07340886443853378 0.06544479727745056 7.964066505432129
0.07142958790063858 0.06347737461328506 7.952215194702148
0.06887397170066833 0.06065445393323898 8.219520568847656
0.07029368728399277 0.06212184205651283 8.171845436096191
0.06703846901655197 0.05893082544207573 8.107645988464355
0.06939829140901566 0.06139808148145676 8.000210762023926
0.06581167876720428 0.05822549760341644 7.586184024810791
0.06925615668296814 0.06190294772386551 7.353204727172852
0.06420139223337173 0.05665748566389084 7.543903350830078
0.06545368582010269 0.05778486281633377 7.668821811676025
0.06628437340259552 0.05835083872079849 7.933535575866699
0.06725017726421356 0.05929948762059212 7.950692653656006
0.06494581699371338 0.05686993896961212 8.075879096984863
0.06657879799604416 0.05847891792654991 8.09987735748291
0.06338740885257721 0.05552730709314346 7.860103607177734
0.0643886849284172 0.057079896330833435 7.308790683746338
0.0645231157541275 0.05719129368662834 7.331822395324707
0.06553664058446884 0.05866575986146927 6.870878219604492
0.06613919883966446 0.05899636819958687 7.142827033996582
0.06180161237716675 0.0541909784078598 7.61063289642334
0.06130479276180267 0.05308247357606888 8.222320556640625
0.061546437442302704 0.05337518826127052 8.171250343322754
0.06273971498012543 0.05473408102989197 8.005630493164062
0.06304237991571426 0.055572010576725006 7.470371723175049
0.060825467109680176 0.05355878919363022 7.266678810119629
0.06320008635520935 0.05658211559057236 6.617973327636719
0.061538320034742355 0.05466450750827789 6.873811721801758
0.06122460961341858 0.05402551218867302 7.199095726013184
0.06251394003629684 0.05481769144535065 7.696249961853027
0.061995625495910645 0.05389832705259323 8.097299575805664
0.06071966141462326 0.05245709791779518 8.262561798095703
0.06246483325958252 0.05457602068781853 7.888814449310303
0.06235358491539955 0.05513736233115196 7.216222286224365
0.061636582016944885 0.05456031113862991 7.076271057128906
0.06211050972342491 0.05517810583114624 6.932403564453125
0.059959616512060165 0.052577368915081024 7.382246971130371
0.06072752922773361 0.053528256714344025 7.199273109436035
0.06231129541993141 0.055019810795784 7.291484355926514
0.058168523013591766 0.0511312261223793 7.037296295166016
0.0631088986992836 0.05613306164741516 6.975839138031006
0.05928460881114006 0.051930543035268784 7.35406494140625
0.05973721668124199 0.052367519587278366 7.369696617126465
0.0602840930223465 0.05290462449193001 7.379469871520996
0.060230206698179245 0.05281943455338478 7.410770893096924
0.05927346274256706 0.05215192586183548 7.121538162231445
0.05888164043426514 0.052191320806741714 6.6903181076049805
0.06119591370224953 0.05443424731492996 6.761667251586914
0.06088795140385628 0.05401948094367981 6.868471622467041
0.059479791671037674 0.05219589173793793 7.283899784088135
0.06096329912543297 0.05361965298652649 7.343647003173828
0.05889982730150223 0.051755547523498535 7.144277572631836
0.05918474495410919 0.0522935688495636 6.891174793243408
0.057052742689847946 0.04991305619478226 7.139687538146973
0.057985324412584305 0.05098757892847061 6.997744083404541
0.059840310364961624 0.052930526435375214 6.909783840179443
0.05704835057258606 0.05024047940969467 6.8078718185424805
0.058000314980745316 0.051551103591918945 6.449211120605469
0.05626530945301056 0.04941457137465477 6.850736141204834
0.05773142725229263 0.0506189726293087 7.112453460693359
0.056643567979335785 0.04938775300979614 7.255814552307129
0.05819413810968399 0.05108646675944328 7.107670783996582
0.05679173022508621 0.04964406043291092 7.14766788482666
0.058623675256967545 0.05147932469844818 7.144350528717041
0.05898085609078407 0.05185502767562866 7.125829219818115
0.05806029215455055 0.05078699439764023 7.273296356201172
0.05538369342684746 0.04844352975487709 6.940163612365723
0.059309568256139755 0.05256514251232147 6.744424819946289
0.055798642337322235 0.04915223643183708 6.646406173706055
0.05612856149673462 0.04958169534802437 6.546865463256836
0.05610928684473038 0.049332838505506516 6.7764482498168945
0.05635104700922966 0.04927676171064377 7.074283599853516
0.053219024091959 0.045676715672016144 7.5423078536987305
0.05917271226644516 0.05164071172475815 7.5320000648498535
0.05626409500837326 0.048712268471717834 7.551825523376465
0.05792735144495964 0.050732553005218506 7.194796562194824
0.06001006066799164 0.05306321755051613 6.946842670440674
0.05280286818742752 0.045644961297512054 7.157907962799072
0.05544402450323105 0.048471178859472275 6.972846984863281
0.059943947941064835 0.053120553493499756 6.823395252227783
0.055573176592588425 0.04817766323685646 7.395513534545898
0.06033848971128464 0.05339392274618149 6.944567680358887
0.05395597964525223 0.04632829874753952 7.627681732177734
0.0577450692653656 0.05030733346939087 7.4377336502075195
0.05742071941494942 0.0499429777264595 7.477741241455078
0.0561491996049881 0.04886934161186218 7.279855728149414
0.058166857808828354 0.05124158412218094 6.925274848937988
0.05752295255661011 0.05014387145638466 7.379080295562744
0.0560312382876873 0.04823193699121475 7.799302101135254
0.05595160275697708 0.04858085513114929 7.370746612548828
0.0541975274682045 0.04659029468894005 7.607234477996826
0.056109435856342316 0.048432305455207825 7.677131652832031
0.05818865820765495 0.051192644983530045 6.996013164520264
0.055333178490400314 0.047638654708862305 7.694522380828857
0.05683955177664757 0.04893755540251732 7.90199613571167
0.0525214709341526 0.04458138346672058 7.940086841583252
0.05485330894589424 0.04739464819431305 7.458661079406738
0.054527364671230316 0.04782605171203613 6.701311111450195
0.05449565500020981 0.04749089479446411 7.0047607421875
0.05714939907193184 0.04947376996278763 7.675629615783691
0.05671941116452217 0.04869954288005829 8.019868850708008
0.05663500353693962 0.049066875129938126 7.56812858581543
0.0529940091073513 0.04571476951241493 7.279240131378174
0.05559392273426056 0.04867216944694519 6.921754837036133
0.0550101101398468 0.04816475510597229 6.845355987548828
0.05616376921534538 0.049182742834091187 6.981026649475098
0.05230618640780449 0.0446954071521759 7.610779762268066
0.0538499541580677 0.04599565267562866 7.854300022125244
0.05334898829460144 0.04570643603801727 7.642550468444824
0.05548416078090668 0.04816649854183197 7.317663192749023
0.05340803042054176 0.046254850924015045 7.153179168701172
0.05421354994177818 0.04728544130921364 6.928109645843506
0.05728835240006447 0.05055484548211098 6.733508110046387
0.0551571361720562 0.04807855933904648 7.078577995300293
0.05381174013018608 0.04619794338941574 7.613795280456543
0.055037569254636765 0.04732486605644226 7.712701797485352
0.05484277755022049 0.0470510795712471 7.791697978973389
0.0532056987285614 0.04575806111097336 7.447638511657715
0.053414564579725266 0.04624148830771446 7.173076152801514
0.05263778939843178 0.04575522989034653 6.882559776306152
0.05369958281517029 0.046890292316675186 6.809290885925293
0.05147175490856171 0.04454326629638672 6.928488731384277
0.05450086295604706 0.047226209193468094 7.274652481079102
0.05420084670186043 0.04681694135069847 7.383906364440918
0.052298665046691895 0.044575657695531845 7.723008155822754
0.055921006947755814 0.04829225689172745 7.628748893737793
0.05533664673566818 0.047757185995578766 7.579459190368652
0.05118683725595474 0.043527644127607346 7.659191608428955
0.05545603111386299 0.0479605495929718 7.495481967926025
0.051590532064437866 0.04469595104455948 6.89457893371582
0.054220736026763916 0.04721624404191971 7.004490852355957
0.05040948465466499 0.043171584606170654 7.237899303436279
0.04995680972933769 0.04292978346347809 7.02702522277832
0.054801683872938156 0.047623999416828156 7.177685737609863
0.05289096385240555 0.04543770104646683 7.453263759613037
0.054673828184604645 0.04716220498085022 7.511623382568359
0.052872005850076675 0.04503890872001648 7.833096504211426
0.05298710986971855 0.04525471478700638 7.732393264770508
0.051736313849687576 0.044377006590366364 7.359306812286377
0.05305907875299454 0.04572293534874916 7.336142539978027
0.05176989361643791 0.04449399560689926 7.2758989334106445
0.05318407714366913 0.04626581817865372 6.9182586669921875
0.0528680719435215 0.045590147376060486 7.277924537658691
0.053851716220378876 0.04637061804533005 7.4810991287231445
0.05336209014058113 0.045754365622997284 7.607725143432617
0.052264947444200516 0.04424391686916351 8.021029472351074
0.05184362456202507 0.043695539236068726 8.14808464050293
0.05207594484090805 0.0440424419939518 8.033503532409668
0.05149935185909271 0.04367067664861679 7.828675270080566
0.05297962576150894 0.04591197520494461 7.067651271820068
0.05127682536840439 0.04372909292578697 7.547731876373291
0.05375053361058235 0.04639425873756409 7.35627555847168
0.05450296774506569 0.04652196913957596 7.980997562408447
0.051333412528038025 0.04346250742673874 7.870903015136719
0.05291870981454849 0.04503829404711723 7.880414009094238
0.05285225808620453 0.04495597258210182 7.896286487579346
0.05242258310317993 0.045107655227184296 7.314927101135254
0.05330458655953407 0.04620330408215523 7.101283073425293
0.05318731442093849 0.04590797424316406 7.279338836669922
0.05161312222480774 0.04414884001016617 7.4642839431762695
0.054095152765512466 0.04655950888991356 7.535642623901367
0.05162002891302109 0.04363110661506653 7.988923072814941
0.05155102536082268 0.04396491497755051 7.586109638214111
0.05064712464809418 0.042662523686885834 7.98460054397583
0.051124658435583115 0.0438716895878315 7.25296688079834
0.050372153520584106 0.04294979199767113 7.422362804412842
0.05440047010779381 0.046877630054950714 7.522838115692139
0.051191747188568115 0.04304365813732147 8.148088455200195
0.051104579120874405 0.04294470325112343 8.15987491607666
0.04916516691446304 0.041491616517305374 7.673551559448242
0.051371604204177856 0.043648578226566315 7.723026275634766
0.05058266595005989 0.0430651493370533 7.517516136169434
0.05126737803220749 0.04415977746248245 7.107601165771484
0.05116169899702072 0.04365675896406174 7.504939556121826
0.05262019485235214 0.04487878084182739 7.741415500640869
0.04803164303302765 0.0404089018702507 7.622738838195801
0.05175921693444252 0.04398861899971962 7.770597457885742
0.04996977746486664 0.0423160120844841 7.653766632080078
0.05198078602552414 0.04392701014876366 8.053775787353516
0.05298343673348427 0.045219335705041885 7.764101982116699
0.04891234263777733 0.041598424315452576 7.3139166831970215
0.050049591809511185 0.04289860278367996 7.150989532470703
0.049901921302080154 0.04220036417245865 7.701556205749512
0.0486530140042305 0.041150011122226715 7.5030012130737305
0.05098487436771393 0.043089672923088074 7.895200252532959
0.05033815652132034 0.04228170961141586 8.056446075439453
0.04952392354607582 0.04140939563512802 8.114526748657227
0.05106591060757637 0.04298096150159836 8.08494758605957
0.05086622014641762 0.04313227906823158 7.733942031860352
0.048189934343099594 0.040783219039440155 7.406715393066406
0.052418313920497894 0.045251548290252686 7.166763782501221
0.04581693187355995 0.03894393518567085 6.872996807098389
0.05043783411383629 0.043257247656583786 7.180586814880371
0.05166090652346611 0.04428565874695778 7.375246047973633
0.0496763177216053 0.04190386086702347 7.772456169128418
0.04896203801035881 0.04130765423178673 7.654382705688477
0.04757152125239372 0.03961116820573807 7.960352420806885
0.052167098969221115 0.04436216503381729 7.804934501647949
0.05058036372065544 0.04263366013765335 7.946702003479004
0.04980792477726936 0.04151364415884018 8.294279098510742
0.051628828048706055 0.04348364844918251 8.145180702209473
0.05087902769446373 0.04295097663998604 7.9280500411987305
0.050767719745635986 0.04261528700590134 8.15243148803711
0.051457252353429794 0.04321959614753723 8.237654685974121
0.049369942396879196 0.041589513421058655 7.780428886413574
0.05111727863550186 0.04361128807067871 7.505990028381348
0.049645375460386276 0.041811682283878326 7.833691596984863
0.051448579877614975 0.04349423944950104 7.954339981079102
0.04740321636199951 0.03956964612007141 7.833568572998047
0.05149644613265991 0.04349780082702637 7.998645305633545
0.04714354872703552 0.0391739122569561 7.9696364402771
0.05039997771382332 0.04243636876344681 7.96360969543457
0.05112560838460922 0.043740734457969666 7.384873390197754
0.04947107285261154 0.0420658141374588 7.405257701873779
0.04637330025434494 0.038750238716602325 7.62306022644043
0.05015447735786438 0.04231575131416321 7.838727951049805
0.05045570433139801 0.04234078526496887 8.114919662475586
0.050768155604600906 0.042382825165987015 8.385331153869629
0.050283510237932205 0.04187409207224846 8.409418106079102
0.04869981110095978 0.04065937548875809 8.040434837341309
0.051253993064165115 0.04288841784000397 8.36557388305664
0.04721766337752342 0.03944311663508415 7.774545669555664
0.04957097768783569 0.042064230889081955 7.506745338439941
0.05073431134223938 0.042893823236227036 7.840486526489258
0.04904738813638687 0.04089917242527008 8.14821720123291
0.04782848060131073 0.039300136268138885 8.528343200683594
0.05133526027202606 0.043296173214912415 8.039087295532227
0.048466071486473083 0.04051615297794342 7.949919700622559
0.04915078729391098 0.04100463539361954 8.14615249633789
0.048583682626485825 0.040410980582237244 8.17270278930664
0.05130656063556671 0.04325736314058304 8.049198150634766
0.04901827499270439 0.04140573740005493 7.612537384033203
0.04873495176434517 0.04097995534539223 7.754997253417969
0.04761842265725136 0.03992011398077011 7.698308944702148
0.047599926590919495 0.040192872285842896 7.407055854797363
0.04796982929110527 0.04010605812072754 7.863771915435791
0.04849036782979965 0.040209703147411346 8.280664443969727
0.048033151775598526 0.03967798501253128 8.3551664352417
0.04626543074846268 0.03809540346264839 8.170028686523438
0.049036234617233276 0.04077544063329697 8.260794639587402
0.04867905378341675 0.040887050330638885 7.7920026779174805
0.046437282115221024 0.038875170052051544 7.562111854553223
0.04617803171277046 0.038714852184057236 7.463178634643555
0.04824281111359596 0.0403907373547554 7.852074146270752
0.0487779900431633 0.04067440330982208 8.103586196899414
0.04736924543976784 0.039416827261447906 7.952418327331543
0.04745437577366829 0.03910357132554054 8.350805282592773
0.04800854250788689 0.03978588432073593 8.222658157348633
0.04776225984096527 0.039807531982660294 7.954726219177246
0.04914425313472748 0.041286394000053406 7.8578596115112305
0.04918701946735382 0.04115612059831619 8.030898094177246
0.05015583708882332 0.042479366064071655 7.676471710205078
0.047896161675453186 0.04028553515672684 7.61062479019165
0.0466354638338089 0.0384969487786293 8.138513565063477
0.04831307381391525 0.04026109352707863 8.051981925964355
0.049997519701719284 0.04205508530139923 7.942432880401611
0.04545460641384125 0.03719226270914078 8.262343406677246
0.04971258342266083 0.04156281799077988 8.149763107299805
0.04833415895700455 0.04006417095661163 8.269987106323242
0.04915986210107803 0.04133179783821106 7.828065872192383
0.05117505043745041 0.043298713862895966 7.876335144042969
0.04793376848101616 0.03990699350833893 8.026775360107422
0.046876195818185806 0.03837026655673981 8.505929946899414
0.04704391583800316 0.03861333429813385 8.430580139160156
0.049965858459472656 0.04172825068235397 8.237607955932617
0.046424366533756256 0.03847799822688103 7.946367263793945
0.04760716110467911 0.039471350610256195 8.135811805725098
0.04847398400306702 0.040594395250082016 7.879587173461914
0.04864218831062317 0.040568865835666656 8.073324203491211
0.04822017624974251 0.04013223946094513 8.087937355041504
0.04942643269896507 0.0412345752120018 8.19185733795166
0.047754377126693726 0.03925762325525284 8.496752738952637
0.04589603841304779 0.03748098015785217 8.415059089660645
0.04881548881530762 0.0402984544634819 8.517034530639648
0.0471685454249382 0.038682062178850174 8.48648452758789
0.04657262563705444 0.03821694850921631 8.355676651000977
0.04950756952166557 0.04151315614581108 7.994414329528809
0.05073868855834007 0.04288932681083679 7.849361419677734
0.048869404941797256 0.04083544388413429 8.033961296081543
0.04543549194931984 0.037295736372470856 8.139754295349121
0.04780149459838867 0.03918775916099548 8.61373519897461
0.04997815936803818 0.04128497093915939 8.69318962097168
0.04623480141162872 0.03801202028989792 8.222780227661133
0.046765267848968506 0.03850208967924118 8.263176918029785
0.048773057758808136 0.040728725492954254 8.044330596923828
0.04575508460402489 0.038206446915864944 7.548638820648193
0.047968219965696335 0.040446847677230835 7.521370887756348
0.04934623837471008 0.04143894463777542 7.90729284286499
0.04856223240494728 0.04030308127403259 8.259149551391602
0.04779621586203575 0.03929096460342407 8.505250930786133
0.04714463651180267 0.038483574986457825 8.661060333251953
0.0493919737637043 0.04085975140333176 8.532220840454102
0.04665645211935043 0.03863343596458435 8.023017883300781
0.05133881792426109 0.04328872263431549 8.050094604492188
0.04974226653575897 0.041807517409324646 7.934749126434326
0.046304404735565186 0.03844811022281647 7.856294631958008
0.046420808881521225 0.03850623965263367 7.914567470550537
0.045879580080509186 0.03781746327877045 8.062116622924805
0.048182111233472824 0.03970076143741608 8.481348037719727
0.048473574221134186 0.04005509614944458 8.418479919433594
0.04591459780931473 0.03764022886753082 8.27436637878418
0.0490909069776535 0.0407414510846138 8.349454879760742
0.0458502471446991 0.037730686366558075 8.119562149047852
0.045995328575372696 0.037610672414302826 8.384654998779297
0.04805279150605202 0.03981802612543106 8.234766006469727
0.04681156203150749 0.03813457861542702 8.676982879638672
0.04753037542104721 0.039034031331539154 8.496341705322266
0.047365717589855194 0.03897559642791748 8.390121459960938
0.04622279480099678 0.03780226409435272 8.420530319213867
0.04750707745552063 0.03906520828604698 8.44186782836914
0.04989755153656006 0.041904695332050323 7.992854595184326
0.04706067591905594 0.03864789009094238 8.4127836227417
0.05004116892814636 0.04193386435508728 8.107306480407715
0.046718090772628784 0.038299497216939926 8.418594360351562
0.04576488211750984 0.03756406903266907 8.200813293457031
0.0446377694606781 0.03673240542411804 7.905362129211426
0.05077128857374191 0.043113648891448975 7.657641410827637
0.046469900757074356 0.03876660019159317 7.703299522399902
0.05007840692996979 0.041674986481666565 8.403421401977539
0.04809084162116051 0.03924752026796341 8.843320846557617
0.04773123934864998 0.03901585191488266 8.715387344360352
0.047659896314144135 0.03892667219042778 8.733223915100098
0.047574590891599655 0.038745082914829254 8.829507827758789
0.0487152636051178 0.04008753225207329 8.62773323059082
0.04690374806523323 0.038687389343976974 8.216358184814453
0.047603584825992584 0.03896722570061684 8.636359214782715
0.04788537323474884 0.039132487028837204 8.752883911132812
0.04714518412947655 0.03889009729027748 8.255085945129395
0.044740136712789536 0.03597231209278107 8.767824172973633
0.048804208636283875 0.040163908153772354 8.640298843383789
0.04663243889808655 0.03811929002404213 8.513147354125977
0.04547484219074249 0.03738103061914444 8.093812942504883
0.04436288774013519 0.03616771101951599 8.195176124572754
0.046393945813179016 0.03867141902446747 7.722527503967285
0.047455087304115295 0.04001963138580322 7.435456275939941
0.04738481715321541 0.03943333774805069 7.951479911804199
0.04589298367500305 0.03785379230976105 8.039191246032715
0.04642397165298462 0.03838502615690231 8.038944244384766
0.04614092409610748 0.03782620280981064 8.314722061157227
0.0471000000834465 0.038831524550914764 8.268476486206055
0.04662443697452545 0.03803245723247528 8.5919771194458
0.04884244501590729 0.040607865899801254 8.234579086303711
0.048459745943546295 0.04001142084598541 8.448324203491211
0.0476359948515892 0.038675446063280106 8.960546493530273
0.04375291243195534 0.03500215709209442 8.750754356384277
0.048030536621809006 0.0397350937128067 8.295442581176758
0.04517880082130432 0.03667861968278885 8.500182151794434
0.04691898077726364 0.03885337710380554 8.06560230255127
0.04504846781492233 0.03642275929450989 8.62570858001709
0.046912260353565216 0.0377756804227829 9.136577606201172
0.04797622188925743 0.039134055376052856 8.842166900634766
0.04653767868876457 0.03794126212596893 8.596416473388672
0.047895144671201706 0.039274536073207855 8.620609283447266
0.04917711392045021 0.04064175486564636 8.535359382629395
0.04640143737196922 0.038417473435401917 7.983964443206787
0.04519518464803696 0.03707834333181381 8.116839408874512
0.04586770012974739 0.037629272788763046 8.23842716217041
0.044904936105012894 0.03629886731505394 8.60606861114502
0.04593861848115921 0.037219639867544174 8.718976020812988
0.04705257713794708 0.03798574209213257 9.06683349609375
0.04834883287549019 0.03974112868309021 8.607705116271973
0.04880969971418381 0.040083326399326324 8.726370811462402
0.04284796491265297 0.03432820364832878 8.51976203918457
0.04488791525363922 0.03676099330186844 8.126921653747559
0.04684522747993469 0.03869160637259483 8.153618812561035
0.045758429914712906 0.03794358670711517 7.814842700958252
0.04591025412082672 0.03750739246606827 8.402860641479492
0.04538730904459953 0.03636758029460907 9.019728660583496
0.04438534006476402 0.03575039282441139 8.634947776794434
0.04572203382849693 0.03640671819448471 9.315315246582031
0.046488381922245026 0.0375899001955986 8.898483276367188
0.04875368997454643 0.04024460166692734 8.509086608886719
0.04572867974638939 0.037401363253593445 8.327316284179688
0.044785045087337494 0.036440204828977585 8.344839096069336
0.04433121159672737 0.03655818849802017 7.773024082183838
0.047393590211868286 0.038966357707977295 8.427233695983887
0.046891603618860245 0.03819805383682251 8.693548202514648
0.04627540707588196 0.03816293179988861 8.11247444152832
0.04610718786716461 0.03757067769765854 8.536510467529297
0.04915200546383858 0.040574636310338974 8.577369689941406
0.046096548438072205 0.037442758679389954 8.653789520263672
0.04654688760638237 0.0381506122648716 8.396275520324707
0.046615492552518845 0.03774108365178108 8.874409675598145
0.04614872485399246 0.037568263709545135 8.580458641052246
0.045359354466199875 0.036922261118888855 8.437093734741211
0.04624437540769577 0.03716900199651718 9.075370788574219
0.044933754950761795 0.03667031601071358 8.263439178466797
0.0461244210600853 0.03750939667224884 8.61502456665039
0.047225482761859894 0.038595255464315414 8.630228042602539
0.04534218832850456 0.036260154098272324 9.082035064697266
0.04416649788618088 0.035385943949222565 8.78055191040039
0.04576980322599411 0.03700217977166176 8.767621994018555
0.04748999699950218 0.03907977044582367 8.410226821899414
0.04716558754444122 0.03869245573878288 8.473129272460938
0.04477819800376892 0.036013953387737274 8.764244079589844
0.04634964093565941 0.037813689559698105 8.535951614379883
0.046074360609054565 0.037543877959251404 8.53048038482666
0.044079482555389404 0.03519081696867943 8.888666152954102
0.04497040808200836 0.03637673705816269 8.593671798706055
0.04463118687272072 0.03566114231944084 8.970043182373047
0.04399973526597023 0.035674799233675 8.324934959411621
0.046491000801324844 0.03741250932216644 9.0784912109375
0.04517555236816406 0.03684428334236145 8.331267356872559
0.04467841982841492 0.03595076501369476 8.727654457092285
0.04326702281832695 0.03471997007727623 8.547053337097168
0.04779103398323059 0.03919169306755066 8.599342346191406
0.04371805489063263 0.03548193722963333 8.236116409301758
0.045108094811439514 0.035972561687231064 9.135533332824707
0.04799177870154381 0.0391521155834198 8.839661598205566
0.048877913504838943 0.04021066427230835 8.667248725891113
0.04235490411520004 0.033979013562202454 8.375890731811523
0.0448375940322876 0.03614956885576248 8.68802261352539
0.046693816781044006 0.03821684420108795 8.476974487304688
0.04674109071493149 0.03837206959724426 8.36902141571045
0.04659028723835945 0.03785695880651474 8.73332691192627
0.04574603587388992 0.03740759193897247 8.338443756103516
0.0444825179874897 0.035690635442733765 8.791881561279297
0.047140978276729584 0.038143835961818695 8.997143745422363
0.04530199617147446 0.03622375428676605 9.078239440917969
0.046600889414548874 0.03764757513999939 8.953313827514648
0.04773877561092377 0.03816317394375801 9.575599670410156
0.046390220522880554 0.03778251260519028 8.607706069946289
0.046516016125679016 0.037877701222896576 8.63831615447998
0.04803502559661865 0.03935905545949936 8.675971984863281
0.04396936297416687 0.03521454334259033 8.754817962646484
0.0455058254301548 0.036585889756679535 8.919934272766113
0.04552101343870163 0.0366346538066864 8.886360168457031
0.04512273892760277 0.03658130764961243 8.541431427001953
0.04521903768181801 0.03609953075647354 9.119507789611816
0.044094111770391464 0.035786222666502 8.30788803100586
0.04608885943889618 0.03774688020348549 8.341980934143066
0.0464705266058445 0.038216181099414825 8.254345893859863
0.044484399259090424 0.035985518246889114 8.498878479003906
0.04215475916862488 0.03350979834794998 8.644960403442383
0.04510929435491562 0.03626728057861328 8.842012405395508
0.04687079042196274 0.03776394948363304 9.106839179992676
0.04648319631814957 0.037383850663900375 9.099345207214355
0.04484599828720093 0.0359308086335659 8.915189743041992
0.0443548820912838 0.03543092682957649 8.923954010009766
0.04298902302980423 0.034647293388843536 8.341727256774902
0.046320125460624695 0.03807004541158676 8.250079154968262
0.04575585573911667 0.03725483641028404 8.501019477844238
0.0433296300470829 0.03467114642262459 8.658483505249023
0.043899111449718475 0.03542579710483551 8.47331428527832
0.045501016080379486 0.03689447045326233 8.606546401977539
0.04468416050076485 0.03659790754318237 8.086251258850098
0.04336770623922348 0.034989699721336365 8.378007888793945
0.045759133994579315 0.03750487044453621 8.254262924194336
0.04670901224017143 0.038713522255420685 7.995490074157715
0.04286142811179161 0.03434576839208603 8.515660285949707
0.04497493803501129 0.03633624315261841 8.638692855834961
0.0438469834625721 0.03516723960638046 8.679744720458984
0.04450798034667969 0.03611579164862633 8.392189025878906
0.04518918693065643 0.03671746328473091 8.471722602844238
0.04205404967069626 0.03341447189450264 8.639575958251953
0.044063467532396317 0.035316720604896545 8.746747016906738
0.04516404867172241 0.03678518906235695 8.378861427307129
0.04453818500041962 0.03666258230805397 7.875601291656494
0.046201761811971664 0.03792891278862953 8.272848129272461
0.045748092234134674 0.037358351051807404 8.389739990234375
0.045441851019859314 0.03635696694254875 9.084885597229004
0.04690651223063469 0.037820734083652496 9.085777282714844
0.04467236250638962 0.035530805587768555 9.141555786132812
0.04521678388118744 0.03662048280239105 8.596302032470703
0.04411516711115837 0.03540023788809776 8.714929580688477
0.04443056508898735 0.03661132603883743 7.819238662719727
0.04614576697349548 0.03811288997530937 8.032876968383789
0.04432462155818939 0.03589584678411484 8.428773880004883
0.044076107442379 0.0358392558991909 8.236852645874023
0.04365688934922218 0.035114314407110214 8.54257583618164
0.04619530960917473 0.03777496516704559 8.420345306396484
0.04572286456823349 0.03708386421203613 8.639001846313477
0.04647023230791092 0.037769950926303864 8.70028018951416
0.04581930488348007 0.03681981563568115 8.999486923217773
0.04570562019944191 0.03714032098650932 8.565298080444336
0.0441313274204731 0.03532356396317482 8.807762145996094
0.046669553965330124 0.0375903844833374 9.079168319702148
0.04585980251431465 0.037731245160102844 8.128557205200195
0.04540392383933067 0.03707253932952881 8.331384658813477
0.044038452208042145 0.035676538944244385 8.36191463470459
0.047318801283836365 0.03818131238222122 9.137486457824707
0.042446382343769073 0.03382458537817001 8.621797561645508
0.04202243685722351 0.03329525142908096 8.72718334197998
0.046180807054042816 0.03719009459018707 8.990711212158203
0.04629664495587349 0.03763779252767563 8.658851623535156
0.043654054403305054 0.03519829362630844 8.45576000213623
0.044957492500543594 0.03675694391131401 8.200549125671387
0.04349494352936745 0.03461701422929764 8.877927780151367
0.04251069575548172 0.033860743045806885 8.64995288848877
0.046180982142686844 0.03726242482662201 8.918557167053223
0.044019680470228195 0.034966617822647095 9.053062438964844
0.04203958064317703 0.03340252488851547 8.637054443359375
0.045970357954502106 0.037446528673172 8.52383041381836
0.04333529621362686 0.03485776484012604 8.477531433105469
0.04211540147662163 0.033282969146966934 8.83243179321289
0.045393966138362885 0.036535099148750305 8.858864784240723
0.04518788680434227 0.03656921535730362 8.618671417236328
0.043664999306201935 0.03499959781765938 8.665399551391602
0.043942831456661224 0.035080842673778534 8.86198616027832
0.04422228783369064 0.03535222262144089 8.870063781738281
0.044013310223817825 0.0356471873819828 8.366122245788574
0.04742337018251419 0.039031460881233215 8.391907691955566
0.04426330327987671 0.035779885947704315 8.483417510986328
0.0465468168258667 0.037761349231004715 8.785469055175781
0.04318751394748688 0.03450322896242142 8.684282302856445
0.04570471867918968 0.03706662729382515 8.638092041015625
0.04184557497501373 0.03286208584904671 8.983488082885742
0.046281687915325165 0.03762613236904144 8.655555725097656
0.045383308082818985 0.03683414310216904 8.549165725708008
0.04219513759016991 0.033529940992593765 8.66519546508789
0.04246651008725166 0.03438091278076172 8.085596084594727
0.04253840819001198 0.03394915163516998 8.58925724029541
0.04480057954788208 0.036655575037002563 8.145005226135254
0.04460947588086128 0.036089759320020676 8.519716262817383
0.04598082974553108 0.03724675253033638 8.734076499938965
0.04352816194295883 0.034639403223991394 8.888760566711426
0.04305555671453476 0.034176792949438095 8.878765106201172
0.04377726465463638 0.03540201112627983 8.375253677368164
0.046981774270534515 0.038513414561748505 8.46835708618164
0.044679753482341766 0.036334842443466187 8.344908714294434
0.04956963285803795 0.0406465008854866 8.923131942749023
0.043374672532081604 0.03488163277506828 8.493037223815918
0.044236522167921066 0.03540783375501633 8.828686714172363
0.04405580833554268 0.03510370850563049 8.952098846435547
0.04596829041838646 0.03679896518588066 9.169325828552246
0.04471936449408531 0.035870783030986786 8.84858226776123
0.04198220372200012 0.03337812423706055 8.604080200195312
0.04512149840593338 0.036524731665849686 8.596766471862793
0.04455560818314552 0.035682424902915955 8.873184204101562
0.044270843267440796 0.03584657609462738 8.42426872253418
0.042170118540525436 0.03406689316034317 8.10322380065918
0.04255376011133194 0.03388660028576851 8.667160034179688
0.0426454171538353 0.03359149396419525 9.053921699523926
0.04812949150800705 0.03911324590444565 9.016242980957031
0.04409743845462799 0.03559700399637222 8.500432014465332
0.044258005917072296 0.035504892468452454 8.753110885620117
0.04481539502739906 0.03584565967321396 8.969736099243164
0.044361043721437454 0.03508029133081436 9.28075122833252
0.04312172532081604 0.03483185917139053 8.28986644744873
0.045766010880470276 0.03679003566503525 8.975975036621094
0.040590185672044754 0.03206776827573776 8.522416114807129
0.04581727087497711 0.03706183284521103 8.755435943603516
0.0459783598780632 0.03727700561285019 8.70135498046875
0.0452393963932991 0.03644023835659027 8.799156188964844
0.0457853302359581 0.03715511038899422 8.630220413208008
0.043035563081502914 0.034353576600551605 8.681986808776855
0.04328230395913124 0.03460806608200073 8.674238204956055
0.043563470244407654 0.03471102565526962 8.852445602416992
0.043758831918239594 0.03475617617368698 9.002655029296875
0.043578244745731354 0.03470787778496742 8.870365142822266
0.04484986513853073 0.03597738593816757 8.872479438781738
0.042511824518442154 0.03370746225118637 8.804361343383789
0.045652780681848526 0.03687568008899689 8.777099609375
0.04101407900452614 0.031779803335666656 9.234273910522461
0.04232696816325188 0.03352859988808632 8.798368453979492
0.04203870892524719 0.03274775296449661 9.290955543518066
0.0430779866874218 0.03401526063680649 9.062725067138672
0.04307308793067932 0.03400855511426926 9.064533233642578
0.04326397925615311 0.03410390019416809 9.160078048706055
0.04286017268896103 0.03408437594771385 8.775796890258789
0.04203103110194206 0.03324154391884804 8.789487838745117
0.043183669447898865 0.034456752240657806 8.72691535949707
0.0463932529091835 0.037662290036678314 8.730962753295898
0.043516382575035095 0.0345151349902153 9.001245498657227
0.04347206652164459 0.0345870703458786 8.88499641418457
0.044756487011909485 0.03591180965304375 8.844676971435547
0.04496840760111809 0.03608506917953491 8.883338928222656
0.04446473717689514 0.0352555476129055 9.209188461303711
0.04390813410282135 0.034648310393095016 9.259824752807617
0.043584033846855164 0.03446636348962784 9.117670059204102
0.042597465217113495 0.033538393676280975 9.05907154083252
0.0444980189204216 0.035502009093761444 8.996009826660156
0.042556002736091614 0.03342972695827484 9.126276016235352
0.04496927559375763 0.03640624135732651 8.563032150268555
0.04272838309407234 0.0335417278110981 9.186655044555664
0.04273015633225441 0.03405746817588806 8.672687530517578
0.0428842194378376 0.034245602786540985 8.638616561889648
0.04355081915855408 0.03472612798213959 8.824690818786621
0.041765447705984116 0.033490464091300964 8.274982452392578
0.043586015701293945 0.0349501296877861 8.635883331298828
0.04445530101656914 0.03559459373354912 8.860706329345703
0.042680464684963226 0.03369533270597458 8.985129356384277
0.043583814054727554 0.03473939746618271 8.844415664672852
0.03920215740799904 0.03019477240741253 9.00738525390625
0.04229798913002014 0.03349188342690468 8.806106567382812
0.042937021702528 0.03397757187485695 8.95944881439209
0.04292142391204834 0.034107059240341187 8.814364433288574
0.043620672076940536 0.034216199070215225 9.404471397399902
0.04414089769124985 0.03535815328359604 8.782745361328125
0.042952269315719604 0.03427427262067795 8.677997589111328
0.04424199461936951 0.03519299626350403 9.04899787902832
0.04304971918463707 0.034478090703487396 8.57162857055664
0.04313841089606285 0.033805057406425476 9.333353042602539
0.045055732131004333 0.036602456122636795 8.453274726867676
0.046459365636110306 0.0373605415225029 9.098824501037598
0.04031529277563095 0.03139254450798035 8.922746658325195
0.04372730851173401 0.034695226699113846 9.032083511352539
0.04456603527069092 0.03573770821094513 8.828325271606445
0.043608516454696655 0.03465975448489189 8.948762893676758
0.04110997915267944 0.0325598269701004 8.550153732299805
0.043170444667339325 0.03426830470561981 8.902141571044922
0.04141987860202789 0.033085182309150696 8.334697723388672
0.043126750737428665 0.03437525033950806 8.751500129699707
0.04498914256691933 0.03664857894182205 8.34056282043457
0.04324588552117348 0.03497270494699478 8.27318000793457
0.041776373982429504 0.032803189009428024 8.973186492919922
0.044602591544389725 0.035641565918922424 8.961026191711426
0.04444975033402443 0.035300955176353455 9.148796081542969
0.043964631855487823 0.03460316359996796 9.361467361450195
0.040293097496032715 0.030932389199733734 9.360708236694336
0.041486963629722595 0.03269784152507782 8.789121627807617
0.042879924178123474 0.03421476110816002 8.6651611328125
0.0431952103972435 0.03488326072692871 8.311948776245117
0.045510709285736084 0.036371082067489624 9.139628410339355
0.04310145229101181 0.034323204308748245 8.77824592590332
0.043570421636104584 0.03447019308805466 9.100226402282715
0.045260120183229446 0.03605826571583748 9.201852798461914
0.04430363327264786 0.035605281591415405 8.698352813720703
0.041242003440856934 0.03186468034982681 9.377321243286133
0.04198495298624039 0.03304285928606987 8.94209098815918
0.044006455689668655 0.03491552919149399 9.090925216674805
0.04435676336288452 0.035558804869651794 8.797958374023438
0.04154485464096069 0.03269378840923309 8.851066589355469
0.0417831651866436 0.03290112316608429 8.88204288482666
0.04272419586777687 0.03413577377796173 8.588421821594238
0.04369623214006424 0.03473706543445587 8.959168434143066
0.040602486580610275 0.03165338933467865 8.949095726013184
0.04204172641038895 0.03310895711183548 8.932769775390625
0.04493692144751549 0.03625648468732834 8.680437088012695
0.04000704735517502 0.03110935166478157 8.897695541381836
0.04296397045254707 0.03447723761200905 8.486733436584473
0.04539285600185394 0.0371815524995327 8.211302757263184
0.04376239329576492 0.035493604838848114 8.268789291381836
0.04375956580042839 0.035395655781030655 8.363910675048828
0.041228827089071274 0.032643213868141174 8.585612297058105
0.04363694787025452 0.03473440930247307 8.902536392211914
0.04114796221256256 0.032265808433294296 8.882152557373047
0.04529823362827301 0.0364781878888607 8.820047378540039
0.04376351088285446 0.03455936536192894 9.204145431518555
0.043485045433044434 0.034636057913303375 8.84898567199707
0.042236242443323135 0.033183515071868896 9.052726745605469
0.04179791361093521 0.03296051546931267 8.837395668029785
0.044259391725063324 0.035438042134046555 8.821348190307617
0.04470854997634888 0.03513993322849274 9.56861686706543
0.04242657870054245 0.03365907073020935 8.767509460449219
0.04307042062282562 0.03385347127914429 9.216947555541992
0.04862914979457855 0.03903418034315109 9.594966888427734
0.042898502200841904 0.033696793019771576 9.201709747314453
0.043805696070194244 0.03473464399576187 9.071050643920898
0.04135054349899292 0.03244684636592865 8.903697967529297
0.045262422412633896 0.03614474833011627 9.117673873901367
0.041960522532463074 0.033166587352752686 8.793933868408203
0.04126711189746857 0.032261528074741364 9.005582809448242
0.04339700564742088 0.034433163702487946 8.963842391967773
0.045125409960746765 0.03599828854203224 9.127119064331055
0.044646043330430984 0.03538106381893158 9.264978408813477
0.0423484705388546 0.03316083922982216 9.187631607055664
0.04188024625182152 0.032804664224386215 9.075582504272461
0.042885519564151764 0.03386303782463074 9.022479057312012
0.043403033167123795 0.03407219052314758 9.330842971801758
0.04371049255132675 0.034533172845840454 9.177321434020996
0.040298473089933395 0.03141425922513008 8.884212493896484
0.04601026698946953 0.036385685205459595 9.624580383300781
0.04424690455198288 0.03454592451453209 9.700977325439453
0.04273220896720886 0.03363214433193207 9.100066184997559
0.041869163513183594 0.03294048458337784 8.92867660522461
0.04186093807220459 0.032800137996673584 9.06080150604248
0.044647667557001114 0.03586837276816368 8.77929401397705
0.04274030774831772 0.0336826890707016 9.057616233825684
0.04232717305421829 0.033270351588726044 9.056822776794434
0.04165702313184738 0.032431550323963165 9.225470542907715
0.041329123079776764 0.03194982931017876 9.379293441772461
0.04308924823999405 0.03407945856451988 9.009788513183594
0.044587019830942154 0.0351107120513916 9.476306915283203
0.04505791887640953 0.03587140887975693 9.186508178710938
0.042093146592378616 0.03289547935128212 9.19766616821289
0.04316093772649765 0.03397681191563606 9.184126853942871
0.04394996538758278 0.035091932862997055 8.8580322265625
0.04006769135594368 0.03125268220901489 8.815010070800781
0.043683603405952454 0.03477640822529793 8.907196044921875
0.04129829257726669 0.03238091245293617 8.917381286621094
0.04290826618671417 0.03427992761135101 8.628339767456055
0.042202576994895935 0.03314082324504852 9.06175422668457
0.043787166476249695 0.03493427857756615 8.852888107299805
0.043163497000932693 0.03420226275920868 8.961235046386719
0.04160694032907486 0.03289734572172165 8.7095947265625
0.04216167330741882 0.03356378898024559 8.597882270812988
0.04263356328010559 0.03380562365055084 8.827938079833984
0.04024951532483101 0.031078029423952103 9.171485900878906
0.0400971882045269 0.031300388276576996 8.79680061340332
0.04200490936636925 0.03277481719851494 9.230091094970703
0.04378299042582512 0.03476938605308533 9.013605117797852
0.04282047227025032 0.03388495743274689 8.935514450073242
0.04221007972955704 0.03277840465307236 9.431674003601074
0.041448578238487244 0.032483071088790894 8.965505599975586
0.04046930372714996 0.03138981759548187 9.079485893249512
0.041259802877902985 0.03237098082900047 8.88882064819336
0.0439588725566864 0.03489622473716736 9.06264877319336
0.04079074785113335 0.0322309248149395 8.559823989868164
0.04044351726770401 0.031965307891368866 8.478208541870117
0.043194811791181564 0.03413209319114685 9.06271743774414
0.04249297082424164 0.03381216526031494 8.680805206298828
0.04342282935976982 0.03461109846830368 8.811729431152344
0.04218478500843048 0.03334474563598633 8.84004020690918
0.042718783020973206 0.033640190958976746 9.078592300415039
0.043443307280540466 0.033918850123882294 9.524457931518555
0.04058569669723511 0.031382590532302856 9.203105926513672
0.04450974985957146 0.035570330917835236 8.939419746398926
0.041297778487205505 0.0322684720158577 9.029308319091797
0.04068273678421974 0.032186247408390045 8.496489524841309
0.04298752546310425 0.033475033938884735 9.512490272521973
0.043012507259845734 0.034497395157814026 8.515113830566406
0.042443662881851196 0.0328097864985466 9.63387680053711
0.04355165362358093 0.034472644329071045 9.079008102416992
0.04205921292304993 0.03316892310976982 8.890289306640625
0.04254984110593796 0.03366882726550102 8.881013870239258
0.04471837356686592 0.035605449229478836 9.112922668457031
0.04128866270184517 0.03231232613325119 8.976337432861328
0.04245997592806816 0.033401407301425934 9.05856704711914
0.04158399999141693 0.03247131407260895 9.11268424987793
0.04260720685124397 0.03356250375509262 9.044702529907227
0.04292317107319832 0.03383924812078476 9.083922386169434
0.04482053965330124 0.035794585943222046 9.025951385498047
0.042013198137283325 0.03268641605973244 9.326780319213867
0.04083525761961937 0.03151444345712662 9.32081413269043
0.04297039285302162 0.03404436260461807 8.926031112670898
0.04109076038002968 0.03226526826620102 8.825492858886719
0.04476606100797653 0.0357016995549202 9.064359664916992
0.041009366512298584 0.03224637731909752 8.762990951538086
0.04128820449113846 0.03250240534543991 8.785799980163574
0.04407970979809761 0.035223424434661865 8.85628604888916
0.04107291251420975 0.03236262500286102 8.710285186767578
0.04161253571510315 0.03251534700393677 9.097187042236328
0.045063748955726624 0.036313414573669434 8.750334739685059
0.04291202127933502 0.033686574548482895 9.225444793701172
0.04109626263380051 0.032070260494947433 9.026002883911133
0.04772929102182388 0.03848189488053322 9.247394561767578
0.03986648470163345 0.030608583241701126 9.25790023803711
0.044449225068092346 0.035154104232788086 9.29511833190918
0.043826378881931305 0.03530561923980713 8.520761489868164
0.04413902014493942 0.03500993549823761 9.129083633422852
0.0431959293782711 0.03434929996728897 8.846630096435547
0.043663933873176575 0.03450542688369751 9.158504486083984
0.04228747636079788 0.03265893831849098 9.628536224365234
0.042259469628334045 0.032787635922431946 9.471834182739258
0.0413137748837471 0.03209102153778076 9.22275161743164
0.04059997946023941 0.0310867577791214 9.513219833374023
0.040694065392017365 0.031280267983675 9.413798332214355
0.04128557816147804 0.032658204436302185 8.627372741699219
0.0436750128865242 0.03461136668920517 9.063645362854004
0.04149610921740532 0.032605934888124466 8.890174865722656
0.04515301436185837 0.035849377512931824 9.303634643554688
0.045153748244047165 0.036061614751815796 9.092132568359375
0.042425911873579025 0.03345317021012306 8.972740173339844
0.04163624718785286 0.032134514302015305 9.501733779907227
0.042985256761312485 0.033438149839639664 9.547107696533203
0.04253406077623367 0.03317680209875107 9.357259750366211
0.042567066848278046 0.03357988968491554 8.987178802490234
0.04247060418128967 0.03296660631895065 9.503999710083008
0.04226849228143692 0.03329010307788849 8.978389739990234
0.042823292315006256 0.03386746346950531 8.955826759338379
0.04278264567255974 0.034177787601947784 8.604857444763184
0.040791843086481094 0.0316116102039814 9.180232048034668
0.039828840643167496 0.030787568539381027 9.041271209716797
0.04440050199627876 0.03521620109677315 9.184301376342773
0.041309159249067307 0.03206537663936615 9.243782043457031
0.04327113926410675 0.033660419285297394 9.610718727111816
0.04077496752142906 0.030689455568790436 10.085512161254883
0.040585100650787354 0.03115127794444561 9.433823585510254
0.042597442865371704 0.03280451148748398 9.792928695678711
0.04212067276239395 0.03309137746691704 9.029295921325684
0.04519234597682953 0.03625643253326416 8.935914993286133
0.04197566956281662 0.032556191086769104 9.419479370117188
0.04263272136449814 0.03333989158272743 9.292828559875488
0.040898095816373825 0.03133896738290787 9.559127807617188
0.04484806954860687 0.03588201850652695 8.966050148010254
0.04285196214914322 0.03356759995222092 9.284363746643066
0.04065205156803131 0.03129269927740097 9.359354019165039
0.04306884855031967 0.03431570529937744 8.753144264221191
0.041836194694042206 0.03282983973622322 9.006355285644531
0.04061095789074898 0.03109794110059738 9.513017654418945
0.04387398436665535 0.034720391035079956 9.153594017028809
0.04398099705576897 0.03513767570257187 8.8433198928833
0.043277859687805176 0.03423772007226944 9.040140151977539
0.045891497284173965 0.03652964159846306 9.361855506896973
0.04162980988621712 0.03242585062980652 9.203959465026855
0.04155166447162628 0.032444849610328674 9.10681438446045
0.04332786053419113 0.03427968919277191 9.04817008972168
0.039290301501750946 0.030146082863211632 9.144217491149902
0.0400235578417778 0.030958427116274834 9.065132141113281
0.043119702488183975 0.03405328094959259 9.066421508789062
0.03895360976457596 0.029647815972566605 9.305791854858398
0.042693935334682465 0.033282339572906494 9.411595344543457
0.041665252298116684 0.032763127237558365 8.902124404907227
0.04148472100496292 0.03292982280254364 8.554899215698242
0.04312023147940636 0.033983275294303894 9.136955261230469
0.041566766798496246 0.03294995427131653 8.616813659667969
0.04249601066112518 0.033883899450302124 8.61211109161377
0.04374115169048309 0.03476717323064804 8.973979949951172
0.043167270720005035 0.03391005098819733 9.257221221923828
0.04139415919780731 0.03230617195367813 9.087987899780273
0.04050784558057785 0.031502097845077515 9.005746841430664
0.043015047907829285 0.03375957906246185 9.25546646118164
0.04097205400466919 0.03225913643836975 8.712919235229492
0.04019976034760475 0.030941898003220558 9.257861137390137
0.041396573185920715 0.0322750061750412 9.121564865112305
0.0406830720603466 0.03145666420459747 9.226408004760742
0.041972916573286057 0.03227657824754715 9.69633674621582
0.044440001249313354 0.035485971719026566 8.95402717590332
0.04020505025982857 0.03091137483716011 9.293676376342773
0.04174770787358284 0.032287996262311935 9.459710121154785
0.040902890264987946 0.031335264444351196 9.56762409210205
0.042070094496011734 0.032489076256752014 9.581018447875977
0.04069162532687187 0.031311750411987305 9.379875183105469
0.04208950698375702 0.03284419700503349 9.245307922363281
0.042867451906204224 0.033719245344400406 9.14820671081543
0.04270217567682266 0.033804189413785934 8.89798355102539
0.04619691148400307 0.03676997125148773 9.42694091796875
0.04359808564186096 0.03480512648820877 8.792957305908203
0.042241573333740234 0.033147282898426056 9.094287872314453
0.044511571526527405 0.03559926152229309 8.912309646606445
0.04193640127778053 0.03250099718570709 9.435403823852539
0.04082178696990013 0.03179331496357918 9.028470993041992
0.04264288768172264 0.033734798431396484 8.908088684082031
0.040864236652851105 0.03158082813024521 9.283409118652344
0.04227718710899353 0.032993536442518234 9.283650398254395
0.040882550179958344 0.03148219361901283 9.400358200073242
0.04268614202737808 0.033438123762607574 9.248016357421875
0.04102107137441635 0.0315275564789772 9.493515014648438
0.04152412712574005 0.03204982355237007 9.474302291870117
0.0388709232211113 0.0298547875136137 9.016134262084961
0.04020329564809799 0.030475623905658722 9.727672576904297
0.044062528759241104 0.03470930829644203 9.353219985961914
0.041930776089429855 0.032510414719581604 9.420360565185547
0.041072163730859756 0.031399451196193695 9.672713279724121
0.042651474475860596 0.033116474747657776 9.53499984741211
0.042950764298439026 0.03399433195590973 8.956432342529297
0.04254981130361557 0.0330987423658371 9.451070785522461
0.04004114121198654 0.030635513365268707 9.40562629699707
0.039776645600795746 0.030565373599529266 9.211271286010742
0.04273202270269394 0.0338633693754673 8.86865234375
0.04369250684976578 0.03387698903679848 9.815519332885742
0.03960023820400238 0.030407559126615524 9.19267749786377
0.04164249449968338 0.03212602809071541 9.516464233398438
0.04268255829811096 0.033644210547208786 9.038345336914062
0.04364298656582832 0.034083567559719086 9.559417724609375
0.03932992368936539 0.03010409139096737 9.225831031799316
0.04002317413687706 0.030578646808862686 9.444526672363281
0.042297106236219406 0.0328400582075119 9.457048416137695
0.041832372546195984 0.032433152198791504 9.399219512939453
0.040633685886859894 0.030996516346931458 9.637168884277344
0.04262667894363403 0.03333483636379242 9.29184341430664
0.04098329693078995 0.03083389811217785 10.149398803710938
0.04321843013167381 0.03313298523426056 10.085443496704102
0.039223942905664444 0.029708467423915863 9.515475273132324
0.04100091755390167 0.0313032791018486 9.697639465332031
0.04376203939318657 0.034120649099349976 9.641389846801758
0.041169099509716034 0.0318230465054512 9.346052169799805
0.04347249120473862 0.034521251916885376 8.951236724853516
0.042396049946546555 0.03280084580183029 9.59520435333252
0.04031342267990112 0.030979394912719727 9.334028244018555
0.03977223113179207 0.030447354540228844 9.32487678527832
0.041368234902620316 0.03187040239572525 9.497833251953125
0.0441252663731575 0.03440012037754059 9.725143432617188
0.04380464553833008 0.03423890471458435 9.565738677978516
0.04086628556251526 0.031214119866490364 9.652166366577148
0.03891553357243538 0.02964266762137413 9.272865295410156
0.041600603610277176 0.03172354772686958 9.877054214477539
0.04496575519442558 0.03557391092181206 9.39184284210205
0.04061918705701828 0.030795516446232796 9.823671340942383
0.040724582970142365 0.0313684418797493 9.356142044067383
